[30,40]   [10,10,5] (0)   1174.37
[30,40]   [10,10,5] (5)   73.1331
[30,40]   [10,10,5] (10)   69.7489
[30,40]   [10,10,5] (15)   79.8673
[30,40]   [10,10,5] (20)   90.2031
[30,40]   [10,10,5] (25)   100.368
[30,40]   [10,10,5] (30)   110.118
[30,40]   [10,10,10] (0)   1174.92
[30,40]   [10,10,10] (5)   1158.81
[30,40]   [10,10,10] (10)   1115.44
[30,40]   [10,10,10] (15)   1141.01
[30,40]   [10,10,10] (20)   1227.52
[30,40]   [10,10,10] (25)   1177.75
[30,40]   [10,10,10] (30)   1188.78
[30,40]   [10,10,15] (0)   1192.64
[30,40]   [10,10,15] (5)   114.101
[30,40]   [10,10,15] (10)   122.563
[30,40]   [10,10,15] (15)   119.545
[30,40]   [10,10,15] (20)   128.987
[30,40]   [10,10,15] (25)   150.331
[30,40]   [10,10,15] (30)   138.652
[30,40]   [10,10,20] (0)   1197.09
[30,40]   [10,10,20] (5)   1317.04
[30,40]   [10,10,20] (10)   1305.9
[30,40]   [10,10,20] (15)   1310.7
[30,40]   [10,10,20] (20)   1233.79
[30,40]   [10,10,20] (25)   1309.55
[30,40]   [10,10,20] (30)   1296.75
[30,40]   [10,20,5] (0)   9303.03
[30,40]   [10,20,5] (5)   9304.17
[30,40]   [10,20,5] (10)   9315.95
[30,40]   [10,20,5] (15)   9285.41
[30,40]   [10,20,5] (20)   9232.98
[30,40]   [10,20,5] (25)   7177.58
[30,40]   [10,20,5] (30)   6345.25
[30,40]   [10,20,10] (0)   9269.34
[30,40]   [10,20,10] (5)   9106.1
[30,40]   [10,20,10] (10)   9315.77
[30,40]   [10,20,10] (15)   9183.72
[30,40]   [10,20,10] (20)   9114.87
[30,40]   [10,20,10] (25)   9085.28
[30,40]   [10,20,10] (30)   9372.32
[30,40]   [10,20,15] (0)   9186.8
[30,40]   [10,20,15] (5)   9173.1
[30,40]   [10,20,15] (10)   9332.52
[30,40]   [10,20,15] (15)   9096.76
[30,40]   [10,20,15] (20)   9243.52
[30,40]   [10,20,15] (25)   7078.21
[30,40]   [10,20,15] (30)   5384.96
[30,40]   [10,20,20] (0)   9272.74
[30,40]   [10,20,20] (5)   9312.8
[30,40]   [10,20,20] (10)   9216.73
[30,40]   [10,20,20] (15)   9349.38
[30,40]   [10,20,20] (20)   9109.67
[30,40]   [10,20,20] (25)   9280.35
[30,40]   [10,20,20] (30)   9438.37
[30,40]   [10,30,5] (0)   18113.3
[30,40]   [10,30,5] (5)   18172.4
[30,40]   [10,30,5] (10)   18053.1
[30,40]   [10,30,5] (15)   18536.4
[30,40]   [10,30,5] (20)   18390.9
[30,40]   [10,30,5] (25)   18112.4
[30,40]   [10,30,5] (30)   17714.6
[30,40]   [10,30,10] (0)   18358.7
[30,40]   [10,30,10] (5)   18450.7
[30,40]   [10,30,10] (10)   18334.7
[30,40]   [10,30,10] (15)   18229.8
[30,40]   [10,30,10] (20)   18163.7
[30,40]   [10,30,10] (25)   18509.6
[30,40]   [10,30,10] (30)   18434.4
[30,40]   [10,30,15] (0)   18104.3
[30,40]   [10,30,15] (5)   18190.9
[30,40]   [10,30,15] (10)   18426.4
[30,40]   [10,30,15] (15)   18585.7
[30,40]   [10,30,15] (20)   18018.4
[30,40]   [10,30,15] (25)   16505.6
[30,40]   [10,30,15] (30)   13716.5
[30,40]   [10,30,20] (0)   18528.1
[30,40]   [10,30,20] (5)   18058.3
[30,40]   [10,30,20] (10)   18287.8
[30,40]   [10,30,20] (15)   18254.7
[30,40]   [10,30,20] (20)   18244.6
[30,40]   [10,30,20] (25)   18183.8
[30,40]   [10,30,20] (30)   18236.5
[30,40]   [10,40,5] (0)   25163
[30,40]   [10,40,5] (5)   25538.7
[30,40]   [10,40,5] (10)   25181.4
[30,40]   [10,40,5] (15)   25588.8
[30,40]   [10,40,5] (20)   25634.1
[30,40]   [10,40,5] (25)   25333.3
[30,40]   [10,40,5] (30)   25584.3
[30,40]   [10,40,10] (0)   25768.5
[30,40]   [10,40,10] (5)   25723
[30,40]   [10,40,10] (10)   25377.8
[30,40]   [10,40,10] (15)   25605.7
[30,40]   [10,40,10] (20)   25809.2
[30,40]   [10,40,10] (25)   25622.8
[30,40]   [10,40,10] (30)   25133.3
[30,40]   [10,40,15] (0)   25899.5
[30,40]   [10,40,15] (5)   25619.8
[30,40]   [10,40,15] (10)   25924.6
[30,40]   [10,40,15] (15)   25686.9
[30,40]   [10,40,15] (20)   25577
[30,40]   [10,40,15] (25)   25538.5
[30,40]   [10,40,15] (30)   25919.9
[30,40]   [10,40,20] (0)   25490.2
[30,40]   [10,40,20] (5)   25311.5
[30,40]   [10,40,20] (10)   25544.2
[30,40]   [10,40,20] (15)   25280.7
[30,40]   [10,40,20] (20)   25659.4
[30,40]   [10,40,20] (25)   25618.7
[30,40]   [10,40,20] (30)   25718
[30,40]   [10,50,5] (0)   31613.2
[30,40]   [10,50,5] (5)   31264.8
[30,40]   [10,50,5] (10)   31690.8
[30,40]   [10,50,5] (15)   31412.8
[30,40]   [10,50,5] (20)   31676.9
[30,40]   [10,50,5] (25)   31096.8
[30,40]   [10,50,5] (30)   31661.8
[30,40]   [10,50,10] (0)   31797.4
[30,40]   [10,50,10] (5)   31384.8
[30,40]   [10,50,10] (10)   31283.2
[30,40]   [10,50,10] (15)   31981.3
[30,40]   [10,50,10] (20)   31790.3
[30,40]   [10,50,10] (25)   31636.3
[30,40]   [10,50,10] (30)   31970
[30,40]   [10,50,15] (0)   31526.7
[30,40]   [10,50,15] (5)   31152.3
[30,40]   [10,50,15] (10)   31377.1
[30,40]   [10,50,15] (15)   31526.5
[30,40]   [10,50,15] (20)   31506.7
[30,40]   [10,50,15] (25)   31704.3
[30,40]   [10,50,15] (30)   31468.8
[30,40]   [10,50,20] (0)   31333.5
[30,40]   [10,50,20] (5)   31508.3
[30,40]   [10,50,20] (10)   31232.7
[30,40]   [10,50,20] (15)   31222.6
[30,40]   [10,50,20] (20)   31436
[30,40]   [10,50,20] (25)   30968.4
[30,40]   [10,50,20] (30)   31453.1
[30,40]   [10,60,5] (0)   42023.2
[30,40]   [10,60,5] (5)   42081.9
[30,40]   [10,60,5] (10)   41974.2
[30,40]   [10,60,5] (15)   42366.1
[30,40]   [10,60,5] (20)   42019.2
[30,40]   [10,60,5] (25)   41944.6
[30,40]   [10,60,5] (30)   42222.6
[30,40]   [10,60,10] (0)   42174.1
[30,40]   [10,60,10] (5)   41886.3
[30,40]   [10,60,10] (10)   42437.7
[30,40]   [10,60,10] (15)   41809.6
[30,40]   [10,60,10] (20)   41830.6
[30,40]   [10,60,10] (25)   41943.6
[30,40]   [10,60,10] (30)   41933.6
[30,40]   [10,60,15] (0)   41805.1
[30,40]   [10,60,15] (5)   42024.8
[30,40]   [10,60,15] (10)   41864.8
[30,40]   [10,60,15] (15)   41938.9
[30,40]   [10,60,15] (20)   41872.7
[30,40]   [10,60,15] (25)   42042.3
[30,40]   [10,60,15] (30)   42293.4
[30,40]   [10,60,20] (0)   42214.7
[30,40]   [10,60,20] (5)   42249.8
[30,40]   [10,60,20] (10)   41918.6
[30,40]   [10,60,20] (15)   42148.3
[30,40]   [10,60,20] (20)   42228.3
[30,40]   [10,60,20] (25)   41821.9
[30,40]   [10,60,20] (30)   42054
[30,40]   [20,10,5] (0)   9570.93
[30,40]   [20,10,5] (5)   1138.51
[30,40]   [20,10,5] (10)   71.5834
[30,40]   [20,10,5] (15)   73.2257
[30,40]   [20,10,5] (20)   82.7563
[30,40]   [20,10,5] (25)   92.9816
[30,40]   [20,10,5] (30)   103.039
[30,40]   [20,10,10] (0)   9913.08
[30,40]   [20,10,10] (5)   1980.72
[30,40]   [20,10,10] (10)   1380.3
[30,40]   [20,10,10] (15)   1431.67
[30,40]   [20,10,10] (20)   1371.61
[30,40]   [20,10,10] (25)   1391.65
[30,40]   [20,10,10] (30)   1374.88
[30,40]   [20,10,15] (0)   9236.56
[30,40]   [20,10,15] (5)   125.95
[30,40]   [20,10,15] (10)   99.7051
[30,40]   [20,10,15] (15)   102.256
[30,40]   [20,10,15] (20)   112.33
[30,40]   [20,10,15] (25)   121.124
[30,40]   [20,10,15] (30)   131.169
[30,40]   [20,10,20] (0)   9481.31
[30,40]   [20,10,20] (5)   1615.65
[30,40]   [20,10,20] (10)   1652.02
[30,40]   [20,10,20] (15)   1602.57
[30,40]   [20,10,20] (20)   1648.97
[30,40]   [20,10,20] (25)   1531.41
[30,40]   [20,10,20] (30)   1577.11
[30,40]   [20,20,5] (0)   1797.44
[30,40]   [20,20,5] (5)   1840.97
[30,40]   [20,20,5] (10)   289.981
[30,40]   [20,20,5] (15)   100.501
[30,40]   [20,20,5] (20)   106.429
[30,40]   [20,20,5] (25)   116.011
[30,40]   [20,20,5] (30)   123.153
[30,40]   [20,20,10] (0)   1851.81
[30,40]   [20,20,10] (5)   1820.97
[30,40]   [20,20,10] (10)   1856.12
[30,40]   [20,20,10] (15)   1766.58
[30,40]   [20,20,10] (20)   1830.66
[30,40]   [20,20,10] (25)   1736.92
[30,40]   [20,20,10] (30)   1702.4
[30,40]   [20,20,15] (0)   1906.49
[30,40]   [20,20,15] (5)   1881.21
[30,40]   [20,20,15] (10)   350.936
[30,40]   [20,20,15] (15)   196.79
[30,40]   [20,20,15] (20)   248.811
[30,40]   [20,20,15] (25)   203.575
[30,40]   [20,20,15] (30)   247.338
[30,40]   [20,20,20] (0)   1954.54
[30,40]   [20,20,20] (5)   1862.61
[30,40]   [20,20,20] (10)   1876.1
[30,40]   [20,20,20] (15)   1794.55
[30,40]   [20,20,20] (20)   1856.85
[30,40]   [20,20,20] (25)   1834.89
[30,40]   [20,20,20] (30)   1847.42
[30,40]   [20,30,5] (0)   7190.09
[30,40]   [20,30,5] (5)   7120.11
[30,40]   [20,30,5] (10)   7206.12
[30,40]   [20,30,5] (15)   6950.08
[30,40]   [20,30,5] (20)   7007.34
[30,40]   [20,30,5] (25)   7254.44
[30,40]   [20,30,5] (30)   5863.19
[30,40]   [20,30,10] (0)   7116.58
[30,40]   [20,30,10] (5)   7166.53
[30,40]   [20,30,10] (10)   7098.51
[30,40]   [20,30,10] (15)   7273.43
[30,40]   [20,30,10] (20)   7209.27
[30,40]   [20,30,10] (25)   7133.92
[30,40]   [20,30,10] (30)   7150.1
[30,40]   [20,30,15] (0)   7127.57
[30,40]   [20,30,15] (5)   7110.76
[30,40]   [20,30,15] (10)   7088.16
[30,40]   [20,30,15] (15)   7168.82
[30,40]   [20,30,15] (20)   7187.43
[30,40]   [20,30,15] (25)   7148.78
[30,40]   [20,30,15] (30)   3779.78
[30,40]   [20,30,20] (0)   7291.76
[30,40]   [20,30,20] (5)   7203.18
[30,40]   [20,30,20] (10)   7175.8
[30,40]   [20,30,20] (15)   7061.79
[30,40]   [20,30,20] (20)   7168.71
[30,40]   [20,30,20] (25)   6941.73
[30,40]   [20,30,20] (30)   7441.65
[30,40]   [20,40,5] (0)   14978.7
[30,40]   [20,40,5] (5)   14741.4
[30,40]   [20,40,5] (10)   14552.6
[30,40]   [20,40,5] (15)   14598
[30,40]   [20,40,5] (20)   14574.1
[30,40]   [20,40,5] (25)   14772.4
[30,40]   [20,40,5] (30)   14563.9
[30,40]   [20,40,10] (0)   14618
[30,40]   [20,40,10] (5)   14775.5
[30,40]   [20,40,10] (10)   14711.1
[30,40]   [20,40,10] (15)   14769.6
[30,40]   [20,40,10] (20)   14683.6
[30,40]   [20,40,10] (25)   14430
[30,40]   [20,40,10] (30)   14722.7
[30,40]   [20,40,15] (0)   14644.2
[30,40]   [20,40,15] (5)   14688.4
[30,40]   [20,40,15] (10)   14804.1
[30,40]   [20,40,15] (15)   14553.5
[30,40]   [20,40,15] (20)   14576.8
[30,40]   [20,40,15] (25)   14718.6
[30,40]   [20,40,15] (30)   14810
[30,40]   [20,40,20] (0)   14821
[30,40]   [20,40,20] (5)   15096
[30,40]   [20,40,20] (10)   15097.8
[30,40]   [20,40,20] (15)   15068
[30,40]   [20,40,20] (20)   14598.6
[30,40]   [20,40,20] (25)   14834.9
[30,40]   [20,40,20] (30)   14482.5
[30,40]   [20,50,5] (0)   24526.8
[30,40]   [20,50,5] (5)   24841.7
[30,40]   [20,50,5] (10)   24642.4
[30,40]   [20,50,5] (15)   24147.6
[30,40]   [20,50,5] (20)   24572.9
[30,40]   [20,50,5] (25)   24856.6
[30,40]   [20,50,5] (30)   25026.5
[30,40]   [20,50,10] (0)   24381.1
[30,40]   [20,50,10] (5)   24511.7
[30,40]   [20,50,10] (10)   24792.7
[30,40]   [20,50,10] (15)   24657.1
[30,40]   [20,50,10] (20)   24350.2
[30,40]   [20,50,10] (25)   24388.7
[30,40]   [20,50,10] (30)   24378.4
[30,40]   [20,50,15] (0)   24551
[30,40]   [20,50,15] (5)   24605.1
[30,40]   [20,50,15] (10)   24590.1
[30,40]   [20,50,15] (15)   24456.2
[30,40]   [20,50,15] (20)   24694.9
[30,40]   [20,50,15] (25)   24372.1
[30,40]   [20,50,15] (30)   24827.2
[30,40]   [20,50,20] (0)   24473
[30,40]   [20,50,20] (5)   24543.9
[30,40]   [20,50,20] (10)   24620.5
[30,40]   [20,50,20] (15)   24685.4
[30,40]   [20,50,20] (20)   24895.6
[30,40]   [20,50,20] (25)   25115.4
[30,40]   [20,50,20] (30)   24479.1
[30,40]   [20,60,5] (0)   26224.2
[30,40]   [20,60,5] (5)   26027
[30,40]   [20,60,5] (10)   26247
[30,40]   [20,60,5] (15)   26707.9
[30,40]   [20,60,5] (20)   26380.7
[30,40]   [20,60,5] (25)   26367.7
[30,40]   [20,60,5] (30)   26661
[30,40]   [20,60,10] (0)   26181.6
[30,40]   [20,60,10] (5)   26241.4
[30,40]   [20,60,10] (10)   26286.8
[30,40]   [20,60,10] (15)   26298.7
[30,40]   [20,60,10] (20)   26474.5
[30,40]   [20,60,10] (25)   26404.5
[30,40]   [20,60,10] (30)   26056.3
[30,40]   [20,60,15] (0)   26482.2
[30,40]   [20,60,15] (5)   26110.2
[30,40]   [20,60,15] (10)   26243.4
[30,40]   [20,60,15] (15)   26342.9
[30,40]   [20,60,15] (20)   26354.1
[30,40]   [20,60,15] (25)   25945.9
[30,40]   [20,60,15] (30)   25779.4
[30,40]   [20,60,20] (0)   26206.3
[30,40]   [20,60,20] (5)   26874.5
[30,40]   [20,60,20] (10)   26622.7
[30,40]   [20,60,20] (15)   25858.4
[30,40]   [20,60,20] (20)   26059.4
[30,40]   [20,60,20] (25)   26301.2
[30,40]   [20,60,20] (30)   26455.4
[30,40]   [30,10,5] (0)   17310.7
[30,40]   [30,10,5] (5)   7402.25
[30,40]   [30,10,5] (10)   83.0082
[30,40]   [30,10,5] (15)   77.6432
[30,40]   [30,10,5] (20)   80.7688
[30,40]   [30,10,5] (25)   88.204
[30,40]   [30,10,5] (30)   98.6216
[30,40]   [30,10,10] (0)   17417.9
[30,40]   [30,10,10] (5)   9733.94
[30,40]   [30,10,10] (10)   1622.51
[30,40]   [30,10,10] (15)   1481.17
[30,40]   [30,10,10] (20)   1498.18
[30,40]   [30,10,10] (25)   1522.22
[30,40]   [30,10,10] (30)   1517.14
[30,40]   [30,10,15] (0)   18275
[30,40]   [30,10,15] (5)   3702.55
[30,40]   [30,10,15] (10)   184.317
[30,40]   [30,10,15] (15)   118.714
[30,40]   [30,10,15] (20)   128.109
[30,40]   [30,10,15] (25)   119.056
[30,40]   [30,10,15] (30)   128.731
[30,40]   [30,10,20] (0)   17094.5
[30,40]   [30,10,20] (5)   3690.92
[30,40]   [30,10,20] (10)   1806.04
[30,40]   [30,10,20] (15)   1762.49
[30,40]   [30,10,20] (20)   1788.38
[30,40]   [30,10,20] (25)   1888.52
[30,40]   [30,10,20] (30)   1741.29
[30,40]   [30,20,5] (0)   7391.36
[30,40]   [30,20,5] (5)   7734.59
[30,40]   [30,20,5] (10)   3947.25
[30,40]   [30,20,5] (15)   103.03
[30,40]   [30,20,5] (20)   93.5787
[30,40]   [30,20,5] (25)   97.2592
[30,40]   [30,20,5] (30)   105.953
[30,40]   [30,20,10] (0)   7540.16
[30,40]   [30,20,10] (5)   7354.71
[30,40]   [30,20,10] (10)   4945.06
[30,40]   [30,20,10] (15)   1901.41
[30,40]   [30,20,10] (20)   1764.41
[30,40]   [30,20,10] (25)   1720.72
[30,40]   [30,20,10] (30)   1766.02
[30,40]   [30,20,15] (0)   7426.83
[30,40]   [30,20,15] (5)   7776.66
[30,40]   [30,20,15] (10)   2043.72
[30,40]   [30,20,15] (15)   269.228
[30,40]   [30,20,15] (20)   190.306
[30,40]   [30,20,15] (25)   165.672
[30,40]   [30,20,15] (30)   199.69
[30,40]   [30,20,20] (0)   7421.11
[30,40]   [30,20,20] (5)   7507.66
[30,40]   [30,20,20] (10)   3223.25
[30,40]   [30,20,20] (15)   2011.98
[30,40]   [30,20,20] (20)   1999.63
[30,40]   [30,20,20] (25)   1930.86
[30,40]   [30,20,20] (30)   2039.87
[30,40]   [30,30,5] (0)   2240.75
[30,40]   [30,30,5] (5)   2254.78
[30,40]   [30,30,5] (10)   2263.52
[30,40]   [30,30,5] (15)   1406.03
[30,40]   [30,30,5] (20)   220.913
[30,40]   [30,30,5] (25)   124.736
[30,40]   [30,30,5] (30)   138.845
[30,40]   [30,30,10] (0)   2279.53
[30,40]   [30,30,10] (5)   2228.78
[30,40]   [30,30,10] (10)   2279.59
[30,40]   [30,30,10] (15)   2305.26
[30,40]   [30,30,10] (20)   2100.59
[30,40]   [30,30,10] (25)   2008.38
[30,40]   [30,30,10] (30)   2109.05
[30,40]   [30,30,15] (0)   2242.19
[30,40]   [30,30,15] (5)   2210.22
[30,40]   [30,30,15] (10)   2294.15
[30,40]   [30,30,15] (15)   1619.5
[30,40]   [30,30,15] (20)   1131.51
[30,40]   [30,30,15] (25)   955.258
[30,40]   [30,30,15] (30)   945.715
[30,40]   [30,30,20] (0)   2356.48
[30,40]   [30,30,20] (5)   2256.97
[30,40]   [30,30,20] (10)   2282.65
[30,40]   [30,30,20] (15)   2271.41
[30,40]   [30,30,20] (20)   2289.44
[30,40]   [30,30,20] (25)   2325.88
[30,40]   [30,30,20] (30)   2199.23
[30,40]   [30,40,5] (0)   10898.9
[30,40]   [30,40,5] (5)   10985.6
[30,40]   [30,40,5] (10)   10973.5
[30,40]   [30,40,5] (15)   11053.2
[30,40]   [30,40,5] (20)   10893.6
[30,40]   [30,40,5] (25)   10948
[30,40]   [30,40,5] (30)   11093.7
[30,40]   [30,40,10] (0)   11186.4
[30,40]   [30,40,10] (5)   10860.3
[30,40]   [30,40,10] (10)   10752.3
[30,40]   [30,40,10] (15)   10891
[30,40]   [30,40,10] (20)   11007.2
[30,40]   [30,40,10] (25)   10956.2
[30,40]   [30,40,10] (30)   11152.8
[30,40]   [30,40,15] (0)   10868.5
[30,40]   [30,40,15] (5)   11093.5
[30,40]   [30,40,15] (10)   10634.5
[30,40]   [30,40,15] (15)   11049.6
[30,40]   [30,40,15] (20)   10881.7
[30,40]   [30,40,15] (25)   11176.5
[30,40]   [30,40,15] (30)   10961.3
[30,40]   [30,40,20] (0)   10476.8
[30,40]   [30,40,20] (5)   10863.6
[30,40]   [30,40,20] (10)   10799.6
[30,40]   [30,40,20] (15)   10940.9
[30,40]   [30,40,20] (20)   10920.7
[30,40]   [30,40,20] (25)   10818.3
[30,40]   [30,40,20] (30)   11134.8
[30,40]   [30,50,5] (0)   11839.8
[30,40]   [30,50,5] (5)   11725.2
[30,40]   [30,50,5] (10)   11773.3
[30,40]   [30,50,5] (15)   11878.8
[30,40]   [30,50,5] (20)   11984.1
[30,40]   [30,50,5] (25)   11835.5
[30,40]   [30,50,5] (30)   11843.4
[30,40]   [30,50,10] (0)   11901.2
[30,40]   [30,50,10] (5)   11948.9
[30,40]   [30,50,10] (10)   11668.8
[30,40]   [30,50,10] (15)   11734.6
[30,40]   [30,50,10] (20)   11848.4
[30,40]   [30,50,10] (25)   11770.2
[30,40]   [30,50,10] (30)   11645.4
[30,40]   [30,50,15] (0)   11964.3
[30,40]   [30,50,15] (5)   11694.3
[30,40]   [30,50,15] (10)   12014.8
[30,40]   [30,50,15] (15)   11855.6
[30,40]   [30,50,15] (20)   11996
[30,40]   [30,50,15] (25)   11608.6
[30,40]   [30,50,15] (30)   11771.7
[30,40]   [30,50,20] (0)   11914.2
[30,40]   [30,50,20] (5)   11900.2
[30,40]   [30,50,20] (10)   12034
[30,40]   [30,50,20] (15)   12020.5
[30,40]   [30,50,20] (20)   11860.4
[30,40]   [30,50,20] (25)   11810.5
[30,40]   [30,50,20] (30)   11827.4
[30,40]   [30,60,5] (0)   17631.8
[30,40]   [30,60,5] (5)   17574
[30,40]   [30,60,5] (10)   17404.6
[30,40]   [30,60,5] (15)   17397.9
[30,40]   [30,60,5] (20)   17368.6
[30,40]   [30,60,5] (25)   17283.1
[30,40]   [30,60,5] (30)   17355.9
[30,40]   [30,60,10] (0)   17351.8
[30,40]   [30,60,10] (5)   17441.1
[30,40]   [30,60,10] (10)   17574.3
[30,40]   [30,60,10] (15)   17463.2
[30,40]   [30,60,10] (20)   17378.3
[30,40]   [30,60,10] (25)   17576
[30,40]   [30,60,10] (30)   17351.5
[30,40]   [30,60,15] (0)   17363.1
[30,40]   [30,60,15] (5)   17472.8
[30,40]   [30,60,15] (10)   17867.9
[30,40]   [30,60,15] (15)   17345.4
[30,40]   [30,60,15] (20)   17559.8
[30,40]   [30,60,15] (25)   17284.6
[30,40]   [30,60,15] (30)   17576.7
[30,40]   [30,60,20] (0)   17224
[30,40]   [30,60,20] (5)   17516.7
[30,40]   [30,60,20] (10)   17478
[30,40]   [30,60,20] (15)   17307.6
[30,40]   [30,60,20] (20)   17769.4
[30,40]   [30,60,20] (25)   17565
[30,40]   [30,60,20] (30)   17370.8
[30,40]   [40,10,5] (0)   23614
[30,40]   [40,10,5] (5)   11730.9
[30,40]   [40,10,5] (10)   117.065
[30,40]   [40,10,5] (15)   82.9601
[30,40]   [40,10,5] (20)   84.3339
[30,40]   [40,10,5] (25)   88.5687
[30,40]   [40,10,5] (30)   95.0338
[30,40]   [40,10,10] (0)   22988.4
[30,40]   [40,10,10] (5)   14962.5
[30,40]   [40,10,10] (10)   4702.26
[30,40]   [40,10,10] (15)   1672.01
[30,40]   [40,10,10] (20)   1575
[30,40]   [40,10,10] (25)   1605.37
[30,40]   [40,10,10] (30)   1566.65
[30,40]   [40,10,15] (0)   22901.8
[30,40]   [40,10,15] (5)   9438.14
[30,40]   [40,10,15] (10)   1024.61
[30,40]   [40,10,15] (15)   156.371
[30,40]   [40,10,15] (20)   149.515
[30,40]   [40,10,15] (25)   135.3
[30,40]   [40,10,15] (30)   134.383
[30,40]   [40,10,20] (0)   22661.1
[30,40]   [40,10,20] (5)   10184.7
[30,40]   [40,10,20] (10)   1784.26
[30,40]   [40,10,20] (15)   2094.16
[30,40]   [40,10,20] (20)   1984.33
[30,40]   [40,10,20] (25)   1881.7
[30,40]   [40,10,20] (30)   1947.06
[30,40]   [40,20,5] (0)   13888
[30,40]   [40,20,5] (5)   14047.4
[30,40]   [40,20,5] (10)   9656.26
[30,40]   [40,20,5] (15)   139.877
[30,40]   [40,20,5] (20)   96.7715
[30,40]   [40,20,5] (25)   95.1583
[30,40]   [40,20,5] (30)   100.674
[30,40]   [40,20,10] (0)   13392.5
[30,40]   [40,20,10] (5)   14043.5
[30,40]   [40,20,10] (10)   10687.9
[30,40]   [40,20,10] (15)   2049.89
[30,40]   [40,20,10] (20)   1887.53
[30,40]   [40,20,10] (25)   1841.35
[30,40]   [40,20,10] (30)   1706.72
[30,40]   [40,20,15] (0)   13682.4
[30,40]   [40,20,15] (5)   14051.4
[30,40]   [40,20,15] (10)   8344.68
[30,40]   [40,20,15] (15)   574.133
[30,40]   [40,20,15] (20)   279.76
[30,40]   [40,20,15] (25)   195.592
[30,40]   [40,20,15] (30)   177.853
[30,40]   [40,20,20] (0)   14353.8
[30,40]   [40,20,20] (5)   14202.5
[30,40]   [40,20,20] (10)   9217.75
[30,40]   [40,20,20] (15)   2130.07
[30,40]   [40,20,20] (20)   2083.74
[30,40]   [40,20,20] (25)   2106.63
[30,40]   [40,20,20] (30)   2128.42
[30,40]   [40,30,5] (0)   6828.65
[30,40]   [40,30,5] (5)   6981.5
[30,40]   [40,30,5] (10)   7007.84
[30,40]   [40,30,5] (15)   4213.02
[30,40]   [40,30,5] (20)   231.57
[30,40]   [40,30,5] (25)   113.229
[30,40]   [40,30,5] (30)   111.159
[30,40]   [40,30,10] (0)   6996.74
[30,40]   [40,30,10] (5)   6907.88
[30,40]   [40,30,10] (10)   7210.17
[30,40]   [40,30,10] (15)   4958.04
[30,40]   [40,30,10] (20)   2202.01
[30,40]   [40,30,10] (25)   2048.91
[30,40]   [40,30,10] (30)   1966.08
[30,40]   [40,30,15] (0)   7102.61
[30,40]   [40,30,15] (5)   7138.83
[30,40]   [40,30,15] (10)   6950.03
[30,40]   [40,30,15] (15)   3460.52
[30,40]   [40,30,15] (20)   1064.66
[30,40]   [40,30,15] (25)   786.93
[30,40]   [40,30,15] (30)   649.345
[30,40]   [40,30,20] (0)   7172.17
[30,40]   [40,30,20] (5)   7269.47
[30,40]   [40,30,20] (10)   6943.73
[30,40]   [40,30,20] (15)   4190.26
[30,40]   [40,30,20] (20)   2197.6
[30,40]   [40,30,20] (25)   2204.32
[30,40]   [40,30,20] (30)   2278.08
[30,40]   [40,40,5] (0)   2506.2
[30,40]   [40,40,5] (5)   2636.68
[30,40]   [40,40,5] (10)   2640.09
[30,40]   [40,40,5] (15)   2587.18
[30,40]   [40,40,5] (20)   2198.11
[30,40]   [40,40,5] (25)   986.415
[30,40]   [40,40,5] (30)   195.836
[30,40]   [40,40,10] (0)   2573.77
[30,40]   [40,40,10] (5)   2559.78
[30,40]   [40,40,10] (10)   2556.09
[30,40]   [40,40,10] (15)   2649.64
[30,40]   [40,40,10] (20)   2402.93
[30,40]   [40,40,10] (25)   2336.94
[30,40]   [40,40,10] (30)   2259.86
[30,40]   [40,40,15] (0)   2553.46
[30,40]   [40,40,15] (5)   2596.89
[30,40]   [40,40,15] (10)   2462.25
[30,40]   [40,40,15] (15)   2331.26
[30,40]   [40,40,15] (20)   2163.93
[30,40]   [40,40,15] (25)   1734.2
[30,40]   [40,40,15] (30)   1461.29
[30,40]   [40,40,20] (0)   2581.28
[30,40]   [40,40,20] (5)   2557.91
[30,40]   [40,40,20] (10)   2578.86
[30,40]   [40,40,20] (15)   2604.95
[30,40]   [40,40,20] (20)   2546.75
[30,40]   [40,40,20] (25)   2616.36
[30,40]   [40,40,20] (30)   2507.52
[30,40]   [40,50,5] (0)   4114.83
[30,40]   [40,50,5] (5)   4176.97
[30,40]   [40,50,5] (10)   4124.16
[30,40]   [40,50,5] (15)   4132.62
[30,40]   [40,50,5] (20)   4158.19
[30,40]   [40,50,5] (25)   4213.37
[30,40]   [40,50,5] (30)   4343.15
[30,40]   [40,50,10] (0)   4160.77
[30,40]   [40,50,10] (5)   4230.69
[30,40]   [40,50,10] (10)   4155.23
[30,40]   [40,50,10] (15)   4253.53
[30,40]   [40,50,10] (20)   4232.2
[30,40]   [40,50,10] (25)   4187.97
[30,40]   [40,50,10] (30)   4095.22
[30,40]   [40,50,15] (0)   4267.38
[30,40]   [40,50,15] (5)   4312.6
[30,40]   [40,50,15] (10)   4454.21
[30,40]   [40,50,15] (15)   4235.78
[30,40]   [40,50,15] (20)   4388.31
[30,40]   [40,50,15] (25)   4234.31
[30,40]   [40,50,15] (30)   4312.16
[30,40]   [40,50,20] (0)   4099.97
[30,40]   [40,50,20] (5)   4183.51
[30,40]   [40,50,20] (10)   4095.59
[30,40]   [40,50,20] (15)   4193.48
[30,40]   [40,50,20] (20)   4254.19
[30,40]   [40,50,20] (25)   4123.34
[30,40]   [40,50,20] (30)   4192.1
[30,40]   [40,60,5] (0)   9816.05
[30,40]   [40,60,5] (5)   9679.62
[30,40]   [40,60,5] (10)   9792.58
[30,40]   [40,60,5] (15)   9909.18
[30,40]   [40,60,5] (20)   9913.33
[30,40]   [40,60,5] (25)   9863.88
[30,40]   [40,60,5] (30)   10038.8
[30,40]   [40,60,10] (0)   10158.1
[30,40]   [40,60,10] (5)   9931.1
[30,40]   [40,60,10] (10)   9923.36
[30,40]   [40,60,10] (15)   9873.55
[30,40]   [40,60,10] (20)   9916.64
[30,40]   [40,60,10] (25)   9913.89
[30,40]   [40,60,10] (30)   9993.24
[30,40]   [40,60,15] (0)   9842.31
[30,40]   [40,60,15] (5)   9922.95
[30,40]   [40,60,15] (10)   9808.17
[30,40]   [40,60,15] (15)   9731.56
[30,40]   [40,60,15] (20)   10080.3
[30,40]   [40,60,15] (25)   9824.93
[30,40]   [40,60,15] (30)   9931.99
[30,40]   [40,60,20] (0)   10050
[30,40]   [40,60,20] (5)   9982.26
[30,40]   [40,60,20] (10)   9848.06
[30,40]   [40,60,20] (15)   9672.68
[30,40]   [40,60,20] (20)   9913.69
[30,40]   [40,60,20] (25)   10065.7
[30,40]   [40,60,20] (30)   9997.09
[30,40]   [50,10,5] (0)   29282.4
[30,40]   [50,10,5] (5)   15506.6
[30,40]   [50,10,5] (10)   2547.28
[30,40]   [50,10,5] (15)   89.608
[30,40]   [50,10,5] (20)   88.7553
[30,40]   [50,10,5] (25)   91.8565
[30,40]   [50,10,5] (30)   96.6483
[30,40]   [50,10,10] (0)   28487
[30,40]   [50,10,10] (5)   19706.5
[30,40]   [50,10,10] (10)   9380.46
[30,40]   [50,10,10] (15)   1832.71
[30,40]   [50,10,10] (20)   1669.13
[30,40]   [50,10,10] (25)   1616.52
[30,40]   [50,10,10] (30)   1654.93
[30,40]   [50,10,15] (0)   26948
[30,40]   [50,10,15] (5)   14592.7
[30,40]   [50,10,15] (10)   4922.68
[30,40]   [50,10,15] (15)   355.055
[30,40]   [50,10,15] (20)   277.329
[30,40]   [50,10,15] (25)   159.385
[30,40]   [50,10,15] (30)   143.675
[30,40]   [50,10,20] (0)   28472.8
[30,40]   [50,10,20] (5)   15046.8
[30,40]   [50,10,20] (10)   4105.95
[30,40]   [50,10,20] (15)   2130.01
[30,40]   [50,10,20] (20)   2156.88
[30,40]   [50,10,20] (25)   2045.14
[30,40]   [50,10,20] (30)   2006.95
[30,40]   [50,20,5] (0)   22071.5
[30,40]   [50,20,5] (5)   22495
[30,40]   [50,20,5] (10)   14662.5
[30,40]   [50,20,5] (15)   2935.09
[30,40]   [50,20,5] (20)   102.585
[30,40]   [50,20,5] (25)   100.027
[30,40]   [50,20,5] (30)   102.133
[30,40]   [50,20,10] (0)   22894.5
[30,40]   [50,20,10] (5)   22513.7
[30,40]   [50,20,10] (10)   18276.6
[30,40]   [50,20,10] (15)   7036.18
[30,40]   [50,20,10] (20)   1861.01
[30,40]   [50,20,10] (25)   1860.81
[30,40]   [50,20,10] (30)   1798.29
[30,40]   [50,20,15] (0)   21709
[30,40]   [50,20,15] (5)   21801.2
[30,40]   [50,20,15] (10)   14064.4
[30,40]   [50,20,15] (15)   2395.24
[30,40]   [50,20,15] (20)   473.398
[30,40]   [50,20,15] (25)   273.547
[30,40]   [50,20,15] (30)   195.998
[30,40]   [50,20,20] (0)   22335.8
[30,40]   [50,20,20] (5)   23517.3
[30,40]   [50,20,20] (10)   18110
[30,40]   [50,20,20] (15)   2292.84
[30,40]   [50,20,20] (20)   2260.34
[30,40]   [50,20,20] (25)   2311.41
[30,40]   [50,20,20] (30)   2224.58
[30,40]   [50,30,5] (0)   12042.7
[30,40]   [50,30,5] (5)   11866.5
[30,40]   [50,30,5] (10)   11902.8
[30,40]   [50,30,5] (15)   9545.93
[30,40]   [50,30,5] (20)   889.54
[30,40]   [50,30,5] (25)   118.973
[30,40]   [50,30,5] (30)   111.287
[30,40]   [50,30,10] (0)   12176.6
[30,40]   [50,30,10] (5)   11685.4
[30,40]   [50,30,10] (10)   11651.4
[30,40]   [50,30,10] (15)   10831.5
[30,40]   [50,30,10] (20)   3442.39
[30,40]   [50,30,10] (25)   2088.95
[30,40]   [50,30,10] (30)   2003.84
[30,40]   [50,30,15] (0)   11976.1
[30,40]   [50,30,15] (5)   11476.5
[30,40]   [50,30,15] (10)   11877
[30,40]   [50,30,15] (15)   9038.04
[30,40]   [50,30,15] (20)   1426.33
[30,40]   [50,30,15] (25)   820.563
[30,40]   [50,30,15] (30)   435.137
[30,40]   [50,30,20] (0)   11919.7
[30,40]   [50,30,20] (5)   12138.9
[30,40]   [50,30,20] (10)   12149.7
[30,40]   [50,30,20] (15)   9868.54
[30,40]   [50,30,20] (20)   2362.05
[30,40]   [50,30,20] (25)   2473.74
[30,40]   [50,30,20] (30)   2491.42
[30,40]   [50,40,5] (0)   5137.5
[30,40]   [50,40,5] (5)   5227.93
[30,40]   [50,40,5] (10)   4985.21
[30,40]   [50,40,5] (15)   5092.13
[30,40]   [50,40,5] (20)   4267.93
[30,40]   [50,40,5] (25)   1138.04
[30,40]   [50,40,5] (30)   147.36
[30,40]   [50,40,10] (0)   5097.86
[30,40]   [50,40,10] (5)   5204.05
[30,40]   [50,40,10] (10)   4983.42
[30,40]   [50,40,10] (15)   5123.92
[30,40]   [50,40,10] (20)   4506.85
[30,40]   [50,40,10] (25)   2577.32
[30,40]   [50,40,10] (30)   2295.4
[30,40]   [50,40,15] (0)   5244.07
[30,40]   [50,40,15] (5)   5037.9
[30,40]   [50,40,15] (10)   5009.4
[30,40]   [50,40,15] (15)   5153.81
[30,40]   [50,40,15] (20)   3756.47
[30,40]   [50,40,15] (25)   1618.83
[30,40]   [50,40,15] (30)   1189.33
[30,40]   [50,40,20] (0)   5099.15
[30,40]   [50,40,20] (5)   5148.3
[30,40]   [50,40,20] (10)   5082.77
[30,40]   [50,40,20] (15)   5160.22
[30,40]   [50,40,20] (20)   4102.64
[30,40]   [50,40,20] (25)   2704.81
[30,40]   [50,40,20] (30)   2534.7
[30,40]   [50,50,5] (0)   2817.06
[30,40]   [50,50,5] (5)   2720.83
[30,40]   [50,50,5] (10)   2843.67
[30,40]   [50,50,5] (15)   2797.35
[30,40]   [50,50,5] (20)   2738.98
[30,40]   [50,50,5] (25)   2502.03
[30,40]   [50,50,5] (30)   1694.54
[30,40]   [50,50,10] (0)   2739.5
[30,40]   [50,50,10] (5)   2811.31
[30,40]   [50,50,10] (10)   2671.85
[30,40]   [50,50,10] (15)   2855.27
[30,40]   [50,50,10] (20)   2774.04
[30,40]   [50,50,10] (25)   2772.73
[30,40]   [50,50,10] (30)   2750.92
[30,40]   [50,50,15] (0)   2746.53
[30,40]   [50,50,15] (5)   2635.08
[30,40]   [50,50,15] (10)   2774.48
[30,40]   [50,50,15] (15)   2739.03
[30,40]   [50,50,15] (20)   2730.99
[30,40]   [50,50,15] (25)   2394.86
[30,40]   [50,50,15] (30)   2040.32
[30,40]   [50,50,20] (0)   2736.26
[30,40]   [50,50,20] (5)   2754.38
[30,40]   [50,50,20] (10)   2724.82
[30,40]   [50,50,20] (15)   2767.91
[30,40]   [50,50,20] (20)   2758.14
[30,40]   [50,50,20] (25)   2681.89
[30,40]   [50,50,20] (30)   2685.8
[30,40]   [50,60,5] (0)   3407.89
[30,40]   [50,60,5] (5)   3465.77
[30,40]   [50,60,5] (10)   3495.82
[30,40]   [50,60,5] (15)   3504.03
[30,40]   [50,60,5] (20)   3328.54
[30,40]   [50,60,5] (25)   3281.08
[30,40]   [50,60,5] (30)   3186.56
[30,40]   [50,60,10] (0)   3570.14
[30,40]   [50,60,10] (5)   3443.51
[30,40]   [50,60,10] (10)   3644.79
[30,40]   [50,60,10] (15)   3652.02
[30,40]   [50,60,10] (20)   3485.9
[30,40]   [50,60,10] (25)   3540.87
[30,40]   [50,60,10] (30)   3468.5
[30,40]   [50,60,15] (0)   3527.99
[30,40]   [50,60,15] (5)   3407.71
[30,40]   [50,60,15] (10)   3403.4
[30,40]   [50,60,15] (15)   3319.88
[30,40]   [50,60,15] (20)   3337.71
[30,40]   [50,60,15] (25)   3405.76
[30,40]   [50,60,15] (30)   3564.08
[30,40]   [50,60,20] (0)   3588.42
[30,40]   [50,60,20] (5)   3466.38
[30,40]   [50,60,20] (10)   3534.8
[30,40]   [50,60,20] (15)   3419.3
[30,40]   [50,60,20] (20)   3462.97
[30,40]   [50,60,20] (25)   3578.44
[30,40]   [50,60,20] (30)   3526.14
[30,40]   [60,10,5] (0)   36985.5
[30,40]   [60,10,5] (5)   20194.3
[30,40]   [60,10,5] (10)   5262
[30,40]   [60,10,5] (15)   104.107
[30,40]   [60,10,5] (20)   94.5948
[30,40]   [60,10,5] (25)   95.9917
[30,40]   [60,10,5] (30)   99.8788
[30,40]   [60,10,10] (0)   37281.4
[30,40]   [60,10,10] (5)   24402.5
[30,40]   [60,10,10] (10)   13769
[30,40]   [60,10,10] (15)   5602.25
[30,40]   [60,10,10] (20)   1811.49
[30,40]   [60,10,10] (25)   1707.8
[30,40]   [60,10,10] (30)   1657.98
[30,40]   [60,10,15] (0)   35624.4
[30,40]   [60,10,15] (5)   18905.4
[30,40]   [60,10,15] (10)   8715.48
[30,40]   [60,10,15] (15)   2182
[30,40]   [60,10,15] (20)   320.205
[30,40]   [60,10,15] (25)   229.051
[30,40]   [60,10,15] (30)   178.501
[30,40]   [60,10,20] (0)   36940.9
[30,40]   [60,10,20] (5)   21470.9
[30,40]   [60,10,20] (10)   8918.28
[30,40]   [60,10,20] (15)   6408.42
[30,40]   [60,10,20] (20)   2171.42
[30,40]   [60,10,20] (25)   2119.62
[30,40]   [60,10,20] (30)   2021.47
[30,40]   [60,20,5] (0)   23876.9
[30,40]   [60,20,5] (5)   24353.6
[30,40]   [60,20,5] (10)   18453
[30,40]   [60,20,5] (15)   5673.39
[30,40]   [60,20,5] (20)   118.445
[30,40]   [60,20,5] (25)   103.392
[30,40]   [60,20,5] (30)   105.169
[30,40]   [60,20,10] (0)   24872.5
[30,40]   [60,20,10] (5)   23896.1
[30,40]   [60,20,10] (10)   20439.4
[30,40]   [60,20,10] (15)   11143.8
[30,40]   [60,20,10] (20)   3759.86
[30,40]   [60,20,10] (25)   2026.32
[30,40]   [60,20,10] (30)   1931.12
[30,40]   [60,20,15] (0)   24094.8
[30,40]   [60,20,15] (5)   24153.5
[30,40]   [60,20,15] (10)   17907.1
[30,40]   [60,20,15] (15)   6342.38
[30,40]   [60,20,15] (20)   1349.33
[30,40]   [60,20,15] (25)   363.667
[30,40]   [60,20,15] (30)   265.954
[30,40]   [60,20,20] (0)   24015
[30,40]   [60,20,20] (5)   24146.2
[30,40]   [60,20,20] (10)   19103.8
[30,40]   [60,20,20] (15)   5429.34
[30,40]   [60,20,20] (20)   2780.95
[30,40]   [60,20,20] (25)   2283.66
[30,40]   [60,20,20] (30)   2287.56
[30,40]   [60,30,5] (0)   17440.6
[30,40]   [60,30,5] (5)   17011.5
[30,40]   [60,30,5] (10)   16278.7
[30,40]   [60,30,5] (15)   14080.8
[30,40]   [60,30,5] (20)   4501.79
[30,40]   [60,30,5] (25)   128.01
[30,40]   [60,30,5] (30)   115.151
[30,40]   [60,30,10] (0)   16115.3
[30,40]   [60,30,10] (5)   16869.8
[30,40]   [60,30,10] (10)   16734.4
[30,40]   [60,30,10] (15)   15809.2
[30,40]   [60,30,10] (20)   7898.15
[30,40]   [60,30,10] (25)   2189.66
[30,40]   [60,30,10] (30)   2079.26
[30,40]   [60,30,15] (0)   16510.8
[30,40]   [60,30,15] (5)   15963.9
[30,40]   [60,30,15] (10)   16152.3
[30,40]   [60,30,15] (15)   13943.1
[30,40]   [60,30,15] (20)   3988.14
[30,40]   [60,30,15] (25)   857.286
[30,40]   [60,30,15] (30)   568.67
[30,40]   [60,30,20] (0)   16642.8
[30,40]   [60,30,20] (5)   16259.6
[30,40]   [60,30,20] (10)   15898.4
[30,40]   [60,30,20] (15)   14601.1
[30,40]   [60,30,20] (20)   3056.85
[30,40]   [60,30,20] (25)   2524.09
[30,40]   [60,30,20] (30)   2459.19
[30,40]   [60,40,5] (0)   10392.9
[30,40]   [60,40,5] (5)   10432.3
[30,40]   [60,40,5] (10)   10122.7
[30,40]   [60,40,5] (15)   9893.73
[30,40]   [60,40,5] (20)   8974.88
[30,40]   [60,40,5] (25)   3076.47
[30,40]   [60,40,5] (30)   159.291
[30,40]   [60,40,10] (0)   10296.9
[30,40]   [60,40,10] (5)   9957.44
[30,40]   [60,40,10] (10)   10489.5
[30,40]   [60,40,10] (15)   10350.8
[30,40]   [60,40,10] (20)   9461.05
[30,40]   [60,40,10] (25)   4685.76
[30,40]   [60,40,10] (30)   2354.45
[30,40]   [60,40,15] (0)   9890.86
[30,40]   [60,40,15] (5)   9998.2
[30,40]   [60,40,15] (10)   10110.7
[30,40]   [60,40,15] (15)   10119.2
[30,40]   [60,40,15] (20)   8888
[30,40]   [60,40,15] (25)   1958.39
[30,40]   [60,40,15] (30)   1264.85
[30,40]   [60,40,20] (0)   9670.54
[30,40]   [60,40,20] (5)   9766.75
[30,40]   [60,40,20] (10)   10343.8
[30,40]   [60,40,20] (15)   10291.4
[30,40]   [60,40,20] (20)   9028.86
[30,40]   [60,40,20] (25)   2614.7
[30,40]   [60,40,20] (30)   2510.3
[30,40]   [60,50,5] (0)   4299.51
[30,40]   [60,50,5] (5)   4291.85
[30,40]   [60,50,5] (10)   4503.98
[30,40]   [60,50,5] (15)   4381.97
[30,40]   [60,50,5] (20)   4412.3
[30,40]   [60,50,5] (25)   3938.69
[30,40]   [60,50,5] (30)   1905.01
[30,40]   [60,50,10] (0)   4243.21
[30,40]   [60,50,10] (5)   4367.37
[30,40]   [60,50,10] (10)   4289.67
[30,40]   [60,50,10] (15)   4309.44
[30,40]   [60,50,10] (20)   4298.17
[30,40]   [60,50,10] (25)   4126.83
[30,40]   [60,50,10] (30)   2736.12
[30,40]   [60,50,15] (0)   4441.12
[30,40]   [60,50,15] (5)   4277.54
[30,40]   [60,50,15] (10)   4355.56
[30,40]   [60,50,15] (15)   4315.26
[30,40]   [60,50,15] (20)   4294.84
[30,40]   [60,50,15] (25)   3825.75
[30,40]   [60,50,15] (30)   2227.12
[30,40]   [60,50,20] (0)   4392.01
[30,40]   [60,50,20] (5)   4231.25
[30,40]   [60,50,20] (10)   4480.32
[30,40]   [60,50,20] (15)   4334.47
[30,40]   [60,50,20] (20)   4390.41
[30,40]   [60,50,20] (25)   3722.71
[30,40]   [60,50,20] (30)   2705.64
[30,40]   [60,60,5] (0)   2931.46
[30,40]   [60,60,5] (5)   2958.8
[30,40]   [60,60,5] (10)   2939.51
[30,40]   [60,60,5] (15)   2957.48
[30,40]   [60,60,5] (20)   2938.48
[30,40]   [60,60,5] (25)   2776.59
[30,40]   [60,60,5] (30)   2628.9
[30,40]   [60,60,10] (0)   2933.07
[30,40]   [60,60,10] (5)   2922.98
[30,40]   [60,60,10] (10)   2979.26
[30,40]   [60,60,10] (15)   2918.83
[30,40]   [60,60,10] (20)   2924.75
[30,40]   [60,60,10] (25)   2928.42
[30,40]   [60,60,10] (30)   2974.24
[30,40]   [60,60,15] (0)   2870.23
[30,40]   [60,60,15] (5)   2880.08
[30,40]   [60,60,15] (10)   2995.22
[30,40]   [60,60,15] (15)   2992.91
[30,40]   [60,60,15] (20)   2950.85
[30,40]   [60,60,15] (25)   2905.41
[30,40]   [60,60,15] (30)   2642.65
[30,40]   [60,60,20] (0)   2895.37
[30,40]   [60,60,20] (5)   2975.13
[30,40]   [60,60,20] (10)   3011.19
[30,40]   [60,60,20] (15)   3040.28
[30,40]   [60,60,20] (20)   2928.18
[30,40]   [60,60,20] (25)   3024.54
[30,40]   [60,60,20] (30)   2815.7
