[70,30]   [10,10,5] (0)   82.6776
[70,30]   [10,10,5] (5)   55.5384
[70,30]   [10,10,5] (10)   56.0611
[70,30]   [10,10,5] (15)   66.0995
[70,30]   [10,10,5] (20)   75.8794
[70,30]   [10,10,5] (25)   85.9068
[70,30]   [10,10,5] (30)   95.9588
[70,30]   [10,10,10] (0)   82.7931
[70,30]   [10,10,10] (5)   65.2614
[70,30]   [10,10,10] (10)   70.7344
[70,30]   [10,10,10] (15)   79.7215
[70,30]   [10,10,10] (20)   88.2505
[70,30]   [10,10,10] (25)   97.1357
[70,30]   [10,10,10] (30)   105.667
[70,30]   [10,10,15] (0)   79.3887
[70,30]   [10,10,15] (5)   68.2415
[70,30]   [10,10,15] (10)   75.1299
[70,30]   [10,10,15] (15)   84.2812
[70,30]   [10,10,15] (20)   93.0026
[70,30]   [10,10,15] (25)   101.967
[70,30]   [10,10,15] (30)   110.84
[70,30]   [10,10,20] (0)   82.4306
[70,30]   [10,10,20] (5)   77.7666
[70,30]   [10,10,20] (10)   85.4501
[70,30]   [10,10,20] (15)   93.8494
[70,30]   [10,10,20] (20)   102.487
[70,30]   [10,10,20] (25)   111.302
[70,30]   [10,10,20] (30)   119.635
[70,30]   [10,20,5] (0)   8129.6
[70,30]   [10,20,5] (5)   8025.96
[70,30]   [10,20,5] (10)   8161.62
[70,30]   [10,20,5] (15)   8053.33
[70,30]   [10,20,5] (20)   7591.26
[70,30]   [10,20,5] (25)   7458.93
[70,30]   [10,20,5] (30)   6900.32
[70,30]   [10,20,10] (0)   8141.62
[70,30]   [10,20,10] (5)   8098.02
[70,30]   [10,20,10] (10)   8053.17
[70,30]   [10,20,10] (15)   8096.43
[70,30]   [10,20,10] (20)   8274.63
[70,30]   [10,20,10] (25)   8205.47
[70,30]   [10,20,10] (30)   8093.37
[70,30]   [10,20,15] (0)   8203.44
[70,30]   [10,20,15] (5)   8167.36
[70,30]   [10,20,15] (10)   8132.89
[70,30]   [10,20,15] (15)   7983.48
[70,30]   [10,20,15] (20)   8043.19
[70,30]   [10,20,15] (25)   6779.15
[70,30]   [10,20,15] (30)   6619.59
[70,30]   [10,20,20] (0)   8140.53
[70,30]   [10,20,20] (5)   8179.34
[70,30]   [10,20,20] (10)   8100.36
[70,30]   [10,20,20] (15)   8112.87
[70,30]   [10,20,20] (20)   8037.48
[70,30]   [10,20,20] (25)   8006.47
[70,30]   [10,20,20] (30)   8048.11
[70,30]   [10,30,5] (0)   17198.5
[70,30]   [10,30,5] (5)   17367.1
[70,30]   [10,30,5] (10)   17352.8
[70,30]   [10,30,5] (15)   17498.6
[70,30]   [10,30,5] (20)   17283.9
[70,30]   [10,30,5] (25)   17440.9
[70,30]   [10,30,5] (30)   15983.9
[70,30]   [10,30,10] (0)   17369
[70,30]   [10,30,10] (5)   17345.5
[70,30]   [10,30,10] (10)   17361.2
[70,30]   [10,30,10] (15)   17328.7
[70,30]   [10,30,10] (20)   17353.2
[70,30]   [10,30,10] (25)   17269.7
[70,30]   [10,30,10] (30)   17457.7
[70,30]   [10,30,15] (0)   17526.5
[70,30]   [10,30,15] (5)   17334.7
[70,30]   [10,30,15] (10)   17412.5
[70,30]   [10,30,15] (15)   17344.4
[70,30]   [10,30,15] (20)   17303.8
[70,30]   [10,30,15] (25)   17391.3
[70,30]   [10,30,15] (30)   15727.3
[70,30]   [10,30,20] (0)   17226.1
[70,30]   [10,30,20] (5)   17389.8
[70,30]   [10,30,20] (10)   17289
[70,30]   [10,30,20] (15)   17310.7
[70,30]   [10,30,20] (20)   17460.6
[70,30]   [10,30,20] (25)   17485.9
[70,30]   [10,30,20] (30)   17337.7
[70,30]   [10,40,5] (0)   26668.7
[70,30]   [10,40,5] (5)   26724.5
[70,30]   [10,40,5] (10)   26595
[70,30]   [10,40,5] (15)   26659.1
[70,30]   [10,40,5] (20)   26635.3
[70,30]   [10,40,5] (25)   26667.4
[70,30]   [10,40,5] (30)   26605.1
[70,30]   [10,40,10] (0)   26493.3
[70,30]   [10,40,10] (5)   26637.8
[70,30]   [10,40,10] (10)   26438.7
[70,30]   [10,40,10] (15)   26445.1
[70,30]   [10,40,10] (20)   26698
[70,30]   [10,40,10] (25)   26657.5
[70,30]   [10,40,10] (30)   26668.2
[70,30]   [10,40,15] (0)   26593
[70,30]   [10,40,15] (5)   26620.7
[70,30]   [10,40,15] (10)   26728.4
[70,30]   [10,40,15] (15)   26798.2
[70,30]   [10,40,15] (20)   26720.3
[70,30]   [10,40,15] (25)   26617.3
[70,30]   [10,40,15] (30)   26725.1
[70,30]   [10,40,20] (0)   26631.4
[70,30]   [10,40,20] (5)   26698
[70,30]   [10,40,20] (10)   26664.7
[70,30]   [10,40,20] (15)   26579.4
[70,30]   [10,40,20] (20)   26602.2
[70,30]   [10,40,20] (25)   26695.5
[70,30]   [10,40,20] (30)   26554.4
[70,30]   [10,50,5] (0)   32616.5
[70,30]   [10,50,5] (5)   32633.7
[70,30]   [10,50,5] (10)   32634.6
[70,30]   [10,50,5] (15)   32627
[70,30]   [10,50,5] (20)   32588.4
[70,30]   [10,50,5] (25)   32586
[70,30]   [10,50,5] (30)   32579.8
[70,30]   [10,50,10] (0)   32601
[70,30]   [10,50,10] (5)   32611.2
[70,30]   [10,50,10] (10)   32598.3
[70,30]   [10,50,10] (15)   32570.1
[70,30]   [10,50,10] (20)   32555.7
[70,30]   [10,50,10] (25)   32531.5
[70,30]   [10,50,10] (30)   32533.5
[70,30]   [10,50,15] (0)   32585.2
[70,30]   [10,50,15] (5)   32569.8
[70,30]   [10,50,15] (10)   32449.9
[70,30]   [10,50,15] (15)   32625.4
[70,30]   [10,50,15] (20)   32587.9
[70,30]   [10,50,15] (25)   32467.7
[70,30]   [10,50,15] (30)   32595.4
[70,30]   [10,50,20] (0)   32538.1
[70,30]   [10,50,20] (5)   32586.9
[70,30]   [10,50,20] (10)   32597.4
[70,30]   [10,50,20] (15)   32614.4
[70,30]   [10,50,20] (20)   32555.9
[70,30]   [10,50,20] (25)   32641.3
[70,30]   [10,50,20] (30)   32577.2
[70,30]   [10,60,5] (0)   38510
[70,30]   [10,60,5] (5)   38555.8
[70,30]   [10,60,5] (10)   38507.2
[70,30]   [10,60,5] (15)   38570.4
[70,30]   [10,60,5] (20)   38399.1
[70,30]   [10,60,5] (25)   38509.2
[70,30]   [10,60,5] (30)   38506.3
[70,30]   [10,60,10] (0)   38480.6
[70,30]   [10,60,10] (5)   38643.7
[70,30]   [10,60,10] (10)   38516
[70,30]   [10,60,10] (15)   38453.6
[70,30]   [10,60,10] (20)   38484.4
[70,30]   [10,60,10] (25)   38517
[70,30]   [10,60,10] (30)   38362.4
[70,30]   [10,60,15] (0)   38523.8
[70,30]   [10,60,15] (5)   38506.7
[70,30]   [10,60,15] (10)   38521.7
[70,30]   [10,60,15] (15)   38543
[70,30]   [10,60,15] (20)   38532.5
[70,30]   [10,60,15] (25)   38496.6
[70,30]   [10,60,15] (30)   38467.3
[70,30]   [10,60,20] (0)   38518.7
[70,30]   [10,60,20] (5)   38516.7
[70,30]   [10,60,20] (10)   38555.8
[70,30]   [10,60,20] (15)   38506.8
[70,30]   [10,60,20] (20)   38518.4
[70,30]   [10,60,20] (25)   38545.4
[70,30]   [10,60,20] (30)   38533.3
[70,30]   [20,10,5] (0)   7620.49
[70,30]   [20,10,5] (5)   1544.43
[70,30]   [20,10,5] (10)   59.0889
[70,30]   [20,10,5] (15)   61.7299
[70,30]   [20,10,5] (20)   71.18
[70,30]   [20,10,5] (25)   80.8168
[70,30]   [20,10,5] (30)   90.7924
[70,30]   [20,10,10] (0)   7508.1
[70,30]   [20,10,10] (5)   1602.15
[70,30]   [20,10,10] (10)   75.9258
[70,30]   [20,10,10] (15)   79.6628
[70,30]   [20,10,10] (20)   87.846
[70,30]   [20,10,10] (25)   96.2375
[70,30]   [20,10,10] (30)   104.573
[70,30]   [20,10,15] (0)   7563.66
[70,30]   [20,10,15] (5)   96.6392
[70,30]   [20,10,15] (10)   80.7456
[70,30]   [20,10,15] (15)   87.4502
[70,30]   [20,10,15] (20)   95.3776
[70,30]   [20,10,15] (25)   103.704
[70,30]   [20,10,15] (30)   112.192
[70,30]   [20,10,20] (0)   7551.39
[70,30]   [20,10,20] (5)   127.761
[70,30]   [20,10,20] (10)   93.6413
[70,30]   [20,10,20] (15)   98.9109
[70,30]   [20,10,20] (20)   106.759
[70,30]   [20,10,20] (25)   114.993
[70,30]   [20,10,20] (30)   122.816
[70,30]   [20,20,5] (0)   114.902
[70,30]   [20,20,5] (5)   115.669
[70,30]   [20,20,5] (10)   102.612
[70,30]   [20,20,5] (15)   90.5019
[70,30]   [20,20,5] (20)   96.3721
[70,30]   [20,20,5] (25)   105.226
[70,30]   [20,20,5] (30)   114.003
[70,30]   [20,20,10] (0)   114.109
[70,30]   [20,20,10] (5)   113.967
[70,30]   [20,20,10] (10)   107.38
[70,30]   [20,20,10] (15)   104.586
[70,30]   [20,20,10] (20)   111.648
[70,30]   [20,20,10] (25)   119.165
[70,30]   [20,20,10] (30)   127.282
[70,30]   [20,20,15] (0)   114.995
[70,30]   [20,20,15] (5)   113.926
[70,30]   [20,20,15] (10)   104.551
[70,30]   [20,20,15] (15)   106.941
[70,30]   [20,20,15] (20)   114.087
[70,30]   [20,20,15] (25)   122.223
[70,30]   [20,20,15] (30)   129.892
[70,30]   [20,20,20] (0)   113.093
[70,30]   [20,20,20] (5)   113.863
[70,30]   [20,20,20] (10)   109.452
[70,30]   [20,20,20] (15)   115.24
[70,30]   [20,20,20] (20)   122.623
[70,30]   [20,20,20] (25)   130.849
[70,30]   [20,20,20] (30)   138.335
[70,30]   [20,30,5] (0)   8096.3
[70,30]   [20,30,5] (5)   7998.65
[70,30]   [20,30,5] (10)   7844.37
[70,30]   [20,30,5] (15)   8054.99
[70,30]   [20,30,5] (20)   7987.06
[70,30]   [20,30,5] (25)   7893.74
[70,30]   [20,30,5] (30)   6149.38
[70,30]   [20,30,10] (0)   7929.86
[70,30]   [20,30,10] (5)   7962.94
[70,30]   [20,30,10] (10)   7943.7
[70,30]   [20,30,10] (15)   7941.78
[70,30]   [20,30,10] (20)   7954.39
[70,30]   [20,30,10] (25)   8030.41
[70,30]   [20,30,10] (30)   6185.72
[70,30]   [20,30,15] (0)   8006.97
[70,30]   [20,30,15] (5)   8043.83
[70,30]   [20,30,15] (10)   7945.94
[70,30]   [20,30,15] (15)   8023.51
[70,30]   [20,30,15] (20)   7901.18
[70,30]   [20,30,15] (25)   8034.92
[70,30]   [20,30,15] (30)   6109.37
[70,30]   [20,30,20] (0)   8011.61
[70,30]   [20,30,20] (5)   8060
[70,30]   [20,30,20] (10)   8034.39
[70,30]   [20,30,20] (15)   8018.9
[70,30]   [20,30,20] (20)   8075.2
[70,30]   [20,30,20] (25)   8109.59
[70,30]   [20,30,20] (30)   7078.6
[70,30]   [20,40,5] (0)   14266.4
[70,30]   [20,40,5] (5)   14228.8
[70,30]   [20,40,5] (10)   14166.8
[70,30]   [20,40,5] (15)   14254.9
[70,30]   [20,40,5] (20)   14249.7
[70,30]   [20,40,5] (25)   14158.5
[70,30]   [20,40,5] (30)   14292.5
[70,30]   [20,40,10] (0)   14288
[70,30]   [20,40,10] (5)   14288
[70,30]   [20,40,10] (10)   14194.4
[70,30]   [20,40,10] (15)   14247.2
[70,30]   [20,40,10] (20)   14275.1
[70,30]   [20,40,10] (25)   14349
[70,30]   [20,40,10] (30)   14226.2
[70,30]   [20,40,15] (0)   14254.9
[70,30]   [20,40,15] (5)   14252.1
[70,30]   [20,40,15] (10)   14346.6
[70,30]   [20,40,15] (15)   14027
[70,30]   [20,40,15] (20)   14224.3
[70,30]   [20,40,15] (25)   14337.2
[70,30]   [20,40,15] (30)   14265
[70,30]   [20,40,20] (0)   14240.3
[70,30]   [20,40,20] (5)   14217.5
[70,30]   [20,40,20] (10)   14294
[70,30]   [20,40,20] (15)   14375.4
[70,30]   [20,40,20] (20)   13911.1
[70,30]   [20,40,20] (25)   14103.9
[70,30]   [20,40,20] (30)   14090.8
[70,30]   [20,50,5] (0)   21237
[70,30]   [20,50,5] (5)   21193.6
[70,30]   [20,50,5] (10)   21178.6
[70,30]   [20,50,5] (15)   21131.2
[70,30]   [20,50,5] (20)   21120
[70,30]   [20,50,5] (25)   20930.1
[70,30]   [20,50,5] (30)   21354.1
[70,30]   [20,50,10] (0)   21103.7
[70,30]   [20,50,10] (5)   21432.4
[70,30]   [20,50,10] (10)   21072
[70,30]   [20,50,10] (15)   21239.8
[70,30]   [20,50,10] (20)   21104.7
[70,30]   [20,50,10] (25)   20836.9
[70,30]   [20,50,10] (30)   21358.1
[70,30]   [20,50,15] (0)   21226.2
[70,30]   [20,50,15] (5)   21222.4
[70,30]   [20,50,15] (10)   21126.2
[70,30]   [20,50,15] (15)   21080.7
[70,30]   [20,50,15] (20)   21388.1
[70,30]   [20,50,15] (25)   21219.1
[70,30]   [20,50,15] (30)   21236.7
[70,30]   [20,50,20] (0)   21119.4
[70,30]   [20,50,20] (5)   21185.7
[70,30]   [20,50,20] (10)   21211.9
[70,30]   [20,50,20] (15)   21125.4
[70,30]   [20,50,20] (20)   21230.8
[70,30]   [20,50,20] (25)   21346.8
[70,30]   [20,50,20] (30)   21271
[70,30]   [20,60,5] (0)   27537.3
[70,30]   [20,60,5] (5)   27677.9
[70,30]   [20,60,5] (10)   27660.5
[70,30]   [20,60,5] (15)   27417.5
[70,30]   [20,60,5] (20)   27532.9
[70,30]   [20,60,5] (25)   27542.6
[70,30]   [20,60,5] (30)   27688.8
[70,30]   [20,60,10] (0)   27484.7
[70,30]   [20,60,10] (5)   27580.5
[70,30]   [20,60,10] (10)   27689.1
[70,30]   [20,60,10] (15)   27283.8
[70,30]   [20,60,10] (20)   27411.9
[70,30]   [20,60,10] (25)   27678.6
[70,30]   [20,60,10] (30)   27619.9
[70,30]   [20,60,15] (0)   27546.1
[70,30]   [20,60,15] (5)   27652.4
[70,30]   [20,60,15] (10)   27567.5
[70,30]   [20,60,15] (15)   27665.6
[70,30]   [20,60,15] (20)   27587.6
[70,30]   [20,60,15] (25)   27646.6
[70,30]   [20,60,15] (30)   27634.6
[70,30]   [20,60,20] (0)   27487.1
[70,30]   [20,60,20] (5)   27547.7
[70,30]   [20,60,20] (10)   27736.6
[70,30]   [20,60,20] (15)   27539.8
[70,30]   [20,60,20] (20)   27603.2
[70,30]   [20,60,20] (25)   27599.8
[70,30]   [20,60,20] (30)   27565.3
[70,30]   [30,10,5] (0)   14248.4
[70,30]   [30,10,5] (5)   7254.75
[70,30]   [30,10,5] (10)   72.4291
[70,30]   [30,10,5] (15)   67.2274
[70,30]   [30,10,5] (20)   70.8108
[70,30]   [30,10,5] (25)   78.47
[70,30]   [30,10,5] (30)   88.6402
[70,30]   [30,10,10] (0)   14164.1
[70,30]   [30,10,10] (5)   7413.74
[70,30]   [30,10,10] (10)   108.613
[70,30]   [30,10,10] (15)   85.5221
[70,30]   [30,10,10] (20)   87.9898
[70,30]   [30,10,10] (25)   95.2736
[70,30]   [30,10,10] (30)   103.277
[70,30]   [30,10,15] (0)   14051.5
[70,30]   [30,10,15] (5)   3632.89
[70,30]   [30,10,15] (10)   92.0376
[70,30]   [30,10,15] (15)   93.5165
[70,30]   [30,10,15] (20)   97.0342
[70,30]   [30,10,15] (25)   104.639
[70,30]   [30,10,15] (30)   112.75
[70,30]   [30,10,20] (0)   14009.2
[70,30]   [30,10,20] (5)   3205.71
[70,30]   [30,10,20] (10)   99.4917
[70,30]   [30,10,20] (15)   101.079
[70,30]   [30,10,20] (20)   109.71
[70,30]   [30,10,20] (25)   116.48
[70,30]   [30,10,20] (30)   124.648
[70,30]   [30,20,5] (0)   6395.98
[70,30]   [30,20,5] (5)   6371.3
[70,30]   [30,20,5] (10)   4339.94
[70,30]   [30,20,5] (15)   98.316
[70,30]   [30,20,5] (20)   85.3905
[70,30]   [30,20,5] (25)   88.4497
[70,30]   [30,20,5] (30)   97.3157
[70,30]   [30,20,10] (0)   6377.26
[70,30]   [30,20,10] (5)   6393.94
[70,30]   [30,20,10] (10)   4761.61
[70,30]   [30,20,10] (15)   110.265
[70,30]   [30,20,10] (20)   104.786
[70,30]   [30,20,10] (25)   110.132
[70,30]   [30,20,10] (30)   118.122
[70,30]   [30,20,15] (0)   6450.87
[70,30]   [30,20,15] (5)   6406.84
[70,30]   [30,20,15] (10)   3095.49
[70,30]   [30,20,15] (15)   109.841
[70,30]   [30,20,15] (20)   110.531
[70,30]   [30,20,15] (25)   116.801
[70,30]   [30,20,15] (30)   125.024
[70,30]   [30,20,20] (0)   6416.8
[70,30]   [30,20,20] (5)   6389.33
[70,30]   [30,20,20] (10)   3520.61
[70,30]   [30,20,20] (15)   121.193
[70,30]   [30,20,20] (20)   123.281
[70,30]   [30,20,20] (25)   130.247
[70,30]   [30,20,20] (30)   137.85
[70,30]   [30,30,5] (0)   157.185
[70,30]   [30,30,5] (5)   156.499
[70,30]   [30,30,5] (10)   158.721
[70,30]   [30,30,5] (15)   144.199
[70,30]   [30,30,5] (20)   117.925
[70,30]   [30,30,5] (25)   114.238
[70,30]   [30,30,5] (30)   122.754
[70,30]   [30,30,10] (0)   157.775
[70,30]   [30,30,10] (5)   156.959
[70,30]   [30,30,10] (10)   157.668
[70,30]   [30,30,10] (15)   145.005
[70,30]   [30,30,10] (20)   130.415
[70,30]   [30,30,10] (25)   134.252
[70,30]   [30,30,10] (30)   141.936
[70,30]   [30,30,15] (0)   157.138
[70,30]   [30,30,15] (5)   157.523
[70,30]   [30,30,15] (10)   156.442
[70,30]   [30,30,15] (15)   141.584
[70,30]   [30,30,15] (20)   131.223
[70,30]   [30,30,15] (25)   137.033
[70,30]   [30,30,15] (30)   144.66
[70,30]   [30,30,20] (0)   157.112
[70,30]   [30,30,20] (5)   157.221
[70,30]   [30,30,20] (10)   155.833
[70,30]   [30,30,20] (15)   147.991
[70,30]   [30,30,20] (20)   142.408
[70,30]   [30,30,20] (25)   148.464
[70,30]   [30,30,20] (30)   156.233
[70,30]   [30,40,5] (0)   3755.44
[70,30]   [30,40,5] (5)   3594.39
[70,30]   [30,40,5] (10)   3683.75
[70,30]   [30,40,5] (15)   3724.38
[70,30]   [30,40,5] (20)   3704.3
[70,30]   [30,40,5] (25)   3573.75
[70,30]   [30,40,5] (30)   3728.42
[70,30]   [30,40,10] (0)   3627.54
[70,30]   [30,40,10] (5)   3692.58
[70,30]   [30,40,10] (10)   3577.93
[70,30]   [30,40,10] (15)   3686.2
[70,30]   [30,40,10] (20)   3700.44
[70,30]   [30,40,10] (25)   3636.87
[70,30]   [30,40,10] (30)   3587.57
[70,30]   [30,40,15] (0)   3692.19
[70,30]   [30,40,15] (5)   3598.64
[70,30]   [30,40,15] (10)   3646.54
[70,30]   [30,40,15] (15)   3592.35
[70,30]   [30,40,15] (20)   3640.02
[70,30]   [30,40,15] (25)   3475.81
[70,30]   [30,40,15] (30)   3747.32
[70,30]   [30,40,20] (0)   3612.55
[70,30]   [30,40,20] (5)   3562.5
[70,30]   [30,40,20] (10)   3598.05
[70,30]   [30,40,20] (15)   3652.16
[70,30]   [30,40,20] (20)   3536.13
[70,30]   [30,40,20] (25)   3564.7
[70,30]   [30,40,20] (30)   3566.89
[70,30]   [30,50,5] (0)   10895.5
[70,30]   [30,50,5] (5)   10882.8
[70,30]   [30,50,5] (10)   11006.1
[70,30]   [30,50,5] (15)   11047.1
[70,30]   [30,50,5] (20)   10867.6
[70,30]   [30,50,5] (25)   10953.9
[70,30]   [30,50,5] (30)   10781.3
[70,30]   [30,50,10] (0)   10951.3
[70,30]   [30,50,10] (5)   10881
[70,30]   [30,50,10] (10)   11002.5
[70,30]   [30,50,10] (15)   10877
[70,30]   [30,50,10] (20)   10782.4
[70,30]   [30,50,10] (25)   10832.2
[70,30]   [30,50,10] (30)   10889.4
[70,30]   [30,50,15] (0)   10846.4
[70,30]   [30,50,15] (5)   10898.4
[70,30]   [30,50,15] (10)   10847.7
[70,30]   [30,50,15] (15)   10867.9
[70,30]   [30,50,15] (20)   10734.7
[70,30]   [30,50,15] (25)   10929.1
[70,30]   [30,50,15] (30)   10810.4
[70,30]   [30,50,20] (0)   11000.3
[70,30]   [30,50,20] (5)   10920.6
[70,30]   [30,50,20] (10)   10861.6
[70,30]   [30,50,20] (15)   10904
[70,30]   [30,50,20] (20)   11002.6
[70,30]   [30,50,20] (25)   10903.5
[70,30]   [30,50,20] (30)   10869
[70,30]   [30,60,5] (0)   17429.8
[70,30]   [30,60,5] (5)   17347.5
[70,30]   [30,60,5] (10)   17573.8
[70,30]   [30,60,5] (15)   17293.5
[70,30]   [30,60,5] (20)   17381
[70,30]   [30,60,5] (25)   17428
[70,30]   [30,60,5] (30)   17441.6
[70,30]   [30,60,10] (0)   17432.5
[70,30]   [30,60,10] (5)   17327.2
[70,30]   [30,60,10] (10)   17460.3
[70,30]   [30,60,10] (15)   17455.4
[70,30]   [30,60,10] (20)   17434.1
[70,30]   [30,60,10] (25)   17244.4
[70,30]   [30,60,10] (30)   17342.6
[70,30]   [30,60,15] (0)   17314.7
[70,30]   [30,60,15] (5)   17298.2
[70,30]   [30,60,15] (10)   17336.9
[70,30]   [30,60,15] (15)   17381.6
[70,30]   [30,60,15] (20)   17370.8
[70,30]   [30,60,15] (25)   17381.9
[70,30]   [30,60,15] (30)   17425.9
[70,30]   [30,60,20] (0)   17442.4
[70,30]   [30,60,20] (5)   17324.8
[70,30]   [30,60,20] (10)   17394
[70,30]   [30,60,20] (15)   17190.2
[70,30]   [30,60,20] (20)   17534.4
[70,30]   [30,60,20] (25)   17365.7
[70,30]   [30,60,20] (30)   17252.6
[70,30]   [40,10,5] (0)   20255.2
[70,30]   [40,10,5] (5)   11964.5
[70,30]   [40,10,5] (10)   122.626
[70,30]   [40,10,5] (15)   75.2007
[70,30]   [40,10,5] (20)   76.6482
[70,30]   [40,10,5] (25)   81.665
[70,30]   [40,10,5] (30)   88.6945
[70,30]   [40,10,10] (0)   20592.1
[70,30]   [40,10,10] (5)   12368.7
[70,30]   [40,10,10] (10)   3732.55
[70,30]   [40,10,10] (15)   99.6806
[70,30]   [40,10,10] (20)   94.5206
[70,30]   [40,10,10] (25)   96.8215
[70,30]   [40,10,10] (30)   101.8
[70,30]   [40,10,15] (0)   20245.1
[70,30]   [40,10,15] (5)   8648.7
[70,30]   [40,10,15] (10)   1316.61
[70,30]   [40,10,15] (15)   104.325
[70,30]   [40,10,15] (20)   103.076
[70,30]   [40,10,15] (25)   107.129
[70,30]   [40,10,15] (30)   113.218
[70,30]   [40,10,20] (0)   20582.9
[70,30]   [40,10,20] (5)   8351.76
[70,30]   [40,10,20] (10)   117.732
[70,30]   [40,10,20] (15)   116.875
[70,30]   [40,10,20] (20)   117.66
[70,30]   [40,10,20] (25)   121.489
[70,30]   [40,10,20] (30)   128.061
[70,30]   [40,20,5] (0)   11822.9
[70,30]   [40,20,5] (5)   11863.7
[70,30]   [40,20,5] (10)   9165.79
[70,30]   [40,20,5] (15)   202.898
[70,30]   [40,20,5] (20)   93.5958
[70,30]   [40,20,5] (25)   87.3488
[70,30]   [40,20,5] (30)   94.7
[70,30]   [40,20,10] (0)   11734.4
[70,30]   [40,20,10] (5)   11870.3
[70,30]   [40,20,10] (10)   9643.57
[70,30]   [40,20,10] (15)   1803.25
[70,30]   [40,20,10] (20)   114.689
[70,30]   [40,20,10] (25)   109.393
[70,30]   [40,20,10] (30)   112.16
[70,30]   [40,20,15] (0)   11815.1
[70,30]   [40,20,15] (5)   11825.7
[70,30]   [40,20,15] (10)   7828.22
[70,30]   [40,20,15] (15)   131.71
[70,30]   [40,20,15] (20)   117.303
[70,30]   [40,20,15] (25)   116.815
[70,30]   [40,20,15] (30)   121.924
[70,30]   [40,20,20] (0)   11760.6
[70,30]   [40,20,20] (5)   11928.2
[70,30]   [40,20,20] (10)   8431.73
[70,30]   [40,20,20] (15)   131.934
[70,30]   [40,20,20] (20)   125.981
[70,30]   [40,20,20] (25)   130.718
[70,30]   [40,20,20] (30)   137.198
[70,30]   [40,30,5] (0)   5253.78
[70,30]   [40,30,5] (5)   5192.51
[70,30]   [40,30,5] (10)   5144.08
[70,30]   [40,30,5] (15)   4013.13
[70,30]   [40,30,5] (20)   138.271
[70,30]   [40,30,5] (25)   109.563
[70,30]   [40,30,5] (30)   107.151
[70,30]   [40,30,10] (0)   5202.63
[70,30]   [40,30,10] (5)   5196.76
[70,30]   [40,30,10] (10)   5186.99
[70,30]   [40,30,10] (15)   4357.29
[70,30]   [40,30,10] (20)   149.666
[70,30]   [40,30,10] (25)   129.612
[70,30]   [40,30,10] (30)   130.085
[70,30]   [40,30,15] (0)   5158.09
[70,30]   [40,30,15] (5)   5176.55
[70,30]   [40,30,15] (10)   5199.99
[70,30]   [40,30,15] (15)   3176.09
[70,30]   [40,30,15] (20)   138.362
[70,30]   [40,30,15] (25)   133.066
[70,30]   [40,30,15] (30)   136.37
[70,30]   [40,30,20] (0)   5275.21
[70,30]   [40,30,20] (5)   5228.45
[70,30]   [40,30,20] (10)   5166.62
[70,30]   [40,30,20] (15)   3534.57
[70,30]   [40,30,20] (20)   148.804
[70,30]   [40,30,20] (25)   146.401
[70,30]   [40,30,20] (30)   151.14
[70,30]   [40,40,5] (0)   177.956
[70,30]   [40,40,5] (5)   176.917
[70,30]   [40,40,5] (10)   178.484
[70,30]   [40,40,5] (15)   182.94
[70,30]   [40,40,5] (20)   175.129
[70,30]   [40,40,5] (25)   148.928
[70,30]   [40,40,5] (30)   136.127
[70,30]   [40,40,10] (0)   177.203
[70,30]   [40,40,10] (5)   176.597
[70,30]   [40,40,10] (10)   179.296
[70,30]   [40,40,10] (15)   177.22
[70,30]   [40,40,10] (20)   173.373
[70,30]   [40,40,10] (25)   156.224
[70,30]   [40,40,10] (30)   153.844
[70,30]   [40,40,15] (0)   177.24
[70,30]   [40,40,15] (5)   178.736
[70,30]   [40,40,15] (10)   178.472
[70,30]   [40,40,15] (15)   177.073
[70,30]   [40,40,15] (20)   169.753
[70,30]   [40,40,15] (25)   155.088
[70,30]   [40,40,15] (30)   156.661
[70,30]   [40,40,20] (0)   176.791
[70,30]   [40,40,20] (5)   178.066
[70,30]   [40,40,20] (10)   177.413
[70,30]   [40,40,20] (15)   177.425
[70,30]   [40,40,20] (20)   172.112
[70,30]   [40,40,20] (25)   164.728
[70,30]   [40,40,20] (30)   168.242
[70,30]   [40,50,5] (0)   2177.66
[70,30]   [40,50,5] (5)   2226.7
[70,30]   [40,50,5] (10)   2138.15
[70,30]   [40,50,5] (15)   2234.95
[70,30]   [40,50,5] (20)   2230.97
[70,30]   [40,50,5] (25)   2370.26
[70,30]   [40,50,5] (30)   2252.19
[70,30]   [40,50,10] (0)   2290.8
[70,30]   [40,50,10] (5)   2167.89
[70,30]   [40,50,10] (10)   2337.6
[70,30]   [40,50,10] (15)   2108.71
[70,30]   [40,50,10] (20)   2302.14
[70,30]   [40,50,10] (25)   2261.38
[70,30]   [40,50,10] (30)   2170.3
[70,30]   [40,50,15] (0)   2165.89
[70,30]   [40,50,15] (5)   2185.56
[70,30]   [40,50,15] (10)   2242.52
[70,30]   [40,50,15] (15)   2243.68
[70,30]   [40,50,15] (20)   2203.12
[70,30]   [40,50,15] (25)   2249.37
[70,30]   [40,50,15] (30)   2265.91
[70,30]   [40,50,20] (0)   2284.35
[70,30]   [40,50,20] (5)   2168.71
[70,30]   [40,50,20] (10)   2222.31
[70,30]   [40,50,20] (15)   2288.61
[70,30]   [40,50,20] (20)   2292.02
[70,30]   [40,50,20] (25)   2175.4
[70,30]   [40,50,20] (30)   2221.63
[70,30]   [40,60,5] (0)   10582.3
[70,30]   [40,60,5] (5)   10660.9
[70,30]   [40,60,5] (10)   10666.8
[70,30]   [40,60,5] (15)   10715.9
[70,30]   [40,60,5] (20)   10728.7
[70,30]   [40,60,5] (25)   10620.6
[70,30]   [40,60,5] (30)   10605.6
[70,30]   [40,60,10] (0)   10606.4
[70,30]   [40,60,10] (5)   10688.8
[70,30]   [40,60,10] (10)   10777.9
[70,30]   [40,60,10] (15)   10610.8
[70,30]   [40,60,10] (20)   10802.3
[70,30]   [40,60,10] (25)   10562.5
[70,30]   [40,60,10] (30)   10585.4
[70,30]   [40,60,15] (0)   10680.9
[70,30]   [40,60,15] (5)   10810.3
[70,30]   [40,60,15] (10)   10769.5
[70,30]   [40,60,15] (15)   10786.4
[70,30]   [40,60,15] (20)   10789.3
[70,30]   [40,60,15] (25)   10758.5
[70,30]   [40,60,15] (30)   10541.2
[70,30]   [40,60,20] (0)   10778.7
[70,30]   [40,60,20] (5)   10607.8
[70,30]   [40,60,20] (10)   10745.4
[70,30]   [40,60,20] (15)   10646
[70,30]   [40,60,20] (20)   10597.6
[70,30]   [40,60,20] (25)   10768.4
[70,30]   [40,60,20] (30)   10649.7
[70,30]   [50,10,5] (0)   25265.3
[70,30]   [50,10,5] (5)   15849.3
[70,30]   [50,10,5] (10)   2919.67
[70,30]   [50,10,5] (15)   85.9189
[70,30]   [50,10,5] (20)   82.94
[70,30]   [50,10,5] (25)   87.1246
[70,30]   [50,10,5] (30)   91.6202
[70,30]   [50,10,10] (0)   24576.1
[70,30]   [50,10,10] (5)   17262.5
[70,30]   [50,10,10] (10)   8009.86
[70,30]   [50,10,10] (15)   1752.8
[70,30]   [50,10,10] (20)   105.954
[70,30]   [50,10,10] (25)   103.921
[70,30]   [50,10,10] (30)   106.159
[70,30]   [50,10,15] (0)   24838
[70,30]   [50,10,15] (5)   13561.8
[70,30]   [50,10,15] (10)   5685.37
[70,30]   [50,10,15] (15)   146.259
[70,30]   [50,10,15] (20)   112.411
[70,30]   [50,10,15] (25)   114.064
[70,30]   [50,10,15] (30)   114.797
[70,30]   [50,10,20] (0)   24359.7
[70,30]   [50,10,20] (5)   14271.7
[70,30]   [50,10,20] (10)   3944.08
[70,30]   [50,10,20] (15)   2150.12
[70,30]   [50,10,20] (20)   126.559
[70,30]   [50,10,20] (25)   131.675
[70,30]   [50,10,20] (30)   131.28
[70,30]   [50,20,5] (0)   17011
[70,30]   [50,20,5] (5)   17104.8
[70,30]   [50,20,5] (10)   14100.6
[70,30]   [50,20,5] (15)   3597.99
[70,30]   [50,20,5] (20)   105.103
[70,30]   [50,20,5] (25)   95.1502
[70,30]   [50,20,5] (30)   97.5686
[70,30]   [50,20,10] (0)   16990.1
[70,30]   [50,20,10] (5)   17055.6
[70,30]   [50,20,10] (10)   14917.3
[70,30]   [50,20,10] (15)   6257.92
[70,30]   [50,20,10] (20)   464.619
[70,30]   [50,20,10] (25)   115.973
[70,30]   [50,20,10] (30)   113.736
[70,30]   [50,20,15] (0)   16951.8
[70,30]   [50,20,15] (5)   16982.1
[70,30]   [50,20,15] (10)   13050.8
[70,30]   [50,20,15] (15)   2896.91
[70,30]   [50,20,15] (20)   139.591
[70,30]   [50,20,15] (25)   126.145
[70,30]   [50,20,15] (30)   122.938
[70,30]   [50,20,20] (0)   17045.5
[70,30]   [50,20,20] (5)   17182.6
[70,30]   [50,20,20] (10)   13709.3
[70,30]   [50,20,20] (15)   1279.99
[70,30]   [50,20,20] (20)   144.935
[70,30]   [50,20,20] (25)   139.19
[70,30]   [50,20,20] (30)   137.557
[70,30]   [50,30,5] (0)   10669.3
[70,30]   [50,30,5] (5)   10716.3
[70,30]   [50,30,5] (10)   10590.6
[70,30]   [50,30,5] (15)   8995.15
[70,30]   [50,30,5] (20)   1679.2
[70,30]   [50,30,5] (25)   116.946
[70,30]   [50,30,5] (30)   108.213
[70,30]   [50,30,10] (0)   10625.4
[70,30]   [50,30,10] (5)   10741
[70,30]   [50,30,10] (10)   10715.8
[70,30]   [50,30,10] (15)   9613.07
[70,30]   [50,30,10] (20)   3213.12
[70,30]   [50,30,10] (25)   143.627
[70,30]   [50,30,10] (30)   129.514
[70,30]   [50,30,15] (0)   10748.5
[70,30]   [50,30,15] (5)   10711.2
[70,30]   [50,30,15] (10)   10707.7
[70,30]   [50,30,15] (15)   8479.48
[70,30]   [50,30,15] (20)   431.179
[70,30]   [50,30,15] (25)   141.846
[70,30]   [50,30,15] (30)   135.344
[70,30]   [50,30,20] (0)   10729.9
[70,30]   [50,30,20] (5)   10715.1
[70,30]   [50,30,20] (10)   10717.2
[70,30]   [50,30,20] (15)   8920.44
[70,30]   [50,30,20] (20)   196.493
[70,30]   [50,30,20] (25)   150.747
[70,30]   [50,30,20] (30)   151.308
[70,30]   [50,40,5] (0)   4850.91
[70,30]   [50,40,5] (5)   4806.19
[70,30]   [50,40,5] (10)   4837.72
[70,30]   [50,40,5] (15)   4855.88
[70,30]   [50,40,5] (20)   4328.65
[70,30]   [50,40,5] (25)   284.143
[70,30]   [50,40,5] (30)   137.889
[70,30]   [50,40,10] (0)   4897.59
[70,30]   [50,40,10] (5)   4853.78
[70,30]   [50,40,10] (10)   4841.9
[70,30]   [50,40,10] (15)   4890.7
[70,30]   [50,40,10] (20)   4407.6
[70,30]   [50,40,10] (25)   699.147
[70,30]   [50,40,10] (30)   153.087
[70,30]   [50,40,15] (0)   4815.01
[70,30]   [50,40,15] (5)   4820.81
[70,30]   [50,40,15] (10)   4845.23
[70,30]   [50,40,15] (15)   4851.03
[70,30]   [50,40,15] (20)   4069.05
[70,30]   [50,40,15] (25)   177.27
[70,30]   [50,40,15] (30)   154.995
[70,30]   [50,40,20] (0)   4849.63
[70,30]   [50,40,20] (5)   4820.59
[70,30]   [50,40,20] (10)   4863.5
[70,30]   [50,40,20] (15)   4857.94
[70,30]   [50,40,20] (20)   4099.78
[70,30]   [50,40,20] (25)   184.234
[70,30]   [50,40,20] (30)   164.391
[70,30]   [50,50,5] (0)   992.24
[70,30]   [50,50,5] (5)   1015.31
[70,30]   [50,50,5] (10)   986.608
[70,30]   [50,50,5] (15)   981.254
[70,30]   [50,50,5] (20)   1035.09
[70,30]   [50,50,5] (25)   321.559
[70,30]   [50,50,5] (30)   170.004
[70,30]   [50,50,10] (0)   993.094
[70,30]   [50,50,10] (5)   1077.69
[70,30]   [50,50,10] (10)   1040.96
[70,30]   [50,50,10] (15)   1001.11
[70,30]   [50,50,10] (20)   955.332
[70,30]   [50,50,10] (25)   257.67
[70,30]   [50,50,10] (30)   174.768
[70,30]   [50,50,15] (0)   1030.45
[70,30]   [50,50,15] (5)   986.316
[70,30]   [50,50,15] (10)   1051.62
[70,30]   [50,50,15] (15)   1010.28
[70,30]   [50,50,15] (20)   972.227
[70,30]   [50,50,15] (25)   329.271
[70,30]   [50,50,15] (30)   172.362
[70,30]   [50,50,20] (0)   983.267
[70,30]   [50,50,20] (5)   934.506
[70,30]   [50,50,20] (10)   1052.21
[70,30]   [50,50,20] (15)   1028.74
[70,30]   [50,50,20] (20)   922.911
[70,30]   [50,50,20] (25)   337.199
[70,30]   [50,50,20] (30)   177.304
[70,30]   [50,60,5] (0)   972.575
[70,30]   [50,60,5] (5)   995.582
[70,30]   [50,60,5] (10)   987.17
[70,30]   [50,60,5] (15)   896.05
[70,30]   [50,60,5] (20)   1040.59
[70,30]   [50,60,5] (25)   969.038
[70,30]   [50,60,5] (30)   968.034
[70,30]   [50,60,10] (0)   1010.71
[70,30]   [50,60,10] (5)   943.483
[70,30]   [50,60,10] (10)   962.352
[70,30]   [50,60,10] (15)   957.068
[70,30]   [50,60,10] (20)   944.369
[70,30]   [50,60,10] (25)   1109.31
[70,30]   [50,60,10] (30)   1014.91
[70,30]   [50,60,15] (0)   1059.93
[70,30]   [50,60,15] (5)   956.289
[70,30]   [50,60,15] (10)   977.817
[70,30]   [50,60,15] (15)   888.355
[70,30]   [50,60,15] (20)   879.292
[70,30]   [50,60,15] (25)   1011.39
[70,30]   [50,60,15] (30)   1012.11
[70,30]   [50,60,20] (0)   840.045
[70,30]   [50,60,20] (5)   911.096
[70,30]   [50,60,20] (10)   1035.57
[70,30]   [50,60,20] (15)   1027.55
[70,30]   [50,60,20] (20)   929.924
[70,30]   [50,60,20] (25)   941.705
[70,30]   [50,60,20] (30)   944.377
[70,30]   [60,10,5] (0)   28551.2
[70,30]   [60,10,5] (5)   20329.5
[70,30]   [60,10,5] (10)   5699.87
[70,30]   [60,10,5] (15)   96.5502
[70,30]   [60,10,5] (20)   88.7584
[70,30]   [60,10,5] (25)   91.8452
[70,30]   [60,10,5] (30)   96.2584
[70,30]   [60,10,10] (0)   28702.3
[70,30]   [60,10,10] (5)   21620.5
[70,30]   [60,10,10] (10)   11614.2
[70,30]   [60,10,10] (15)   4936.52
[70,30]   [60,10,10] (20)   419.932
[70,30]   [60,10,10] (25)   112.473
[70,30]   [60,10,10] (30)   112.237
[70,30]   [60,10,15] (0)   28934.7
[70,30]   [60,10,15] (5)   17631
[70,30]   [60,10,15] (10)   9314.72
[70,30]   [60,10,15] (15)   2531.03
[70,30]   [60,10,15] (20)   132.421
[70,30]   [60,10,15] (25)   119.632
[70,30]   [60,10,15] (30)   120.935
[70,30]   [60,10,20] (0)   28899.2
[70,30]   [60,10,20] (5)   17451.1
[70,30]   [60,10,20] (10)   7693.16
[70,30]   [60,10,20] (15)   5829.75
[70,30]   [60,10,20] (20)   147.999
[70,30]   [60,10,20] (25)   134.265
[70,30]   [60,10,20] (30)   136.177
[70,30]   [60,20,5] (0)   21267.3
[70,30]   [60,20,5] (5)   21317.8
[70,30]   [60,20,5] (10)   17913.5
[70,30]   [60,20,5] (15)   6358.82
[70,30]   [60,20,5] (20)   141.481
[70,30]   [60,20,5] (25)   102.213
[70,30]   [60,20,5] (30)   102.845
[70,30]   [60,20,10] (0)   21288.1
[70,30]   [60,20,10] (5)   21391.5
[70,30]   [60,20,10] (10)   19232.6
[70,30]   [60,20,10] (15)   10075.1
[70,30]   [60,20,10] (20)   3491.08
[70,30]   [60,20,10] (25)   153.475
[70,30]   [60,20,10] (30)   121.927
[70,30]   [60,20,15] (0)   21450.6
[70,30]   [60,20,15] (5)   21315.1
[70,30]   [60,20,15] (10)   17185.4
[70,30]   [60,20,15] (15)   6830.25
[70,30]   [60,20,15] (20)   2069.58
[70,30]   [60,20,15] (25)   131.749
[70,30]   [60,20,15] (30)   128.097
[70,30]   [60,20,20] (0)   21284.2
[70,30]   [60,20,20] (5)   21376.1
[70,30]   [60,20,20] (10)   17715.8
[70,30]   [60,20,20] (15)   3921.95
[70,30]   [60,20,20] (20)   3232.68
[70,30]   [60,20,20] (25)   163.667
[70,30]   [60,20,20] (30)   144.517
[70,30]   [60,30,5] (0)   15035.2
[70,30]   [60,30,5] (5)   15034
[70,30]   [60,30,5] (10)   15022.4
[70,30]   [60,30,5] (15)   13277.3
[70,30]   [60,30,5] (20)   4805.13
[70,30]   [60,30,5] (25)   136.018
[70,30]   [60,30,5] (30)   115.675
[70,30]   [60,30,10] (0)   15062.5
[70,30]   [60,30,10] (5)   14988.1
[70,30]   [60,30,10] (10)   15026
[70,30]   [60,30,10] (15)   13872.1
[70,30]   [60,30,10] (20)   7326.87
[70,30]   [60,30,10] (25)   1368.5
[70,30]   [60,30,10] (30)   144.513
[70,30]   [60,30,15] (0)   15049.6
[70,30]   [60,30,15] (5)   15072.5
[70,30]   [60,30,15] (10)   14959.1
[70,30]   [60,30,15] (15)   12676.9
[70,30]   [60,30,15] (20)   4132.92
[70,30]   [60,30,15] (25)   181.661
[70,30]   [60,30,15] (30)   141.277
[70,30]   [60,30,20] (0)   15059.4
[70,30]   [60,30,20] (5)   15046.2
[70,30]   [60,30,20] (10)   14969.6
[70,30]   [60,30,20] (15)   13290.8
[70,30]   [60,30,20] (20)   3143.44
[70,30]   [60,30,20] (25)   177.357
[70,30]   [60,30,20] (30)   158.348
[70,30]   [60,40,5] (0)   12254.5
[70,30]   [60,40,5] (5)   12226.7
[70,30]   [60,40,5] (10)   12124.8
[70,30]   [60,40,5] (15)   11512.6
[70,30]   [60,40,5] (20)   8997.86
[70,30]   [60,40,5] (25)   4069.12
[70,30]   [60,40,5] (30)   154.225
[70,30]   [60,40,10] (0)   12269.6
[70,30]   [60,40,10] (5)   12144.9
[70,30]   [60,40,10] (10)   12192.8
[70,30]   [60,40,10] (15)   11494.9
[70,30]   [60,40,10] (20)   9575.57
[70,30]   [60,40,10] (25)   5118.68
[70,30]   [60,40,10] (30)   206.167
[70,30]   [60,40,15] (0)   12100.7
[70,30]   [60,40,15] (5)   12086.2
[70,30]   [60,40,15] (10)   12226.9
[70,30]   [60,40,15] (15)   11827.2
[70,30]   [60,40,15] (20)   8542.36
[70,30]   [60,40,15] (25)   3284.25
[70,30]   [60,40,15] (30)   167.551
[70,30]   [60,40,20] (0)   12155.5
[70,30]   [60,40,20] (5)   12114.2
[70,30]   [60,40,20] (10)   12181.5
[70,30]   [60,40,20] (15)   11799.8
[70,30]   [60,40,20] (20)   8740.43
[70,30]   [60,40,20] (25)   2516.04
[70,30]   [60,40,20] (30)   175.087
[70,30]   [60,50,5] (0)   4800.42
[70,30]   [60,50,5] (5)   4714.86
[70,30]   [60,50,5] (10)   4775.31
[70,30]   [60,50,5] (15)   4691.86
[70,30]   [60,50,5] (20)   4694.71
[70,30]   [60,50,5] (25)   4485.31
[70,30]   [60,50,5] (30)   1599.85
[70,30]   [60,50,10] (0)   4771.93
[70,30]   [60,50,10] (5)   4733.96
[70,30]   [60,50,10] (10)   4783.53
[70,30]   [60,50,10] (15)   4714.68
[70,30]   [60,50,10] (20)   4725.86
[70,30]   [60,50,10] (25)   4556.84
[70,30]   [60,50,10] (30)   2180.7
[70,30]   [60,50,15] (0)   4734.76
[70,30]   [60,50,15] (5)   4737.02
[70,30]   [60,50,15] (10)   4819.57
[70,30]   [60,50,15] (15)   4729.37
[70,30]   [60,50,15] (20)   4700.56
[70,30]   [60,50,15] (25)   4248.92
[70,30]   [60,50,15] (30)   711.513
[70,30]   [60,50,20] (0)   4690.58
[70,30]   [60,50,20] (5)   4824.08
[70,30]   [60,50,20] (10)   4771.81
[70,30]   [60,50,20] (15)   4787.98
[70,30]   [60,50,20] (20)   4730.87
[70,30]   [60,50,20] (25)   4367.07
[70,30]   [60,50,20] (30)   506.278
[70,30]   [60,60,5] (0)   404.937
[70,30]   [60,60,5] (5)   429.471
[70,30]   [60,60,5] (10)   496.771
[70,30]   [60,60,5] (15)   400.858
[70,30]   [60,60,5] (20)   477.655
[70,30]   [60,60,5] (25)   375.016
[70,30]   [60,60,5] (30)   428.978
[70,30]   [60,60,10] (0)   433.44
[70,30]   [60,60,10] (5)   466.33
[70,30]   [60,60,10] (10)   419.901
[70,30]   [60,60,10] (15)   400.564
[70,30]   [60,60,10] (20)   453.268
[70,30]   [60,60,10] (25)   417.982
[70,30]   [60,60,10] (30)   365.576
[70,30]   [60,60,15] (0)   423.681
[70,30]   [60,60,15] (5)   414.336
[70,30]   [60,60,15] (10)   466.177
[70,30]   [60,60,15] (15)   421.236
[70,30]   [60,60,15] (20)   507.921
[70,30]   [60,60,15] (25)   514.505
[70,30]   [60,60,15] (30)   335.121
[70,30]   [60,60,20] (0)   450.424
[70,30]   [60,60,20] (5)   441.642
[70,30]   [60,60,20] (10)   449.931
[70,30]   [60,60,20] (15)   438.204
[70,30]   [60,60,20] (20)   447.711
[70,30]   [60,60,20] (25)   441.32
[70,30]   [60,60,20] (30)   299.287
