[70,50]   [10,10,5] (0)   101.927
[70,50]   [10,10,5] (5)   72.7841
[70,50]   [10,10,5] (10)   69.9761
[70,50]   [10,10,5] (15)   80.132
[70,50]   [10,10,5] (20)   90.0038
[70,50]   [10,10,5] (25)   99.6684
[70,50]   [10,10,5] (30)   109.597
[70,50]   [10,10,10] (0)   99.4394
[70,50]   [10,10,10] (5)   82.7449
[70,50]   [10,10,10] (10)   87.9355
[70,50]   [10,10,10] (15)   96.498
[70,50]   [10,10,10] (20)   105.364
[70,50]   [10,10,10] (25)   114.011
[70,50]   [10,10,10] (30)   122.976
[70,50]   [10,10,15] (0)   103.594
[70,50]   [10,10,15] (5)   85.2677
[70,50]   [10,10,15] (10)   91.0616
[70,50]   [10,10,15] (15)   100.372
[70,50]   [10,10,15] (20)   109.335
[70,50]   [10,10,15] (25)   118.125
[70,50]   [10,10,15] (30)   127.128
[70,50]   [10,10,20] (0)   99.5435
[70,50]   [10,10,20] (5)   94.9421
[70,50]   [10,10,20] (10)   102.251
[70,50]   [10,10,20] (15)   111.29
[70,50]   [10,10,20] (20)   119.722
[70,50]   [10,10,20] (25)   127.674
[70,50]   [10,10,20] (30)   137.073
[70,50]   [10,20,5] (0)   9473.17
[70,50]   [10,20,5] (5)   9424.49
[70,50]   [10,20,5] (10)   9483.47
[70,50]   [10,20,5] (15)   9478.01
[70,50]   [10,20,5] (20)   9586.35
[70,50]   [10,20,5] (25)   7826.07
[70,50]   [10,20,5] (30)   7515.74
[70,50]   [10,20,10] (0)   9550.64
[70,50]   [10,20,10] (5)   9372.47
[70,50]   [10,20,10] (10)   9345.39
[70,50]   [10,20,10] (15)   9508.96
[70,50]   [10,20,10] (20)   9330.7
[70,50]   [10,20,10] (25)   8460.81
[70,50]   [10,20,10] (30)   7675.16
[70,50]   [10,20,15] (0)   9493.04
[70,50]   [10,20,15] (5)   9448.17
[70,50]   [10,20,15] (10)   9421.53
[70,50]   [10,20,15] (15)   9440.69
[70,50]   [10,20,15] (20)   9442.92
[70,50]   [10,20,15] (25)   7615.18
[70,50]   [10,20,15] (30)   6815.61
[70,50]   [10,20,20] (0)   9411.28
[70,50]   [10,20,20] (5)   9474.24
[70,50]   [10,20,20] (10)   9455.35
[70,50]   [10,20,20] (15)   9404
[70,50]   [10,20,20] (20)   9328.76
[70,50]   [10,20,20] (25)   8603.05
[70,50]   [10,20,20] (30)   7743.43
[70,50]   [10,30,5] (0)   17802.3
[70,50]   [10,30,5] (5)   17591.6
[70,50]   [10,30,5] (10)   17745
[70,50]   [10,30,5] (15)   17784.3
[70,50]   [10,30,5] (20)   17903.7
[70,50]   [10,30,5] (25)   17889.9
[70,50]   [10,30,5] (30)   17354
[70,50]   [10,30,10] (0)   17856.6
[70,50]   [10,30,10] (5)   17822.3
[70,50]   [10,30,10] (10)   17777.9
[70,50]   [10,30,10] (15)   17858.4
[70,50]   [10,30,10] (20)   17812.5
[70,50]   [10,30,10] (25)   17746.8
[70,50]   [10,30,10] (30)   18254
[70,50]   [10,30,15] (0)   17718.6
[70,50]   [10,30,15] (5)   17818
[70,50]   [10,30,15] (10)   17716.7
[70,50]   [10,30,15] (15)   17799.2
[70,50]   [10,30,15] (20)   17810.8
[70,50]   [10,30,15] (25)   17759.8
[70,50]   [10,30,15] (30)   15880.1
[70,50]   [10,30,20] (0)   17627.7
[70,50]   [10,30,20] (5)   17779.3
[70,50]   [10,30,20] (10)   17624.3
[70,50]   [10,30,20] (15)   17615.9
[70,50]   [10,30,20] (20)   17910.8
[70,50]   [10,30,20] (25)   17783.8
[70,50]   [10,30,20] (30)   17952.7
[70,50]   [10,40,5] (0)   26941.2
[70,50]   [10,40,5] (5)   26898.3
[70,50]   [10,40,5] (10)   26914.5
[70,50]   [10,40,5] (15)   26924.9
[70,50]   [10,40,5] (20)   26905.7
[70,50]   [10,40,5] (25)   26800.3
[70,50]   [10,40,5] (30)   26821.5
[70,50]   [10,40,10] (0)   26893.8
[70,50]   [10,40,10] (5)   26841
[70,50]   [10,40,10] (10)   26906.3
[70,50]   [10,40,10] (15)   26909.8
[70,50]   [10,40,10] (20)   26912.6
[70,50]   [10,40,10] (25)   26860.7
[70,50]   [10,40,10] (30)   26926.5
[70,50]   [10,40,15] (0)   26875.5
[70,50]   [10,40,15] (5)   26902.7
[70,50]   [10,40,15] (10)   26866.9
[70,50]   [10,40,15] (15)   26699.4
[70,50]   [10,40,15] (20)   26796.2
[70,50]   [10,40,15] (25)   26943.8
[70,50]   [10,40,15] (30)   26871.5
[70,50]   [10,40,20] (0)   26672.6
[70,50]   [10,40,20] (5)   26668.9
[70,50]   [10,40,20] (10)   26747.9
[70,50]   [10,40,20] (15)   26820.6
[70,50]   [10,40,20] (20)   26976.1
[70,50]   [10,40,20] (25)   27002.7
[70,50]   [10,40,20] (30)   26649.3
[70,50]   [10,50,5] (0)   45716.1
[70,50]   [10,50,5] (5)   45671.6
[70,50]   [10,50,5] (10)   45690.4
[70,50]   [10,50,5] (15)   45610.1
[70,50]   [10,50,5] (20)   45632.6
[70,50]   [10,50,5] (25)   45704.6
[70,50]   [10,50,5] (30)   45611.4
[70,50]   [10,50,10] (0)   45756
[70,50]   [10,50,10] (5)   45624.4
[70,50]   [10,50,10] (10)   45638.4
[70,50]   [10,50,10] (15)   45716.4
[70,50]   [10,50,10] (20)   45603.3
[70,50]   [10,50,10] (25)   45741
[70,50]   [10,50,10] (30)   45597
[70,50]   [10,50,15] (0)   45671.4
[70,50]   [10,50,15] (5)   45599.7
[70,50]   [10,50,15] (10)   45632.5
[70,50]   [10,50,15] (15)   45644.3
[70,50]   [10,50,15] (20)   45636.1
[70,50]   [10,50,15] (25)   45675.4
[70,50]   [10,50,15] (30)   45639
[70,50]   [10,50,20] (0)   45619.8
[70,50]   [10,50,20] (5)   45593.9
[70,50]   [10,50,20] (10)   45613.8
[70,50]   [10,50,20] (15)   45692.6
[70,50]   [10,50,20] (20)   45667.4
[70,50]   [10,50,20] (25)   45626.9
[70,50]   [10,50,20] (30)   45705.9
[70,50]   [10,60,5] (0)   40831.8
[70,50]   [10,60,5] (5)   40801.8
[70,50]   [10,60,5] (10)   40779.6
[70,50]   [10,60,5] (15)   40861.1
[70,50]   [10,60,5] (20)   40813.5
[70,50]   [10,60,5] (25)   40831.8
[70,50]   [10,60,5] (30)   40866.2
[70,50]   [10,60,10] (0)   40793.9
[70,50]   [10,60,10] (5)   40858.8
[70,50]   [10,60,10] (10)   40830.2
[70,50]   [10,60,10] (15)   40872.5
[70,50]   [10,60,10] (20)   40875.4
[70,50]   [10,60,10] (25)   40812.2
[70,50]   [10,60,10] (30)   40848
[70,50]   [10,60,15] (0)   40835.8
[70,50]   [10,60,15] (5)   40900
[70,50]   [10,60,15] (10)   40865.5
[70,50]   [10,60,15] (15)   40863.9
[70,50]   [10,60,15] (20)   40814.3
[70,50]   [10,60,15] (25)   40867.4
[70,50]   [10,60,15] (30)   40879.5
[70,50]   [10,60,20] (0)   40862.9
[70,50]   [10,60,20] (5)   40810
[70,50]   [10,60,20] (10)   40862.5
[70,50]   [10,60,20] (15)   40824
[70,50]   [10,60,20] (20)   40847.2
[70,50]   [10,60,20] (25)   40830.5
[70,50]   [10,60,20] (30)   40853.1
[70,50]   [20,10,5] (0)   7437.68
[70,50]   [20,10,5] (5)   1678.6
[70,50]   [20,10,5] (10)   73.9266
[70,50]   [20,10,5] (15)   74.1752
[70,50]   [20,10,5] (20)   83.4363
[70,50]   [20,10,5] (25)   93.6246
[70,50]   [20,10,5] (30)   103.532
[70,50]   [20,10,10] (0)   7441.14
[70,50]   [20,10,10] (5)   1582.86
[70,50]   [20,10,10] (10)   93.0874
[70,50]   [20,10,10] (15)   96.1346
[70,50]   [20,10,10] (20)   104.194
[70,50]   [20,10,10] (25)   112.097
[70,50]   [20,10,10] (30)   120.695
[70,50]   [20,10,15] (0)   7354.95
[70,50]   [20,10,15] (5)   117.18
[70,50]   [20,10,15] (10)   96.6271
[70,50]   [20,10,15] (15)   103.049
[70,50]   [20,10,15] (20)   111.224
[70,50]   [20,10,15] (25)   119.325
[70,50]   [20,10,15] (30)   127.754
[70,50]   [20,10,20] (0)   7359.27
[70,50]   [20,10,20] (5)   149.5
[70,50]   [20,10,20] (10)   109.862
[70,50]   [20,10,20] (15)   115.21
[70,50]   [20,10,20] (20)   123.215
[70,50]   [20,10,20] (25)   130.963
[70,50]   [20,10,20] (30)   139.035
[70,50]   [20,20,5] (0)   137.69
[70,50]   [20,20,5] (5)   134.902
[70,50]   [20,20,5] (10)   121.239
[70,50]   [20,20,5] (15)   109.38
[70,50]   [20,20,5] (20)   114.949
[70,50]   [20,20,5] (25)   122.667
[70,50]   [20,20,5] (30)   131.056
[70,50]   [20,20,10] (0)   134.901
[70,50]   [20,20,10] (5)   137.338
[70,50]   [20,20,10] (10)   126.313
[70,50]   [20,20,10] (15)   122.352
[70,50]   [20,20,10] (20)   130.591
[70,50]   [20,20,10] (25)   137.252
[70,50]   [20,20,10] (30)   145.594
[70,50]   [20,20,15] (0)   135.493
[70,50]   [20,20,15] (5)   137.151
[70,50]   [20,20,15] (10)   122.841
[70,50]   [20,20,15] (15)   124.92
[70,50]   [20,20,15] (20)   132.438
[70,50]   [20,20,15] (25)   140.257
[70,50]   [20,20,15] (30)   148.1
[70,50]   [20,20,20] (0)   135.301
[70,50]   [20,20,20] (5)   135.081
[70,50]   [20,20,20] (10)   128.688
[70,50]   [20,20,20] (15)   133.571
[70,50]   [20,20,20] (20)   141.019
[70,50]   [20,20,20] (25)   148.649
[70,50]   [20,20,20] (30)   156.625
[70,50]   [20,30,5] (0)   6163.06
[70,50]   [20,30,5] (5)   6027.08
[70,50]   [20,30,5] (10)   6086.48
[70,50]   [20,30,5] (15)   6063.08
[70,50]   [20,30,5] (20)   5945.17
[70,50]   [20,30,5] (25)   6075.39
[70,50]   [20,30,5] (30)   5561.69
[70,50]   [20,30,10] (0)   6109.84
[70,50]   [20,30,10] (5)   6081.08
[70,50]   [20,30,10] (10)   5997.68
[70,50]   [20,30,10] (15)   6064.03
[70,50]   [20,30,10] (20)   5942.15
[70,50]   [20,30,10] (25)   6060.81
[70,50]   [20,30,10] (30)   6040.01
[70,50]   [20,30,15] (0)   6018.07
[70,50]   [20,30,15] (5)   5936.35
[70,50]   [20,30,15] (10)   6039.61
[70,50]   [20,30,15] (15)   6017.18
[70,50]   [20,30,15] (20)   5960.26
[70,50]   [20,30,15] (25)   6032.04
[70,50]   [20,30,15] (30)   4787.43
[70,50]   [20,30,20] (0)   5927.48
[70,50]   [20,30,20] (5)   6045.07
[70,50]   [20,30,20] (10)   5977.94
[70,50]   [20,30,20] (15)   5911.99
[70,50]   [20,30,20] (20)   6124.29
[70,50]   [20,30,20] (25)   6113.66
[70,50]   [20,30,20] (30)   6020.4
[70,50]   [20,40,5] (0)   16139.9
[70,50]   [20,40,5] (5)   16286.7
[70,50]   [20,40,5] (10)   16399.3
[70,50]   [20,40,5] (15)   16369.4
[70,50]   [20,40,5] (20)   16128.3
[70,50]   [20,40,5] (25)   16230.8
[70,50]   [20,40,5] (30)   16127.6
[70,50]   [20,40,10] (0)   16323.4
[70,50]   [20,40,10] (5)   16268.4
[70,50]   [20,40,10] (10)   16106.3
[70,50]   [20,40,10] (15)   16055.6
[70,50]   [20,40,10] (20)   16130.1
[70,50]   [20,40,10] (25)   16179.2
[70,50]   [20,40,10] (30)   16000.9
[70,50]   [20,40,15] (0)   16274.6
[70,50]   [20,40,15] (5)   16115.5
[70,50]   [20,40,15] (10)   16243.1
[70,50]   [20,40,15] (15)   16217.6
[70,50]   [20,40,15] (20)   16333.8
[70,50]   [20,40,15] (25)   16173
[70,50]   [20,40,15] (30)   16354.7
[70,50]   [20,40,20] (0)   16333
[70,50]   [20,40,20] (5)   16056.8
[70,50]   [20,40,20] (10)   16235.5
[70,50]   [20,40,20] (15)   16037.1
[70,50]   [20,40,20] (20)   16255.2
[70,50]   [20,40,20] (25)   16220.8
[70,50]   [20,40,20] (30)   16270.1
[70,50]   [20,50,5] (0)   22695.8
[70,50]   [20,50,5] (5)   22499.8
[70,50]   [20,50,5] (10)   22724.2
[70,50]   [20,50,5] (15)   22564.6
[70,50]   [20,50,5] (20)   22824.7
[70,50]   [20,50,5] (25)   22585
[70,50]   [20,50,5] (30)   22662.9
[70,50]   [20,50,10] (0)   22731.6
[70,50]   [20,50,10] (5)   22541.3
[70,50]   [20,50,10] (10)   22702.7
[70,50]   [20,50,10] (15)   22699.7
[70,50]   [20,50,10] (20)   22764.6
[70,50]   [20,50,10] (25)   22754.7
[70,50]   [20,50,10] (30)   22720
[70,50]   [20,50,15] (0)   22768.6
[70,50]   [20,50,15] (5)   22796.5
[70,50]   [20,50,15] (10)   22631.7
[70,50]   [20,50,15] (15)   22676.8
[70,50]   [20,50,15] (20)   22724.2
[70,50]   [20,50,15] (25)   22594.7
[70,50]   [20,50,15] (30)   22597.4
[70,50]   [20,50,20] (0)   22852.7
[70,50]   [20,50,20] (5)   22689.7
[70,50]   [20,50,20] (10)   22702.8
[70,50]   [20,50,20] (15)   22773.9
[70,50]   [20,50,20] (20)   22787.1
[70,50]   [20,50,20] (25)   22717.5
[70,50]   [20,50,20] (30)   22660.5
[70,50]   [20,60,5] (0)   29394.4
[70,50]   [20,60,5] (5)   29644.5
[70,50]   [20,60,5] (10)   29699.1
[70,50]   [20,60,5] (15)   29680.3
[70,50]   [20,60,5] (20)   29449.1
[70,50]   [20,60,5] (25)   29545.9
[70,50]   [20,60,5] (30)   29575.8
[70,50]   [20,60,10] (0)   29638.6
[70,50]   [20,60,10] (5)   29613.1
[70,50]   [20,60,10] (10)   29534.7
[70,50]   [20,60,10] (15)   29501.9
[70,50]   [20,60,10] (20)   29688.5
[70,50]   [20,60,10] (25)   29534.7
[70,50]   [20,60,10] (30)   29632.5
[70,50]   [20,60,15] (0)   29719
[70,50]   [20,60,15] (5)   29501.2
[70,50]   [20,60,15] (10)   29545.3
[70,50]   [20,60,15] (15)   29468.2
[70,50]   [20,60,15] (20)   29684
[70,50]   [20,60,15] (25)   29730.7
[70,50]   [20,60,15] (30)   29541.8
[70,50]   [20,60,20] (0)   29428.1
[70,50]   [20,60,20] (5)   29619
[70,50]   [20,60,20] (10)   29647.1
[70,50]   [20,60,20] (15)   29668.3
[70,50]   [20,60,20] (20)   29685.3
[70,50]   [20,60,20] (25)   29598.8
[70,50]   [20,60,20] (30)   29680
[70,50]   [30,10,5] (0)   16802.4
[70,50]   [30,10,5] (5)   7627.88
[70,50]   [30,10,5] (10)   90.1705
[70,50]   [30,10,5] (15)   82.0348
[70,50]   [30,10,5] (20)   83.0788
[70,50]   [30,10,5] (25)   90.5585
[70,50]   [30,10,5] (30)   100.674
[70,50]   [30,10,10] (0)   16752.7
[70,50]   [30,10,10] (5)   7632.05
[70,50]   [30,10,10] (10)   126.575
[70,50]   [30,10,10] (15)   102.57
[70,50]   [30,10,10] (20)   103.848
[70,50]   [30,10,10] (25)   110.342
[70,50]   [30,10,10] (30)   118.86
[70,50]   [30,10,15] (0)   16795.2
[70,50]   [30,10,15] (5)   4041.01
[70,50]   [30,10,15] (10)   110.276
[70,50]   [30,10,15] (15)   108.742
[70,50]   [30,10,15] (20)   112.028
[70,50]   [30,10,15] (25)   119.606
[70,50]   [30,10,15] (30)   127.717
[70,50]   [30,10,20] (0)   16789.6
[70,50]   [30,10,20] (5)   3338.6
[70,50]   [30,10,20] (10)   116.533
[70,50]   [30,10,20] (15)   117.364
[70,50]   [30,10,20] (20)   124.844
[70,50]   [30,10,20] (25)   131.976
[70,50]   [30,10,20] (30)   140.078
[70,50]   [30,20,5] (0)   6452.12
[70,50]   [30,20,5] (5)   6424.72
[70,50]   [30,20,5] (10)   4412.36
[70,50]   [30,20,5] (15)   115.014
[70,50]   [30,20,5] (20)   101.972
[70,50]   [30,20,5] (25)   104.786
[70,50]   [30,20,5] (30)   113.284
[70,50]   [30,20,10] (0)   6422.99
[70,50]   [30,20,10] (5)   6466.11
[70,50]   [30,20,10] (10)   4748.1
[70,50]   [30,20,10] (15)   128.17
[70,50]   [30,20,10] (20)   121.899
[70,50]   [30,20,10] (25)   126.908
[70,50]   [30,20,10] (30)   134.468
[70,50]   [30,20,15] (0)   6432.37
[70,50]   [30,20,15] (5)   6411.76
[70,50]   [30,20,15] (10)   3018.33
[70,50]   [30,20,15] (15)   128.017
[70,50]   [30,20,15] (20)   127.579
[70,50]   [30,20,15] (25)   134.263
[70,50]   [30,20,15] (30)   141.784
[70,50]   [30,20,20] (0)   6412.16
[70,50]   [30,20,20] (5)   6437.59
[70,50]   [30,20,20] (10)   3093.12
[70,50]   [30,20,20] (15)   140.093
[70,50]   [30,20,20] (20)   140.445
[70,50]   [30,20,20] (25)   147.198
[70,50]   [30,20,20] (30)   154.86
[70,50]   [30,30,5] (0)   161.252
[70,50]   [30,30,5] (5)   162.576
[70,50]   [30,30,5] (10)   160.209
[70,50]   [30,30,5] (15)   155.096
[70,50]   [30,30,5] (20)   136.528
[70,50]   [30,30,5] (25)   131.928
[70,50]   [30,30,5] (30)   140.193
[70,50]   [30,30,10] (0)   160.413
[70,50]   [30,30,10] (5)   160.077
[70,50]   [30,30,10] (10)   160.628
[70,50]   [30,30,10] (15)   157.547
[70,50]   [30,30,10] (20)   147.5
[70,50]   [30,30,10] (25)   150.985
[70,50]   [30,30,10] (30)   159.078
[70,50]   [30,30,15] (0)   159.807
[70,50]   [30,30,15] (5)   161.234
[70,50]   [30,30,15] (10)   162.114
[70,50]   [30,30,15] (15)   155.944
[70,50]   [30,30,15] (20)   150.06
[70,50]   [30,30,15] (25)   154.801
[70,50]   [30,30,15] (30)   162.971
[70,50]   [30,30,20] (0)   159.943
[70,50]   [30,30,20] (5)   159.514
[70,50]   [30,30,20] (10)   160.833
[70,50]   [30,30,20] (15)   156.734
[70,50]   [30,30,20] (20)   155.775
[70,50]   [30,30,20] (25)   162.768
[70,50]   [30,30,20] (30)   170.551
[70,50]   [30,40,5] (0)   3986.95
[70,50]   [30,40,5] (5)   3934.09
[70,50]   [30,40,5] (10)   4006.16
[70,50]   [30,40,5] (15)   3909.52
[70,50]   [30,40,5] (20)   4033.29
[70,50]   [30,40,5] (25)   4025.98
[70,50]   [30,40,5] (30)   3945.67
[70,50]   [30,40,10] (0)   4055.16
[70,50]   [30,40,10] (5)   3936.9
[70,50]   [30,40,10] (10)   3939.67
[70,50]   [30,40,10] (15)   3938.68
[70,50]   [30,40,10] (20)   4009.87
[70,50]   [30,40,10] (25)   3963.2
[70,50]   [30,40,10] (30)   4064.62
[70,50]   [30,40,15] (0)   4030.42
[70,50]   [30,40,15] (5)   3998.88
[70,50]   [30,40,15] (10)   3888.34
[70,50]   [30,40,15] (15)   4039.94
[70,50]   [30,40,15] (20)   3889.71
[70,50]   [30,40,15] (25)   4018.15
[70,50]   [30,40,15] (30)   3970.8
[70,50]   [30,40,20] (0)   4181.29
[70,50]   [30,40,20] (5)   3933.92
[70,50]   [30,40,20] (10)   4096.65
[70,50]   [30,40,20] (15)   4046.96
[70,50]   [30,40,20] (20)   4038.16
[70,50]   [30,40,20] (25)   4001.45
[70,50]   [30,40,20] (30)   4034.06
[70,50]   [30,50,5] (0)   13157.1
[70,50]   [30,50,5] (5)   13148.8
[70,50]   [30,50,5] (10)   13181.1
[70,50]   [30,50,5] (15)   13072.7
[70,50]   [30,50,5] (20)   13005.2
[70,50]   [30,50,5] (25)   12923.8
[70,50]   [30,50,5] (30)   13191.8
[70,50]   [30,50,10] (0)   13149.3
[70,50]   [30,50,10] (5)   13186.8
[70,50]   [30,50,10] (10)   13143.3
[70,50]   [30,50,10] (15)   12916
[70,50]   [30,50,10] (20)   13018.3
[70,50]   [30,50,10] (25)   13083.3
[70,50]   [30,50,10] (30)   13158.7
[70,50]   [30,50,15] (0)   13044.7
[70,50]   [30,50,15] (5)   12965.5
[70,50]   [30,50,15] (10)   13053.8
[70,50]   [30,50,15] (15)   13270.7
[70,50]   [30,50,15] (20)   13196.9
[70,50]   [30,50,15] (25)   13057.9
[70,50]   [30,50,15] (30)   13021.5
[70,50]   [30,50,20] (0)   13077.2
[70,50]   [30,50,20] (5)   13215
[70,50]   [30,50,20] (10)   12991.8
[70,50]   [30,50,20] (15)   13147.4
[70,50]   [30,50,20] (20)   13193.7
[70,50]   [30,50,20] (25)   12968.4
[70,50]   [30,50,20] (30)   13136.7
[70,50]   [30,60,5] (0)   19821.9
[70,50]   [30,60,5] (5)   19865.9
[70,50]   [30,60,5] (10)   19720.2
[70,50]   [30,60,5] (15)   19825
[70,50]   [30,60,5] (20)   19617.8
[70,50]   [30,60,5] (25)   20017.5
[70,50]   [30,60,5] (30)   19834.7
[70,50]   [30,60,10] (0)   19888.5
[70,50]   [30,60,10] (5)   19890.6
[70,50]   [30,60,10] (10)   19953.8
[70,50]   [30,60,10] (15)   19946.6
[70,50]   [30,60,10] (20)   19953.4
[70,50]   [30,60,10] (25)   19949
[70,50]   [30,60,10] (30)   19831.9
[70,50]   [30,60,15] (0)   19913.5
[70,50]   [30,60,15] (5)   20020.5
[70,50]   [30,60,15] (10)   19832.6
[70,50]   [30,60,15] (15)   19921.5
[70,50]   [30,60,15] (20)   19714.7
[70,50]   [30,60,15] (25)   19819.5
[70,50]   [30,60,15] (30)   20021
[70,50]   [30,60,20] (0)   19848.2
[70,50]   [30,60,20] (5)   19838.8
[70,50]   [30,60,20] (10)   19883.5
[70,50]   [30,60,20] (15)   19587.2
[70,50]   [30,60,20] (20)   19894.1
[70,50]   [30,60,20] (25)   19708.4
[70,50]   [30,60,20] (30)   20044.8
[70,50]   [40,10,5] (0)   20321.8
[70,50]   [40,10,5] (5)   12609.8
[70,50]   [40,10,5] (10)   147.521
[70,50]   [40,10,5] (15)   92.134
[70,50]   [40,10,5] (20)   89.969
[70,50]   [40,10,5] (25)   92.4749
[70,50]   [40,10,5] (30)   97.7942
[70,50]   [40,10,10] (0)   20579.1
[70,50]   [40,10,10] (5)   12880.1
[70,50]   [40,10,10] (10)   3685.94
[70,50]   [40,10,10] (15)   118.747
[70,50]   [40,10,10] (20)   112.119
[70,50]   [40,10,10] (25)   112.365
[70,50]   [40,10,10] (30)   117.725
[70,50]   [40,10,15] (0)   20226.1
[70,50]   [40,10,15] (5)   9578.82
[70,50]   [40,10,15] (10)   1526.32
[70,50]   [40,10,15] (15)   122.235
[70,50]   [40,10,15] (20)   120.139
[70,50]   [40,10,15] (25)   122.439
[70,50]   [40,10,15] (30)   128.275
[70,50]   [40,10,20] (0)   20192.8
[70,50]   [40,10,20] (5)   8834.57
[70,50]   [40,10,20] (10)   137.184
[70,50]   [40,10,20] (15)   134.185
[70,50]   [40,10,20] (20)   134.256
[70,50]   [40,10,20] (25)   137.581
[70,50]   [40,10,20] (30)   143.825
[70,50]   [40,20,5] (0)   13231.9
[70,50]   [40,20,5] (5)   13210.9
[70,50]   [40,20,5] (10)   10110.9
[70,50]   [40,20,5] (15)   258.882
[70,50]   [40,20,5] (20)   112.645
[70,50]   [40,20,5] (25)   104.736
[70,50]   [40,20,5] (30)   107.351
[70,50]   [40,20,10] (0)   13179
[70,50]   [40,20,10] (5)   13190
[70,50]   [40,20,10] (10)   10471.9
[70,50]   [40,20,10] (15)   1860.86
[70,50]   [40,20,10] (20)   132.944
[70,50]   [40,20,10] (25)   127.194
[70,50]   [40,20,10] (30)   130.713
[70,50]   [40,20,15] (0)   13218
[70,50]   [40,20,15] (5)   13191.3
[70,50]   [40,20,15] (10)   10018.5
[70,50]   [40,20,15] (15)   152.581
[70,50]   [40,20,15] (20)   134.118
[70,50]   [40,20,15] (25)   133.459
[70,50]   [40,20,15] (30)   137.817
[70,50]   [40,20,20] (0)   13181.2
[70,50]   [40,20,20] (5)   13176.7
[70,50]   [40,20,20] (10)   9386.3
[70,50]   [40,20,20] (15)   151.337
[70,50]   [40,20,20] (20)   143.945
[70,50]   [40,20,20] (25)   147.802
[70,50]   [40,20,20] (30)   153.93
[70,50]   [40,30,5] (0)   5523.2
[70,50]   [40,30,5] (5)   5526.57
[70,50]   [40,30,5] (10)   5527.87
[70,50]   [40,30,5] (15)   4332.05
[70,50]   [40,30,5] (20)   158.782
[70,50]   [40,30,5] (25)   127.615
[70,50]   [40,30,5] (30)   123.429
[70,50]   [40,30,10] (0)   5550.75
[70,50]   [40,30,10] (5)   5507.42
[70,50]   [40,30,10] (10)   5482.3
[70,50]   [40,30,10] (15)   4506.12
[70,50]   [40,30,10] (20)   168.003
[70,50]   [40,30,10] (25)   147.881
[70,50]   [40,30,10] (30)   148.476
[70,50]   [40,30,15] (0)   5567.41
[70,50]   [40,30,15] (5)   5499.12
[70,50]   [40,30,15] (10)   5491.82
[70,50]   [40,30,15] (15)   3535.05
[70,50]   [40,30,15] (20)   159.234
[70,50]   [40,30,15] (25)   152.166
[70,50]   [40,30,15] (30)   154.959
[70,50]   [40,30,20] (0)   5536.23
[70,50]   [40,30,20] (5)   5491.36
[70,50]   [40,30,20] (10)   5522.77
[70,50]   [40,30,20] (15)   3539.95
[70,50]   [40,30,20] (20)   166.438
[70,50]   [40,30,20] (25)   163.62
[70,50]   [40,30,20] (30)   168.679
[70,50]   [40,40,5] (0)   208.124
[70,50]   [40,40,5] (5)   207.377
[70,50]   [40,40,5] (10)   207.338
[70,50]   [40,40,5] (15)   208.313
[70,50]   [40,40,5] (20)   193.487
[70,50]   [40,40,5] (25)   172.007
[70,50]   [40,40,5] (30)   157.472
[70,50]   [40,40,10] (0)   207.84
[70,50]   [40,40,10] (5)   208.221
[70,50]   [40,40,10] (10)   207.776
[70,50]   [40,40,10] (15)   205.879
[70,50]   [40,40,10] (20)   189.434
[70,50]   [40,40,10] (25)   177.924
[70,50]   [40,40,10] (30)   176.038
[70,50]   [40,40,15] (0)   208.779
[70,50]   [40,40,15] (5)   207.761
[70,50]   [40,40,15] (10)   207.294
[70,50]   [40,40,15] (15)   207.082
[70,50]   [40,40,15] (20)   193.564
[70,50]   [40,40,15] (25)   176.416
[70,50]   [40,40,15] (30)   177.704
[70,50]   [40,40,20] (0)   207.564
[70,50]   [40,40,20] (5)   207.591
[70,50]   [40,40,20] (10)   208.721
[70,50]   [40,40,20] (15)   204.459
[70,50]   [40,40,20] (20)   191.172
[70,50]   [40,40,20] (25)   184.938
[70,50]   [40,40,20] (30)   189.111
[70,50]   [40,50,5] (0)   2534.69
[70,50]   [40,50,5] (5)   2479.08
[70,50]   [40,50,5] (10)   2693.52
[70,50]   [40,50,5] (15)   2699.68
[70,50]   [40,50,5] (20)   2497.05
[70,50]   [40,50,5] (25)   2484.63
[70,50]   [40,50,5] (30)   2391.82
[70,50]   [40,50,10] (0)   2504.26
[70,50]   [40,50,10] (5)   2774.94
[70,50]   [40,50,10] (10)   2581.45
[70,50]   [40,50,10] (15)   2486.88
[70,50]   [40,50,10] (20)   2489.63
[70,50]   [40,50,10] (25)   2519.7
[70,50]   [40,50,10] (30)   2537.31
[70,50]   [40,50,15] (0)   2658.12
[70,50]   [40,50,15] (5)   2508.21
[70,50]   [40,50,15] (10)   2442.46
[70,50]   [40,50,15] (15)   2491.94
[70,50]   [40,50,15] (20)   2603.57
[70,50]   [40,50,15] (25)   2527.92
[70,50]   [40,50,15] (30)   2515.16
[70,50]   [40,50,20] (0)   2515.84
[70,50]   [40,50,20] (5)   2587.11
[70,50]   [40,50,20] (10)   2392.9
[70,50]   [40,50,20] (15)   2596.59
[70,50]   [40,50,20] (20)   2471.8
[70,50]   [40,50,20] (25)   2553.72
[70,50]   [40,50,20] (30)   2533.62
[70,50]   [40,60,5] (0)   9959.39
[70,50]   [40,60,5] (5)   10034.6
[70,50]   [40,60,5] (10)   9977.08
[70,50]   [40,60,5] (15)   9932.9
[70,50]   [40,60,5] (20)   10117.1
[70,50]   [40,60,5] (25)   10050.9
[70,50]   [40,60,5] (30)   9955.75
[70,50]   [40,60,10] (0)   9911.91
[70,50]   [40,60,10] (5)   9960.37
[70,50]   [40,60,10] (10)   10064.5
[70,50]   [40,60,10] (15)   9783.74
[70,50]   [40,60,10] (20)   10060.4
[70,50]   [40,60,10] (25)   9697.08
[70,50]   [40,60,10] (30)   9859.29
[70,50]   [40,60,15] (0)   9998.37
[70,50]   [40,60,15] (5)   9943.02
[70,50]   [40,60,15] (10)   9968.16
[70,50]   [40,60,15] (15)   10044.6
[70,50]   [40,60,15] (20)   9975.5
[70,50]   [40,60,15] (25)   10001.5
[70,50]   [40,60,15] (30)   10015
[70,50]   [40,60,20] (0)   10006.9
[70,50]   [40,60,20] (5)   9897.73
[70,50]   [40,60,20] (10)   9830.09
[70,50]   [40,60,20] (15)   10004.8
[70,50]   [40,60,20] (20)   10113.3
[70,50]   [40,60,20] (25)   9835.12
[70,50]   [40,60,20] (30)   9896.45
[70,50]   [50,10,5] (0)   27616.2
[70,50]   [50,10,5] (5)   16999.9
[70,50]   [50,10,5] (10)   3040.96
[70,50]   [50,10,5] (15)   105.475
[70,50]   [50,10,5] (20)   97.0187
[70,50]   [50,10,5] (25)   98.9509
[70,50]   [50,10,5] (30)   102.109
[70,50]   [50,10,10] (0)   27402.5
[70,50]   [50,10,10] (5)   18267.2
[70,50]   [50,10,10] (10)   8272.78
[70,50]   [50,10,10] (15)   1834.5
[70,50]   [50,10,10] (20)   126.598
[70,50]   [50,10,10] (25)   120.638
[70,50]   [50,10,10] (30)   121.071
[70,50]   [50,10,15] (0)   27421.9
[70,50]   [50,10,15] (5)   13715.1
[70,50]   [50,10,15] (10)   5867.65
[70,50]   [50,10,15] (15)   179.518
[70,50]   [50,10,15] (20)   129.885
[70,50]   [50,10,15] (25)   128.087
[70,50]   [50,10,15] (30)   129.535
[70,50]   [50,10,20] (0)   27547.1
[70,50]   [50,10,20] (5)   14045
[70,50]   [50,10,20] (10)   3946.38
[70,50]   [50,10,20] (15)   2568.5
[70,50]   [50,10,20] (20)   143.909
[70,50]   [50,10,20] (25)   140.46
[70,50]   [50,10,20] (30)   142.658
[70,50]   [50,20,5] (0)   18024.6
[70,50]   [50,20,5] (5)   18075.2
[70,50]   [50,20,5] (10)   14990.4
[70,50]   [50,20,5] (15)   3829.84
[70,50]   [50,20,5] (20)   126.122
[70,50]   [50,20,5] (25)   112.058
[70,50]   [50,20,5] (30)   111.011
[70,50]   [50,20,10] (0)   18073.6
[70,50]   [50,20,10] (5)   18018.4
[70,50]   [50,20,10] (10)   15812
[70,50]   [50,20,10] (15)   6688.48
[70,50]   [50,20,10] (20)   542.165
[70,50]   [50,20,10] (25)   137.883
[70,50]   [50,20,10] (30)   132.878
[70,50]   [50,20,15] (0)   18021.2
[70,50]   [50,20,15] (5)   18115.5
[70,50]   [50,20,15] (10)   14342.3
[70,50]   [50,20,15] (15)   3349.21
[70,50]   [50,20,15] (20)   168.377
[70,50]   [50,20,15] (25)   141.317
[70,50]   [50,20,15] (30)   140.519
[70,50]   [50,20,20] (0)   18067.6
[70,50]   [50,20,20] (5)   18044.8
[70,50]   [50,20,20] (10)   15164.8
[70,50]   [50,20,20] (15)   1281.81
[70,50]   [50,20,20] (20)   166.139
[70,50]   [50,20,20] (25)   156.55
[70,50]   [50,20,20] (30)   155.732
[70,50]   [50,30,5] (0)   11343.6
[70,50]   [50,30,5] (5)   11383.6
[70,50]   [50,30,5] (10)   11376.5
[70,50]   [50,30,5] (15)   9830.74
[70,50]   [50,30,5] (20)   1865.48
[70,50]   [50,30,5] (25)   138.237
[70,50]   [50,30,5] (30)   124.571
[70,50]   [50,30,10] (0)   11321
[70,50]   [50,30,10] (5)   11327.8
[70,50]   [50,30,10] (10)   11512.9
[70,50]   [50,30,10] (15)   10169.5
[70,50]   [50,30,10] (20)   3393
[70,50]   [50,30,10] (25)   163.603
[70,50]   [50,30,10] (30)   149.096
[70,50]   [50,30,15] (0)   11388.5
[70,50]   [50,30,15] (5)   11370.2
[70,50]   [50,30,15] (10)   11273
[70,50]   [50,30,15] (15)   9180.08
[70,50]   [50,30,15] (20)   486.756
[70,50]   [50,30,15] (25)   160.707
[70,50]   [50,30,15] (30)   154.498
[70,50]   [50,30,20] (0)   11330.3
[70,50]   [50,30,20] (5)   11308.6
[70,50]   [50,30,20] (10)   11327.1
[70,50]   [50,30,20] (15)   9211.44
[70,50]   [50,30,20] (20)   210.548
[70,50]   [50,30,20] (25)   168.219
[70,50]   [50,30,20] (30)   167.152
[70,50]   [50,40,5] (0)   5079.47
[70,50]   [50,40,5] (5)   4999.49
[70,50]   [50,40,5] (10)   4969.07
[70,50]   [50,40,5] (15)   5119.94
[70,50]   [50,40,5] (20)   4888.56
[70,50]   [50,40,5] (25)   628.322
[70,50]   [50,40,5] (30)   157.184
[70,50]   [50,40,10] (0)   4979.8
[70,50]   [50,40,10] (5)   5023.56
[70,50]   [50,40,10] (10)   5046.78
[70,50]   [50,40,10] (15)   5029.94
[70,50]   [50,40,10] (20)   4767.85
[70,50]   [50,40,10] (25)   961.827
[70,50]   [50,40,10] (30)   176.769
[70,50]   [50,40,15] (0)   5064.23
[70,50]   [50,40,15] (5)   5058.29
[70,50]   [50,40,15] (10)   5076.37
[70,50]   [50,40,15] (15)   5125.23
[70,50]   [50,40,15] (20)   4642.26
[70,50]   [50,40,15] (25)   227.936
[70,50]   [50,40,15] (30)   179.191
[70,50]   [50,40,20] (0)   4923.28
[70,50]   [50,40,20] (5)   5079.25
[70,50]   [50,40,20] (10)   5033.5
[70,50]   [50,40,20] (15)   5105.12
[70,50]   [50,40,20] (20)   4464.63
[70,50]   [50,40,20] (25)   217.403
[70,50]   [50,40,20] (30)   186.328
[70,50]   [50,50,5] (0)   451.163
[70,50]   [50,50,5] (5)   522.575
[70,50]   [50,50,5] (10)   481.171
[70,50]   [50,50,5] (15)   547.479
[70,50]   [50,50,5] (20)   533.122
[70,50]   [50,50,5] (25)   584.41
[70,50]   [50,50,5] (30)   205.76
[70,50]   [50,50,10] (0)   448.927
[70,50]   [50,50,10] (5)   534.6
[70,50]   [50,50,10] (10)   442.454
[70,50]   [50,50,10] (15)   455.285
[70,50]   [50,50,10] (20)   435.583
[70,50]   [50,50,10] (25)   344.594
[70,50]   [50,50,10] (30)   213.744
[70,50]   [50,50,15] (0)   499.817
[70,50]   [50,50,15] (5)   465.345
[70,50]   [50,50,15] (10)   483.647
[70,50]   [50,50,15] (15)   488.278
[70,50]   [50,50,15] (20)   453.205
[70,50]   [50,50,15] (25)   476.753
[70,50]   [50,50,15] (30)   206.15
[70,50]   [50,50,20] (0)   443.41
[70,50]   [50,50,20] (5)   498.831
[70,50]   [50,50,20] (10)   463.296
[70,50]   [50,50,20] (15)   501.606
[70,50]   [50,50,20] (20)   476.836
[70,50]   [50,50,20] (25)   310.81
[70,50]   [50,50,20] (30)   219.511
[70,50]   [50,60,5] (0)   1351.07
[70,50]   [50,60,5] (5)   1394.96
[70,50]   [50,60,5] (10)   1438.45
[70,50]   [50,60,5] (15)   1405.75
[70,50]   [50,60,5] (20)   1514.73
[70,50]   [50,60,5] (25)   1509.14
[70,50]   [50,60,5] (30)   1505.8
[70,50]   [50,60,10] (0)   1515.8
[70,50]   [50,60,10] (5)   1225.94
[70,50]   [50,60,10] (10)   1424.96
[70,50]   [50,60,10] (15)   1471.03
[70,50]   [50,60,10] (20)   1274.45
[70,50]   [50,60,10] (25)   1557.5
[70,50]   [50,60,10] (30)   1469.54
[70,50]   [50,60,15] (0)   1314.07
[70,50]   [50,60,15] (5)   1416.22
[70,50]   [50,60,15] (10)   1379.14
[70,50]   [50,60,15] (15)   1472.46
[70,50]   [50,60,15] (20)   1473.77
[70,50]   [50,60,15] (25)   1455.68
[70,50]   [50,60,15] (30)   1371.16
[70,50]   [50,60,20] (0)   1444.3
[70,50]   [50,60,20] (5)   1558.95
[70,50]   [50,60,20] (10)   1410.56
[70,50]   [50,60,20] (15)   1431.63
[70,50]   [50,60,20] (20)   1436.87
[70,50]   [50,60,20] (25)   1435.81
[70,50]   [50,60,20] (30)   1396.87
[70,50]   [60,10,5] (0)   30298.3
[70,50]   [60,10,5] (5)   21248.6
[70,50]   [60,10,5] (10)   6004.95
[70,50]   [60,10,5] (15)   132.277
[70,50]   [60,10,5] (20)   104.448
[70,50]   [60,10,5] (25)   104.158
[70,50]   [60,10,5] (30)   107.176
[70,50]   [60,10,10] (0)   30308.1
[70,50]   [60,10,10] (5)   22600.2
[70,50]   [60,10,10] (10)   12041.3
[70,50]   [60,10,10] (15)   5186.24
[70,50]   [60,10,10] (20)   582.239
[70,50]   [60,10,10] (25)   131.002
[70,50]   [60,10,10] (30)   126.489
[70,50]   [60,10,15] (0)   30632
[70,50]   [60,10,15] (5)   18485.9
[70,50]   [60,10,15] (10)   10041.6
[70,50]   [60,10,15] (15)   3446.1
[70,50]   [60,10,15] (20)   154.885
[70,50]   [60,10,15] (25)   137.687
[70,50]   [60,10,15] (30)   138.363
[70,50]   [60,10,20] (0)   30845.4
[70,50]   [60,10,20] (5)   18863.8
[70,50]   [60,10,20] (10)   7753.86
[70,50]   [60,10,20] (15)   6614.9
[70,50]   [60,10,20] (20)   173.722
[70,50]   [60,10,20] (25)   149.862
[70,50]   [60,10,20] (30)   152.167
[70,50]   [60,20,5] (0)   22710.8
[70,50]   [60,20,5] (5)   22725.2
[70,50]   [60,20,5] (10)   19641.2
[70,50]   [60,20,5] (15)   7387.15
[70,50]   [60,20,5] (20)   157.393
[70,50]   [60,20,5] (25)   117.568
[70,50]   [60,20,5] (30)   115.167
[70,50]   [60,20,10] (0)   22687.7
[70,50]   [60,20,10] (5)   22691.6
[70,50]   [60,20,10] (10)   20686.3
[70,50]   [60,20,10] (15)   10780.4
[70,50]   [60,20,10] (20)   4051.32
[70,50]   [60,20,10] (25)   174.406
[70,50]   [60,20,10] (30)   141.41
[70,50]   [60,20,15] (0)   22678.9
[70,50]   [60,20,15] (5)   22635.7
[70,50]   [60,20,15] (10)   18871.9
[70,50]   [60,20,15] (15)   7436.12
[70,50]   [60,20,15] (20)   2755.7
[70,50]   [60,20,15] (25)   154.302
[70,50]   [60,20,15] (30)   148.102
[70,50]   [60,20,20] (0)   22630.3
[70,50]   [60,20,20] (5)   22629.7
[70,50]   [60,20,20] (10)   19418.9
[70,50]   [60,20,20] (15)   5714.29
[70,50]   [60,20,20] (20)   3222.35
[70,50]   [60,20,20] (25)   183.454
[70,50]   [60,20,20] (30)   162.823
[70,50]   [60,30,5] (0)   17153.3
[70,50]   [60,30,5] (5)   17151.5
[70,50]   [60,30,5] (10)   16952.7
[70,50]   [60,30,5] (15)   14299.6
[70,50]   [60,30,5] (20)   5307.49
[70,50]   [60,30,5] (25)   154.352
[70,50]   [60,30,5] (30)   131.922
[70,50]   [60,30,10] (0)   17167
[70,50]   [60,30,10] (5)   17188.5
[70,50]   [60,30,10] (10)   17193.5
[70,50]   [60,30,10] (15)   14969.9
[70,50]   [60,30,10] (20)   7691.82
[70,50]   [60,30,10] (25)   1565.89
[70,50]   [60,30,10] (30)   161.507
[70,50]   [60,30,15] (0)   17165.3
[70,50]   [60,30,15] (5)   17204.6
[70,50]   [60,30,15] (10)   17195
[70,50]   [60,30,15] (15)   14212.3
[70,50]   [60,30,15] (20)   4602.7
[70,50]   [60,30,15] (25)   252.892
[70,50]   [60,30,15] (30)   164.302
[70,50]   [60,30,20] (0)   17158.2
[70,50]   [60,30,20] (5)   17179.4
[70,50]   [60,30,20] (10)   17211.6
[70,50]   [60,30,20] (15)   14416.6
[70,50]   [60,30,20] (20)   3511.58
[70,50]   [60,30,20] (25)   200.394
[70,50]   [60,30,20] (30)   176.684
[70,50]   [60,40,5] (0)   10273.5
[70,50]   [60,40,5] (5)   10242.7
[70,50]   [60,40,5] (10)   10274.9
[70,50]   [60,40,5] (15)   10346.7
[70,50]   [60,40,5] (20)   9605.01
[70,50]   [60,40,5] (25)   4452.39
[70,50]   [60,40,5] (30)   175.071
[70,50]   [60,40,10] (0)   10289.2
[70,50]   [60,40,10] (5)   10226.2
[70,50]   [60,40,10] (10)   10324.2
[70,50]   [60,40,10] (15)   10308.1
[70,50]   [60,40,10] (20)   9810.49
[70,50]   [60,40,10] (25)   5691.59
[70,50]   [60,40,10] (30)   260.2
[70,50]   [60,40,15] (0)   10244.3
[70,50]   [60,40,15] (5)   10280.1
[70,50]   [60,40,15] (10)   10268.1
[70,50]   [60,40,15] (15)   10259.9
[70,50]   [60,40,15] (20)   9336.39
[70,50]   [60,40,15] (25)   3471.71
[70,50]   [60,40,15] (30)   191.743
[70,50]   [60,40,20] (0)   10299
[70,50]   [60,40,20] (5)   10334.9
[70,50]   [60,40,20] (10)   10349.3
[70,50]   [60,40,20] (15)   10285.3
[70,50]   [60,40,20] (20)   9389.11
[70,50]   [60,40,20] (25)   2238.64
[70,50]   [60,40,20] (30)   193.362
[70,50]   [60,50,5] (0)   5273.27
[70,50]   [60,50,5] (5)   5373.14
[70,50]   [60,50,5] (10)   5338.21
[70,50]   [60,50,5] (15)   5245.59
[70,50]   [60,50,5] (20)   5413.2
[70,50]   [60,50,5] (25)   5158.27
[70,50]   [60,50,5] (30)   2197.7
[70,50]   [60,50,10] (0)   5305.33
[70,50]   [60,50,10] (5)   5335.87
[70,50]   [60,50,10] (10)   5359.68
[70,50]   [60,50,10] (15)   5365.32
[70,50]   [60,50,10] (20)   5356.93
[70,50]   [60,50,10] (25)   5143.09
[70,50]   [60,50,10] (30)   2795.39
[70,50]   [60,50,15] (0)   5347.84
[70,50]   [60,50,15] (5)   5318.64
[70,50]   [60,50,15] (10)   5381.11
[70,50]   [60,50,15] (15)   5295.75
[70,50]   [60,50,15] (20)   5397.12
[70,50]   [60,50,15] (25)   4999.36
[70,50]   [60,50,15] (30)   1275.24
[70,50]   [60,50,20] (0)   5309.49
[70,50]   [60,50,20] (5)   5387.82
[70,50]   [60,50,20] (10)   5335.11
[70,50]   [60,50,20] (15)   5382.47
[70,50]   [60,50,20] (20)   5343.62
[70,50]   [60,50,20] (25)   5020.62
[70,50]   [60,50,20] (30)   1036.19
[70,50]   [60,60,5] (0)   2575.4
[70,50]   [60,60,5] (5)   2613.77
[70,50]   [60,60,5] (10)   2613.07
[70,50]   [60,60,5] (15)   2652.57
[70,50]   [60,60,5] (20)   2692.4
[70,50]   [60,60,5] (25)   2406.88
[70,50]   [60,60,5] (30)   976.526
[70,50]   [60,60,10] (0)   2681.17
[70,50]   [60,60,10] (5)   2701.37
[70,50]   [60,60,10] (10)   2716.61
[70,50]   [60,60,10] (15)   2746.89
[70,50]   [60,60,10] (20)   2635.33
[70,50]   [60,60,10] (25)   2736.31
[70,50]   [60,60,10] (30)   878.194
[70,50]   [60,60,15] (0)   2588.01
[70,50]   [60,60,15] (5)   2676.87
[70,50]   [60,60,15] (10)   2666.54
[70,50]   [60,60,15] (15)   2656.33
[70,50]   [60,60,15] (20)   2739.96
[70,50]   [60,60,15] (25)   2570.61
[70,50]   [60,60,15] (30)   1144.38
[70,50]   [60,60,20] (0)   2662.3
[70,50]   [60,60,20] (5)   2607.97
[70,50]   [60,60,20] (10)   2592.66
[70,50]   [60,60,20] (15)   2575.05
[70,50]   [60,60,20] (20)   2627.11
[70,50]   [60,60,20] (25)   2567.93
[70,50]   [60,60,20] (30)   1149.83
