[30,60]   [10,10,5] (0)   6206.59
[30,60]   [10,10,5] (5)   3955.42
[30,60]   [10,10,5] (10)   2729.14
[30,60]   [10,10,5] (15)   2689.54
[30,60]   [10,10,5] (20)   2713
[30,60]   [10,10,5] (25)   2764.57
[30,60]   [10,10,5] (30)   2789.55
[30,60]   [10,10,10] (0)   6290.98
[30,60]   [10,10,10] (5)   6351.39
[30,60]   [10,10,10] (10)   6217.89
[30,60]   [10,10,10] (15)   6170.39
[30,60]   [10,10,10] (20)   6313.57
[30,60]   [10,10,10] (25)   6251.44
[30,60]   [10,10,10] (30)   6300.8
[30,60]   [10,10,15] (0)   6253.02
[30,60]   [10,10,15] (5)   5220.69
[30,60]   [10,10,15] (10)   5119.8
[30,60]   [10,10,15] (15)   5215.79
[30,60]   [10,10,15] (20)   5119.77
[30,60]   [10,10,15] (25)   5038.95
[30,60]   [10,10,15] (30)   5158.37
[30,60]   [10,10,20] (0)   6182.71
[30,60]   [10,10,20] (5)   6633.44
[30,60]   [10,10,20] (10)   6742.46
[30,60]   [10,10,20] (15)   6670.14
[30,60]   [10,10,20] (20)   6651.94
[30,60]   [10,10,20] (25)   6669.11
[30,60]   [10,10,20] (30)   6716.9
[30,60]   [10,20,5] (0)   18831.2
[30,60]   [10,20,5] (5)   18724.1
[30,60]   [10,20,5] (10)   18812.7
[30,60]   [10,20,5] (15)   18731.3
[30,60]   [10,20,5] (20)   18871
[30,60]   [10,20,5] (25)   16496.2
[30,60]   [10,20,5] (30)   12707.9
[30,60]   [10,20,10] (0)   18772.4
[30,60]   [10,20,10] (5)   18660
[30,60]   [10,20,10] (10)   19017.5
[30,60]   [10,20,10] (15)   18821.5
[30,60]   [10,20,10] (20)   18829.1
[30,60]   [10,20,10] (25)   17458.7
[30,60]   [10,20,10] (30)   16503.2
[30,60]   [10,20,15] (0)   18942
[30,60]   [10,20,15] (5)   18939.7
[30,60]   [10,20,15] (10)   18929
[30,60]   [10,20,15] (15)   18852.2
[30,60]   [10,20,15] (20)   18778.5
[30,60]   [10,20,15] (25)   16511.6
[30,60]   [10,20,15] (30)   11867.7
[30,60]   [10,20,20] (0)   18577.4
[30,60]   [10,20,20] (5)   18905.2
[30,60]   [10,20,20] (10)   18884
[30,60]   [10,20,20] (15)   18788.1
[30,60]   [10,20,20] (20)   18819.6
[30,60]   [10,20,20] (25)   14474.9
[30,60]   [10,20,20] (30)   12733.8
[30,60]   [10,30,5] (0)   27274.4
[30,60]   [10,30,5] (5)   27308.1
[30,60]   [10,30,5] (10)   27172.6
[30,60]   [10,30,5] (15)   27292.5
[30,60]   [10,30,5] (20)   27323.1
[30,60]   [10,30,5] (25)   27400.6
[30,60]   [10,30,5] (30)   24839.4
[30,60]   [10,30,10] (0)   27303.5
[30,60]   [10,30,10] (5)   27298
[30,60]   [10,30,10] (10)   27309.3
[30,60]   [10,30,10] (15)   27269.4
[30,60]   [10,30,10] (20)   27320.9
[30,60]   [10,30,10] (25)   27303.6
[30,60]   [10,30,10] (30)   27281.9
[30,60]   [10,30,15] (0)   27150.2
[30,60]   [10,30,15] (5)   27231.6
[30,60]   [10,30,15] (10)   27239.1
[30,60]   [10,30,15] (15)   27228.5
[30,60]   [10,30,15] (20)   27158.8
[30,60]   [10,30,15] (25)   27252.4
[30,60]   [10,30,15] (30)   25532.4
[30,60]   [10,30,20] (0)   27008.2
[30,60]   [10,30,20] (5)   27315.3
[30,60]   [10,30,20] (10)   27259.1
[30,60]   [10,30,20] (15)   27331
[30,60]   [10,30,20] (20)   27168.5
[30,60]   [10,30,20] (25)   27304.1
[30,60]   [10,30,20] (30)   27088.1
[30,60]   [10,40,5] (0)   36811.4
[30,60]   [10,40,5] (5)   36699.1
[30,60]   [10,40,5] (10)   36616.2
[30,60]   [10,40,5] (15)   36873.7
[30,60]   [10,40,5] (20)   36864.2
[30,60]   [10,40,5] (25)   36705.4
[30,60]   [10,40,5] (30)   36701.7
[30,60]   [10,40,10] (0)   36752.9
[30,60]   [10,40,10] (5)   36781.1
[30,60]   [10,40,10] (10)   36607.8
[30,60]   [10,40,10] (15)   36789.2
[30,60]   [10,40,10] (20)   36841.7
[30,60]   [10,40,10] (25)   36811.7
[30,60]   [10,40,10] (30)   36804.3
[30,60]   [10,40,15] (0)   36784.5
[30,60]   [10,40,15] (5)   36748.2
[30,60]   [10,40,15] (10)   36864.5
[30,60]   [10,40,15] (15)   36798.8
[30,60]   [10,40,15] (20)   36843.2
[30,60]   [10,40,15] (25)   36771.8
[30,60]   [10,40,15] (30)   36818.2
[30,60]   [10,40,20] (0)   36818.5
[30,60]   [10,40,20] (5)   36726.8
[30,60]   [10,40,20] (10)   36598.6
[30,60]   [10,40,20] (15)   36701.4
[30,60]   [10,40,20] (20)   36845.9
[30,60]   [10,40,20] (25)   36860.6
[30,60]   [10,40,20] (30)   36860.3
[30,60]   [10,50,5] (0)   49098.8
[30,60]   [10,50,5] (5)   49010.8
[30,60]   [10,50,5] (10)   49027.4
[30,60]   [10,50,5] (15)   48980.7
[30,60]   [10,50,5] (20)   48984.1
[30,60]   [10,50,5] (25)   48974.4
[30,60]   [10,50,5] (30)   48945.9
[30,60]   [10,50,10] (0)   49054.6
[30,60]   [10,50,10] (5)   49041.8
[30,60]   [10,50,10] (10)   49000.9
[30,60]   [10,50,10] (15)   48885.8
[30,60]   [10,50,10] (20)   48996.5
[30,60]   [10,50,10] (25)   48969
[30,60]   [10,50,10] (30)   49031.2
[30,60]   [10,50,15] (0)   49010.2
[30,60]   [10,50,15] (5)   49026.7
[30,60]   [10,50,15] (10)   48970.3
[30,60]   [10,50,15] (15)   48993.8
[30,60]   [10,50,15] (20)   48857.9
[30,60]   [10,50,15] (25)   49028.9
[30,60]   [10,50,15] (30)   49030.2
[30,60]   [10,50,20] (0)   49014.6
[30,60]   [10,50,20] (5)   48976
[30,60]   [10,50,20] (10)   49049.4
[30,60]   [10,50,20] (15)   48918.1
[30,60]   [10,50,20] (20)   48974.9
[30,60]   [10,50,20] (25)   49092.8
[30,60]   [10,50,20] (30)   49003.3
[30,60]   [10,60,5] (0)   51658.5
[30,60]   [10,60,5] (5)   51777.7
[30,60]   [10,60,5] (10)   51695.7
[30,60]   [10,60,5] (15)   51720.7
[30,60]   [10,60,5] (20)   51735.4
[30,60]   [10,60,5] (25)   51694
[30,60]   [10,60,5] (30)   51723.5
[30,60]   [10,60,10] (0)   51682.5
[30,60]   [10,60,10] (5)   51803.5
[30,60]   [10,60,10] (10)   51712.5
[30,60]   [10,60,10] (15)   51644.3
[30,60]   [10,60,10] (20)   51738.1
[30,60]   [10,60,10] (25)   51770.1
[30,60]   [10,60,10] (30)   51718.1
[30,60]   [10,60,15] (0)   51672.7
[30,60]   [10,60,15] (5)   51684.4
[30,60]   [10,60,15] (10)   51751.6
[30,60]   [10,60,15] (15)   51803.3
[30,60]   [10,60,15] (20)   51744
[30,60]   [10,60,15] (25)   51757
[30,60]   [10,60,15] (30)   51828.3
[30,60]   [10,60,20] (0)   51766.6
[30,60]   [10,60,20] (5)   51725.4
[30,60]   [10,60,20] (10)   51671.2
[30,60]   [10,60,20] (15)   51719.9
[30,60]   [10,60,20] (20)   51617.9
[30,60]   [10,60,20] (25)   51758.4
[30,60]   [10,60,20] (30)   51739.6
[30,60]   [20,10,5] (0)   11457.3
[30,60]   [20,10,5] (5)   5346.25
[30,60]   [20,10,5] (10)   2669.95
[30,60]   [20,10,5] (15)   1970.31
[30,60]   [20,10,5] (20)   1813.11
[30,60]   [20,10,5] (25)   1878.07
[30,60]   [20,10,5] (30)   1822.46
[30,60]   [20,10,10] (0)   11554.6
[30,60]   [20,10,10] (5)   8085.96
[30,60]   [20,10,10] (10)   7600.26
[30,60]   [20,10,10] (15)   7545.34
[30,60]   [20,10,10] (20)   7483.88
[30,60]   [20,10,10] (25)   7346.33
[30,60]   [20,10,10] (30)   7584.49
[30,60]   [20,10,15] (0)   11672.9
[30,60]   [20,10,15] (5)   6753.24
[30,60]   [20,10,15] (10)   6112.01
[30,60]   [20,10,15] (15)   6237.81
[30,60]   [20,10,15] (20)   6168.83
[30,60]   [20,10,15] (25)   6174.95
[30,60]   [20,10,15] (30)   6320.87
[30,60]   [20,10,20] (0)   11587
[30,60]   [20,10,20] (5)   8865.48
[30,60]   [20,10,20] (10)   8898.03
[30,60]   [20,10,20] (15)   8907.1
[30,60]   [20,10,20] (20)   9076.12
[30,60]   [20,10,20] (25)   8873.12
[30,60]   [20,10,20] (30)   8979.76
[30,60]   [20,20,5] (0)   10094.1
[30,60]   [20,20,5] (5)   10263.6
[30,60]   [20,20,5] (10)   7869.91
[30,60]   [20,20,5] (15)   5843.67
[30,60]   [20,20,5] (20)   5312.25
[30,60]   [20,20,5] (25)   5466.28
[30,60]   [20,20,5] (30)   5574.36
[30,60]   [20,20,10] (0)   10324.8
[30,60]   [20,20,10] (5)   10416.2
[30,60]   [20,20,10] (10)   9875.83
[30,60]   [20,20,10] (15)   9702.91
[30,60]   [20,20,10] (20)   9430.91
[30,60]   [20,20,10] (25)   9490.73
[30,60]   [20,20,10] (30)   9704.4
[30,60]   [20,20,15] (0)   10247.5
[30,60]   [20,20,15] (5)   10163
[30,60]   [20,20,15] (10)   8507.85
[30,60]   [20,20,15] (15)   8260.62
[30,60]   [20,20,15] (20)   8174.04
[30,60]   [20,20,15] (25)   8114.79
[30,60]   [20,20,15] (30)   8104.76
[30,60]   [20,20,20] (0)   10445.7
[30,60]   [20,20,20] (5)   10213.4
[30,60]   [20,20,20] (10)   10216.1
[30,60]   [20,20,20] (15)   10293.7
[30,60]   [20,20,20] (20)   10251.3
[30,60]   [20,20,20] (25)   10145.6
[30,60]   [20,20,20] (30)   10198.6
[30,60]   [20,30,5] (0)   17158.6
[30,60]   [20,30,5] (5)   17365.5
[30,60]   [20,30,5] (10)   17098.8
[30,60]   [20,30,5] (15)   17150.1
[30,60]   [20,30,5] (20)   17544.7
[30,60]   [20,30,5] (25)   17048
[30,60]   [20,30,5] (30)   14027.7
[30,60]   [20,30,10] (0)   17242.4
[30,60]   [20,30,10] (5)   17186.4
[30,60]   [20,30,10] (10)   17257.2
[30,60]   [20,30,10] (15)   17198.3
[30,60]   [20,30,10] (20)   17187.4
[30,60]   [20,30,10] (25)   17134.6
[30,60]   [20,30,10] (30)   16966.2
[30,60]   [20,30,15] (0)   17270.5
[30,60]   [20,30,15] (5)   17413
[30,60]   [20,30,15] (10)   17156.3
[30,60]   [20,30,15] (15)   17072.4
[30,60]   [20,30,15] (20)   17227
[30,60]   [20,30,15] (25)   17268
[30,60]   [20,30,15] (30)   15663.1
[30,60]   [20,30,20] (0)   17271
[30,60]   [20,30,20] (5)   17320.6
[30,60]   [20,30,20] (10)   17034.3
[30,60]   [20,30,20] (15)   17311.8
[30,60]   [20,30,20] (20)   17293.4
[30,60]   [20,30,20] (25)   17202.4
[30,60]   [20,30,20] (30)   17337.6
[30,60]   [20,40,5] (0)   29013.2
[30,60]   [20,40,5] (5)   29056.6
[30,60]   [20,40,5] (10)   29061.3
[30,60]   [20,40,5] (15)   29015.3
[30,60]   [20,40,5] (20)   28914.3
[30,60]   [20,40,5] (25)   28986.7
[30,60]   [20,40,5] (30)   28936.9
[30,60]   [20,40,10] (0)   28768
[30,60]   [20,40,10] (5)   28970
[30,60]   [20,40,10] (10)   29021.2
[30,60]   [20,40,10] (15)   29063.6
[30,60]   [20,40,10] (20)   28913.6
[30,60]   [20,40,10] (25)   28962.9
[30,60]   [20,40,10] (30)   29044.3
[30,60]   [20,40,15] (0)   29164.4
[30,60]   [20,40,15] (5)   29054
[30,60]   [20,40,15] (10)   29071.1
[30,60]   [20,40,15] (15)   28633.2
[30,60]   [20,40,15] (20)   28950.6
[30,60]   [20,40,15] (25)   29006.4
[30,60]   [20,40,15] (30)   29084.5
[30,60]   [20,40,20] (0)   28930.4
[30,60]   [20,40,20] (5)   29054.5
[30,60]   [20,40,20] (10)   29044.1
[30,60]   [20,40,20] (15)   29044.3
[30,60]   [20,40,20] (20)   29052.2
[30,60]   [20,40,20] (25)   28982.3
[30,60]   [20,40,20] (30)   28997.9
[30,60]   [20,50,5] (0)   34854.9
[30,60]   [20,50,5] (5)   34860.4
[30,60]   [20,50,5] (10)   34984.1
[30,60]   [20,50,5] (15)   35096.7
[30,60]   [20,50,5] (20)   34994.4
[30,60]   [20,50,5] (25)   34888.1
[30,60]   [20,50,5] (30)   34922.2
[30,60]   [20,50,10] (0)   34870.4
[30,60]   [20,50,10] (5)   34857.6
[30,60]   [20,50,10] (10)   34952.7
[30,60]   [20,50,10] (15)   34909
[30,60]   [20,50,10] (20)   34700.6
[30,60]   [20,50,10] (25)   35002.7
[30,60]   [20,50,10] (30)   35011.3
[30,60]   [20,50,15] (0)   34826.7
[30,60]   [20,50,15] (5)   34890.2
[30,60]   [20,50,15] (10)   34894.7
[30,60]   [20,50,15] (15)   35009.3
[30,60]   [20,50,15] (20)   34914.7
[30,60]   [20,50,15] (25)   34902.4
[30,60]   [20,50,15] (30)   34939.1
[30,60]   [20,50,20] (0)   34816.2
[30,60]   [20,50,20] (5)   34748.9
[30,60]   [20,50,20] (10)   34985
[30,60]   [20,50,20] (15)   34869.6
[30,60]   [20,50,20] (20)   34572.1
[30,60]   [20,50,20] (25)   34985.6
[30,60]   [20,50,20] (30)   34963
[30,60]   [20,60,5] (0)   41993.1
[30,60]   [20,60,5] (5)   41943.4
[30,60]   [20,60,5] (10)   41875.6
[30,60]   [20,60,5] (15)   41907.2
[30,60]   [20,60,5] (20)   42001.3
[30,60]   [20,60,5] (25)   41989.7
[30,60]   [20,60,5] (30)   41758.5
[30,60]   [20,60,10] (0)   41881.7
[30,60]   [20,60,10] (5)   42015.1
[30,60]   [20,60,10] (10)   41919
[30,60]   [20,60,10] (15)   41811.6
[30,60]   [20,60,10] (20)   41966.8
[30,60]   [20,60,10] (25)   42033.6
[30,60]   [20,60,10] (30)   41968.4
[30,60]   [20,60,15] (0)   42006.3
[30,60]   [20,60,15] (5)   41940.2
[30,60]   [20,60,15] (10)   41876.3
[30,60]   [20,60,15] (15)   42020.4
[30,60]   [20,60,15] (20)   42012.8
[30,60]   [20,60,15] (25)   42030.8
[30,60]   [20,60,15] (30)   42025.2
[30,60]   [20,60,20] (0)   41971.8
[30,60]   [20,60,20] (5)   41946.7
[30,60]   [20,60,20] (10)   42068.9
[30,60]   [20,60,20] (15)   42015
[30,60]   [20,60,20] (20)   41891.5
[30,60]   [20,60,20] (25)   41977.3
[30,60]   [20,60,20] (30)   41971.2
[30,60]   [30,10,5] (0)   19106.4
[30,60]   [30,10,5] (5)   9473.91
[30,60]   [30,10,5] (10)   3908.4
[30,60]   [30,10,5] (15)   2468.61
[30,60]   [30,10,5] (20)   1772.85
[30,60]   [30,10,5] (25)   1594.89
[30,60]   [30,10,5] (30)   1566.94
[30,60]   [30,10,10] (0)   18972.6
[30,60]   [30,10,10] (5)   10245.5
[30,60]   [30,10,10] (10)   8716.53
[30,60]   [30,10,10] (15)   8196.76
[30,60]   [30,10,10] (20)   7961.95
[30,60]   [30,10,10] (25)   8055.05
[30,60]   [30,10,10] (30)   8079.85
[30,60]   [30,10,15] (0)   19187.2
[30,60]   [30,10,15] (5)   8313.82
[30,60]   [30,10,15] (10)   7594.93
[30,60]   [30,10,15] (15)   7210.47
[30,60]   [30,10,15] (20)   6959.75
[30,60]   [30,10,15] (25)   6940.54
[30,60]   [30,10,15] (30)   7044.52
[30,60]   [30,10,20] (0)   19340.2
[30,60]   [30,10,20] (5)   10261.9
[30,60]   [30,10,20] (10)   9892.23
[30,60]   [30,10,20] (15)   10612.5
[30,60]   [30,10,20] (20)   10334.5
[30,60]   [30,10,20] (25)   10285.6
[30,60]   [30,10,20] (30)   10286.5
[30,60]   [30,20,5] (0)   11580.8
[30,60]   [30,20,5] (5)   11649.3
[30,60]   [30,20,5] (10)   9541.52
[30,60]   [30,20,5] (15)   5965.35
[30,60]   [30,20,5] (20)   3865.68
[30,60]   [30,20,5] (25)   3187.37
[30,60]   [30,20,5] (30)   3163.47
[30,60]   [30,20,10] (0)   11792.2
[30,60]   [30,20,10] (5)   11722.7
[30,60]   [30,20,10] (10)   11201.5
[30,60]   [30,20,10] (15)   10123.3
[30,60]   [30,20,10] (20)   9763.4
[30,60]   [30,20,10] (25)   9580.1
[30,60]   [30,20,10] (30)   9527.02
[30,60]   [30,20,15] (0)   11631.1
[30,60]   [30,20,15] (5)   11639.1
[30,60]   [30,20,15] (10)   9695.35
[30,60]   [30,20,15] (15)   8976.76
[30,60]   [30,20,15] (20)   8481.94
[30,60]   [30,20,15] (25)   8467.4
[30,60]   [30,20,15] (30)   8364.48
[30,60]   [30,20,20] (0)   11700.1
[30,60]   [30,20,20] (5)   11616.8
[30,60]   [30,20,20] (10)   11567.7
[30,60]   [30,20,20] (15)   11410.3
[30,60]   [30,20,20] (20)   11251.8
[30,60]   [30,20,20] (25)   11279.6
[30,60]   [30,20,20] (30)   11379.8
[30,60]   [30,30,5] (0)   18630.2
[30,60]   [30,30,5] (5)   18665
[30,60]   [30,30,5] (10)   18775.6
[30,60]   [30,30,5] (15)   11152.7
[30,60]   [30,30,5] (20)   7973.47
[30,60]   [30,30,5] (25)   6443.72
[30,60]   [30,30,5] (30)   6313.59
[30,60]   [30,30,10] (0)   18642.3
[30,60]   [30,30,10] (5)   18639.8
[30,60]   [30,30,10] (10)   17418.8
[30,60]   [30,30,10] (15)   12816.9
[30,60]   [30,30,10] (20)   11998.7
[30,60]   [30,30,10] (25)   11472.7
[30,60]   [30,30,10] (30)   11600.7
[30,60]   [30,30,15] (0)   18595.5
[30,60]   [30,30,15] (5)   18728.9
[30,60]   [30,30,15] (10)   18676.6
[30,60]   [30,30,15] (15)   12287.1
[30,60]   [30,30,15] (20)   11588.2
[30,60]   [30,30,15] (25)   11570.8
[30,60]   [30,30,15] (30)   11670.4
[30,60]   [30,30,20] (0)   18658.2
[30,60]   [30,30,20] (5)   18604.4
[30,60]   [30,30,20] (10)   18336.5
[30,60]   [30,30,20] (15)   12844.5
[30,60]   [30,30,20] (20)   12627.4
[30,60]   [30,30,20] (25)   12721.2
[30,60]   [30,30,20] (30)   12872.3
[30,60]   [30,40,5] (0)   17772.5
[30,60]   [30,40,5] (5)   17575.5
[30,60]   [30,40,5] (10)   17496
[30,60]   [30,40,5] (15)   17347.2
[30,60]   [30,40,5] (20)   17665.7
[30,60]   [30,40,5] (25)   17203.4
[30,60]   [30,40,5] (30)   17563.2
[30,60]   [30,40,10] (0)   17396.7
[30,60]   [30,40,10] (5)   17837.8
[30,60]   [30,40,10] (10)   17817.4
[30,60]   [30,40,10] (15)   17366.6
[30,60]   [30,40,10] (20)   17688.8
[30,60]   [30,40,10] (25)   17426.5
[30,60]   [30,40,10] (30)   17441.1
[30,60]   [30,40,15] (0)   17387
[30,60]   [30,40,15] (5)   17491.3
[30,60]   [30,40,15] (10)   17546.8
[30,60]   [30,40,15] (15)   17470.2
[30,60]   [30,40,15] (20)   17617.4
[30,60]   [30,40,15] (25)   17799.6
[30,60]   [30,40,15] (30)   17002.4
[30,60]   [30,40,20] (0)   17364.8
[30,60]   [30,40,20] (5)   17602.6
[30,60]   [30,40,20] (10)   17473.8
[30,60]   [30,40,20] (15)   17389.1
[30,60]   [30,40,20] (20)   17530.3
[30,60]   [30,40,20] (25)   17362
[30,60]   [30,40,20] (30)   17450.3
[30,60]   [30,50,5] (0)   25480.2
[30,60]   [30,50,5] (5)   25758
[30,60]   [30,50,5] (10)   25491.2
[30,60]   [30,50,5] (15)   25606.3
[30,60]   [30,50,5] (20)   25738.6
[30,60]   [30,50,5] (25)   25330.6
[30,60]   [30,50,5] (30)   25557.4
[30,60]   [30,50,10] (0)   25539.2
[30,60]   [30,50,10] (5)   25473.8
[30,60]   [30,50,10] (10)   25923.3
[30,60]   [30,50,10] (15)   25648.6
[30,60]   [30,50,10] (20)   25787.3
[30,60]   [30,50,10] (25)   25449.6
[30,60]   [30,50,10] (30)   25546.9
[30,60]   [30,50,15] (0)   25718.6
[30,60]   [30,50,15] (5)   25797.2
[30,60]   [30,50,15] (10)   25442.1
[30,60]   [30,50,15] (15)   25615.2
[30,60]   [30,50,15] (20)   25448.6
[30,60]   [30,50,15] (25)   25641.2
[30,60]   [30,50,15] (30)   25897.3
[30,60]   [30,50,20] (0)   25747.2
[30,60]   [30,50,20] (5)   25753
[30,60]   [30,50,20] (10)   25739.2
[30,60]   [30,50,20] (15)   25667.3
[30,60]   [30,50,20] (20)   25709.5
[30,60]   [30,50,20] (25)   25608.7
[30,60]   [30,50,20] (30)   25792.9
[30,60]   [30,60,5] (0)   62117.7
[30,60]   [30,60,5] (5)   62173.8
[30,60]   [30,60,5] (10)   61966.2
[30,60]   [30,60,5] (15)   61954
[30,60]   [30,60,5] (20)   62072.5
[30,60]   [30,60,5] (25)   62023.4
[30,60]   [30,60,5] (30)   61920.2
[30,60]   [30,60,10] (0)   62157.5
[30,60]   [30,60,10] (5)   62239.4
[30,60]   [30,60,10] (10)   62032
[30,60]   [30,60,10] (15)   62166
[30,60]   [30,60,10] (20)   62101.1
[30,60]   [30,60,10] (25)   62020.9
[30,60]   [30,60,10] (30)   61984.4
[30,60]   [30,60,15] (0)   62149.4
[30,60]   [30,60,15] (5)   62234.5
[30,60]   [30,60,15] (10)   62261.4
[30,60]   [30,60,15] (15)   62078.3
[30,60]   [30,60,15] (20)   61861.1
[30,60]   [30,60,15] (25)   62208.5
[30,60]   [30,60,15] (30)   62050.2
[30,60]   [30,60,20] (0)   62097.6
[30,60]   [30,60,20] (5)   62053.8
[30,60]   [30,60,20] (10)   61966.5
[30,60]   [30,60,20] (15)   61775.8
[30,60]   [30,60,20] (20)   62103.6
[30,60]   [30,60,20] (25)   61934.5
[30,60]   [30,60,20] (30)   62116.5
[30,60]   [40,10,5] (0)   26191.4
[30,60]   [40,10,5] (5)   15535.3
[30,60]   [40,10,5] (10)   4817.93
[30,60]   [40,10,5] (15)   3200
[30,60]   [40,10,5] (20)   2398.91
[30,60]   [40,10,5] (25)   1805.29
[30,60]   [40,10,5] (30)   1532.93
[30,60]   [40,10,10] (0)   26410.8
[30,60]   [40,10,10] (5)   17159.3
[30,60]   [40,10,10] (10)   9816.83
[30,60]   [40,10,10] (15)   9348.4
[30,60]   [40,10,10] (20)   8797.16
[30,60]   [40,10,10] (25)   8472.31
[30,60]   [40,10,10] (30)   8527.08
[30,60]   [40,10,15] (0)   26628.6
[30,60]   [40,10,15] (5)   11147.9
[30,60]   [40,10,15] (10)   8819.69
[30,60]   [40,10,15] (15)   8127.79
[30,60]   [40,10,15] (20)   7984.2
[30,60]   [40,10,15] (25)   7650.74
[30,60]   [40,10,15] (30)   7576.22
[30,60]   [40,10,20] (0)   26430.3
[30,60]   [40,10,20] (5)   11766.1
[30,60]   [40,10,20] (10)   11159.1
[30,60]   [40,10,20] (15)   11064.9
[30,60]   [40,10,20] (20)   10813.5
[30,60]   [40,10,20] (25)   10655.4
[30,60]   [40,10,20] (30)   10688.6
[30,60]   [40,20,5] (0)   17260.8
[30,60]   [40,20,5] (5)   17217.7
[30,60]   [40,20,5] (10)   12993
[30,60]   [40,20,5] (15)   6770.31
[30,60]   [40,20,5] (20)   4403.82
[30,60]   [40,20,5] (25)   3309.96
[30,60]   [40,20,5] (30)   2803.57
[30,60]   [40,20,10] (0)   17374.3
[30,60]   [40,20,10] (5)   17316.3
[30,60]   [40,20,10] (10)   14078.1
[30,60]   [40,20,10] (15)   11230
[30,60]   [40,20,10] (20)   10260.8
[30,60]   [40,20,10] (25)   9643.21
[30,60]   [40,20,10] (30)   9454.06
[30,60]   [40,20,15] (0)   17309.6
[30,60]   [40,20,15] (5)   17403.3
[30,60]   [40,20,15] (10)   12355.1
[30,60]   [40,20,15] (15)   9931.42
[30,60]   [40,20,15] (20)   8987.8
[30,60]   [40,20,15] (25)   8422.75
[30,60]   [40,20,15] (30)   8395.72
[30,60]   [40,20,20] (0)   17200.9
[30,60]   [40,20,20] (5)   17359
[30,60]   [40,20,20] (10)   13392.5
[30,60]   [40,20,20] (15)   12158
[30,60]   [40,20,20] (20)   12064.6
[30,60]   [40,20,20] (25)   12022.8
[30,60]   [40,20,20] (30)   12044
[30,60]   [40,30,5] (0)   13957.1
[30,60]   [40,30,5] (5)   14169.8
[30,60]   [40,30,5] (10)   14054.2
[30,60]   [40,30,5] (15)   12330
[30,60]   [40,30,5] (20)   8415.32
[30,60]   [40,30,5] (25)   5653.11
[30,60]   [40,30,5] (30)   4598.1
[30,60]   [40,30,10] (0)   14009.7
[30,60]   [40,30,10] (5)   13971.7
[30,60]   [40,30,10] (10)   14013.5
[30,60]   [40,30,10] (15)   13738
[30,60]   [40,30,10] (20)   12456.7
[30,60]   [40,30,10] (25)   11449.7
[30,60]   [40,30,10] (30)   11127.1
[30,60]   [40,30,15] (0)   13930.2
[30,60]   [40,30,15] (5)   13991.3
[30,60]   [40,30,15] (10)   13332.5
[30,60]   [40,30,15] (15)   12793.5
[30,60]   [40,30,15] (20)   11139.7
[30,60]   [40,30,15] (25)   10428.2
[30,60]   [40,30,15] (30)   10378
[30,60]   [40,30,20] (0)   14011.2
[30,60]   [40,30,20] (5)   13951.8
[30,60]   [40,30,20] (10)   14079.1
[30,60]   [40,30,20] (15)   13748.2
[30,60]   [40,30,20] (20)   13309.1
[30,60]   [40,30,20] (25)   12785
[30,60]   [40,30,20] (30)   12849.5
[30,60]   [40,40,5] (0)   14917.3
[30,60]   [40,40,5] (5)   14977.6
[30,60]   [40,40,5] (10)   14769.7
[30,60]   [40,40,5] (15)   14606.8
[30,60]   [40,40,5] (20)   13839.5
[30,60]   [40,40,5] (25)   10995.4
[30,60]   [40,40,5] (30)   8397.78
[30,60]   [40,40,10] (0)   14867.6
[30,60]   [40,40,10] (5)   14656
[30,60]   [40,40,10] (10)   15056
[30,60]   [40,40,10] (15)   15067.7
[30,60]   [40,40,10] (20)   14913.8
[30,60]   [40,40,10] (25)   13975
[30,60]   [40,40,10] (30)   13197.1
[30,60]   [40,40,15] (0)   15022.2
[30,60]   [40,40,15] (5)   14901.9
[30,60]   [40,40,15] (10)   14964.9
[30,60]   [40,40,15] (15)   14508
[30,60]   [40,40,15] (20)   14130
[30,60]   [40,40,15] (25)   12990.2
[30,60]   [40,40,15] (30)   12630.9
[30,60]   [40,40,20] (0)   15029.2
[30,60]   [40,40,20] (5)   14987.7
[30,60]   [40,40,20] (10)   14928
[30,60]   [40,40,20] (15)   15038.1
[30,60]   [40,40,20] (20)   15028.6
[30,60]   [40,40,20] (25)   14533.4
[30,60]   [40,40,20] (30)   14522.3
[30,60]   [40,50,5] (0)   22621.2
[30,60]   [40,50,5] (5)   22227.4
[30,60]   [40,50,5] (10)   22836.8
[30,60]   [40,50,5] (15)   22092.7
[30,60]   [40,50,5] (20)   22583.1
[30,60]   [40,50,5] (25)   22537.7
[30,60]   [40,50,5] (30)   22296
[30,60]   [40,50,10] (0)   22439.5
[30,60]   [40,50,10] (5)   22742
[30,60]   [40,50,10] (10)   22782.6
[30,60]   [40,50,10] (15)   22473.6
[30,60]   [40,50,10] (20)   22023.3
[30,60]   [40,50,10] (25)   22329.8
[30,60]   [40,50,10] (30)   21378.2
[30,60]   [40,50,15] (0)   22198.7
[30,60]   [40,50,15] (5)   22608.9
[30,60]   [40,50,15] (10)   22524.3
[30,60]   [40,50,15] (15)   22771.3
[30,60]   [40,50,15] (20)   22631
[30,60]   [40,50,15] (25)   21482
[30,60]   [40,50,15] (30)   22556.3
[30,60]   [40,50,20] (0)   22402.5
[30,60]   [40,50,20] (5)   22626.4
[30,60]   [40,50,20] (10)   22197.7
[30,60]   [40,50,20] (15)   22609.1
[30,60]   [40,50,20] (20)   21993.4
[30,60]   [40,50,20] (25)   22339.5
[30,60]   [40,50,20] (30)   20700.3
[30,60]   [40,60,5] (0)   25487.3
[30,60]   [40,60,5] (5)   25388.9
[30,60]   [40,60,5] (10)   25313.3
[30,60]   [40,60,5] (15)   25256.7
[30,60]   [40,60,5] (20)   25284.8
[30,60]   [40,60,5] (25)   25333.5
[30,60]   [40,60,5] (30)   25180.9
[30,60]   [40,60,10] (0)   25450.6
[30,60]   [40,60,10] (5)   25367.1
[30,60]   [40,60,10] (10)   25297.1
[30,60]   [40,60,10] (15)   25250.2
[30,60]   [40,60,10] (20)   25271.7
[30,60]   [40,60,10] (25)   25435.3
[30,60]   [40,60,10] (30)   25480.3
[30,60]   [40,60,15] (0)   25266.9
[30,60]   [40,60,15] (5)   25373
[30,60]   [40,60,15] (10)   25368.8
[30,60]   [40,60,15] (15)   25624
[30,60]   [40,60,15] (20)   25325.4
[30,60]   [40,60,15] (25)   25250.4
[30,60]   [40,60,15] (30)   25291.4
[30,60]   [40,60,20] (0)   25449.4
[30,60]   [40,60,20] (5)   25404
[30,60]   [40,60,20] (10)   25484.2
[30,60]   [40,60,20] (15)   25473.1
[30,60]   [40,60,20] (20)   25472.3
[30,60]   [40,60,20] (25)   25493.7
[30,60]   [40,60,20] (30)   25642.2
[30,60]   [50,10,5] (0)   35596.6
[30,60]   [50,10,5] (5)   22168.2
[30,60]   [50,10,5] (10)   5929.05
[30,60]   [50,10,5] (15)   4091.67
[30,60]   [50,10,5] (20)   3015.15
[30,60]   [50,10,5] (25)   2370.47
[30,60]   [50,10,5] (30)   1884.95
[30,60]   [50,10,10] (0)   35646.2
[30,60]   [50,10,10] (5)   23364.7
[30,60]   [50,10,10] (10)   11189.3
[30,60]   [50,10,10] (15)   10268.7
[30,60]   [50,10,10] (20)   9623.38
[30,60]   [50,10,10] (25)   9305.24
[30,60]   [50,10,10] (30)   8695.96
[30,60]   [50,10,15] (0)   35495.3
[30,60]   [50,10,15] (5)   18683.2
[30,60]   [50,10,15] (10)   10028.5
[30,60]   [50,10,15] (15)   8893.18
[30,60]   [50,10,15] (20)   8849.76
[30,60]   [50,10,15] (25)   8226.21
[30,60]   [50,10,15] (30)   7868.6
[30,60]   [50,10,20] (0)   35267.1
[30,60]   [50,10,20] (5)   17775.7
[30,60]   [50,10,20] (10)   12315.2
[30,60]   [50,10,20] (15)   12357
[30,60]   [50,10,20] (20)   12055.1
[30,60]   [50,10,20] (25)   11763.5
[30,60]   [50,10,20] (30)   11736
[30,60]   [50,20,5] (0)   22977.7
[30,60]   [50,20,5] (5)   22391.2
[30,60]   [50,20,5] (10)   18520.3
[30,60]   [50,20,5] (15)   7818.31
[30,60]   [50,20,5] (20)   5314.81
[30,60]   [50,20,5] (25)   3877.9
[30,60]   [50,20,5] (30)   3016.9
[30,60]   [50,20,10] (0)   22601.1
[30,60]   [50,20,10] (5)   22687.7
[30,60]   [50,20,10] (10)   19703.9
[30,60]   [50,20,10] (15)   12176.7
[30,60]   [50,20,10] (20)   11283
[30,60]   [50,20,10] (25)   10579.5
[30,60]   [50,20,10] (30)   9986.59
[30,60]   [50,20,15] (0)   23006.3
[30,60]   [50,20,15] (5)   22698.4
[30,60]   [50,20,15] (10)   16970
[30,60]   [50,20,15] (15)   11130.7
[30,60]   [50,20,15] (20)   10108.6
[30,60]   [50,20,15] (25)   9609.74
[30,60]   [50,20,15] (30)   9231.27
[30,60]   [50,20,20] (0)   22689.5
[30,60]   [50,20,20] (5)   22613.3
[30,60]   [50,20,20] (10)   17493.9
[30,60]   [50,20,20] (15)   13119.1
[30,60]   [50,20,20] (20)   13433.2
[30,60]   [50,20,20] (25)   12792
[30,60]   [50,20,20] (30)   12674.3
[30,60]   [50,30,5] (0)   15235.2
[30,60]   [50,30,5] (5)   15207.6
[30,60]   [50,30,5] (10)   15056.9
[30,60]   [50,30,5] (15)   14036.3
[30,60]   [50,30,5] (20)   9525.52
[30,60]   [50,30,5] (25)   6332.35
[30,60]   [50,30,5] (30)   4888.3
[30,60]   [50,30,10] (0)   15343.5
[30,60]   [50,30,10] (5)   15418.6
[30,60]   [50,30,10] (10)   15237.3
[30,60]   [50,30,10] (15)   15119.9
[30,60]   [50,30,10] (20)   13482.9
[30,60]   [50,30,10] (25)   12444
[30,60]   [50,30,10] (30)   11490
[30,60]   [50,30,15] (0)   15171.8
[30,60]   [50,30,15] (5)   15416.8
[30,60]   [50,30,15] (10)   15047.9
[30,60]   [50,30,15] (15)   14025.3
[30,60]   [50,30,15] (20)   12159.1
[30,60]   [50,30,15] (25)   11220
[30,60]   [50,30,15] (30)   10537.1
[30,60]   [50,30,20] (0)   15140.2
[30,60]   [50,30,20] (5)   15204.4
[30,60]   [50,30,20] (10)   15338.8
[30,60]   [50,30,20] (15)   15263.5
[30,60]   [50,30,20] (20)   14211.7
[30,60]   [50,30,20] (25)   13815.4
[30,60]   [50,30,20] (30)   13484.5
[30,60]   [50,40,5] (0)   18892.8
[30,60]   [50,40,5] (5)   18723.2
[30,60]   [50,40,5] (10)   18866.8
[30,60]   [50,40,5] (15)   18837.1
[30,60]   [50,40,5] (20)   14399.8
[30,60]   [50,40,5] (25)   11901.2
[30,60]   [50,40,5] (30)   8041.56
[30,60]   [50,40,10] (0)   18858.2
[30,60]   [50,40,10] (5)   18667.9
[30,60]   [50,40,10] (10)   18799.1
[30,60]   [50,40,10] (15)   18716.3
[30,60]   [50,40,10] (20)   15691.4
[30,60]   [50,40,10] (25)   14784.8
[30,60]   [50,40,10] (30)   13512.5
[30,60]   [50,40,15] (0)   18650
[30,60]   [50,40,15] (5)   18741.4
[30,60]   [50,40,15] (10)   18775.9
[30,60]   [50,40,15] (15)   18810
[30,60]   [50,40,15] (20)   15075.3
[30,60]   [50,40,15] (25)   13674.1
[30,60]   [50,40,15] (30)   12333.7
[30,60]   [50,40,20] (0)   18711.6
[30,60]   [50,40,20] (5)   18839.4
[30,60]   [50,40,20] (10)   18579.8
[30,60]   [50,40,20] (15)   18841.4
[30,60]   [50,40,20] (20)   15659.7
[30,60]   [50,40,20] (25)   15231.1
[30,60]   [50,40,20] (30)   14938.6
[30,60]   [50,50,5] (0)   17146.3
[30,60]   [50,50,5] (5)   17237.5
[30,60]   [50,50,5] (10)   16988.8
[30,60]   [50,50,5] (15)   17272.5
[30,60]   [50,50,5] (20)   16913.3
[30,60]   [50,50,5] (25)   16127.5
[30,60]   [50,50,5] (30)   13839.6
[30,60]   [50,50,10] (0)   17171.7
[30,60]   [50,50,10] (5)   17325.8
[30,60]   [50,50,10] (10)   17207.2
[30,60]   [50,50,10] (15)   17101.9
[30,60]   [50,50,10] (20)   16964
[30,60]   [50,50,10] (25)   17099.7
[30,60]   [50,50,10] (30)   16263.8
[30,60]   [50,50,15] (0)   17275.7
[30,60]   [50,50,15] (5)   16989.6
[30,60]   [50,50,15] (10)   17155.7
[30,60]   [50,50,15] (15)   17292.7
[30,60]   [50,50,15] (20)   17026.5
[30,60]   [50,50,15] (25)   16383.2
[30,60]   [50,50,15] (30)   15162.2
[30,60]   [50,50,20] (0)   17350.1
[30,60]   [50,50,20] (5)   17101.3
[30,60]   [50,50,20] (10)   16919.5
[30,60]   [50,50,20] (15)   17118
[30,60]   [50,50,20] (20)   17256.4
[30,60]   [50,50,20] (25)   17056.7
[30,60]   [50,50,20] (30)   16541.5
[30,60]   [50,60,5] (0)   17191.9
[30,60]   [50,60,5] (5)   18453
[30,60]   [50,60,5] (10)   19342.4
[30,60]   [50,60,5] (15)   18926.8
[30,60]   [50,60,5] (20)   19485.1
[30,60]   [50,60,5] (25)   18984
[30,60]   [50,60,5] (30)   16945.6
[30,60]   [50,60,10] (0)   18810
[30,60]   [50,60,10] (5)   19171.7
[30,60]   [50,60,10] (10)   19121.2
[30,60]   [50,60,10] (15)   19197.9
[30,60]   [50,60,10] (20)   19204.6
[30,60]   [50,60,10] (25)   19112.9
[30,60]   [50,60,10] (30)   18580.9
[30,60]   [50,60,15] (0)   19440.1
[30,60]   [50,60,15] (5)   19025.2
[30,60]   [50,60,15] (10)   19191.2
[30,60]   [50,60,15] (15)   19329.8
[30,60]   [50,60,15] (20)   19077.8
[30,60]   [50,60,15] (25)   19037.4
[30,60]   [50,60,15] (30)   17629.2
[30,60]   [50,60,20] (0)   20333.6
[30,60]   [50,60,20] (5)   19342.2
[30,60]   [50,60,20] (10)   19281.8
[30,60]   [50,60,20] (15)   19000.7
[30,60]   [50,60,20] (20)   19221.4
[30,60]   [50,60,20] (25)   19245.4
[30,60]   [50,60,20] (30)   18721.2
[30,60]   [60,10,5] (0)   38781.2
[30,60]   [60,10,5] (5)   25834
[30,60]   [60,10,5] (10)   7299.33
[30,60]   [60,10,5] (15)   4722.91
[30,60]   [60,10,5] (20)   3530.43
[30,60]   [60,10,5] (25)   2844.56
[30,60]   [60,10,5] (30)   2243.2
[30,60]   [60,10,10] (0)   38303.1
[30,60]   [60,10,10] (5)   28213.2
[30,60]   [60,10,10] (10)   15746.1
[30,60]   [60,10,10] (15)   11234.9
[30,60]   [60,10,10] (20)   10394.3
[30,60]   [60,10,10] (25)   9883.94
[30,60]   [60,10,10] (30)   9526.59
[30,60]   [60,10,15] (0)   37961.3
[30,60]   [60,10,15] (5)   22504.7
[30,60]   [60,10,15] (10)   12356.7
[30,60]   [60,10,15] (15)   9926.39
[30,60]   [60,10,15] (20)   9740.86
[30,60]   [60,10,15] (25)   8962.27
[30,60]   [60,10,15] (30)   8830.71
[30,60]   [60,10,20] (0)   38299
[30,60]   [60,10,20] (5)   23277.7
[30,60]   [60,10,20] (10)   12702.5
[30,60]   [60,10,20] (15)   13631.7
[30,60]   [60,10,20] (20)   12960.2
[30,60]   [60,10,20] (25)   12674.9
[30,60]   [60,10,20] (30)   12482.8
[30,60]   [60,20,5] (0)   28513.7
[30,60]   [60,20,5] (5)   28765
[30,60]   [60,20,5] (10)   23317.7
[30,60]   [60,20,5] (15)   8804.71
[30,60]   [60,20,5] (20)   6120.42
[30,60]   [60,20,5] (25)   4430.21
[30,60]   [60,20,5] (30)   3594.93
[30,60]   [60,20,10] (0)   28507.7
[30,60]   [60,20,10] (5)   28492.5
[30,60]   [60,20,10] (10)   24789
[30,60]   [60,20,10] (15)   13153.6
[30,60]   [60,20,10] (20)   12240.4
[30,60]   [60,20,10] (25)   11215.7
[30,60]   [60,20,10] (30)   10610.5
[30,60]   [60,20,15] (0)   28261.8
[30,60]   [60,20,15] (5)   28357.5
[30,60]   [60,20,15] (10)   22550.5
[30,60]   [60,20,15] (15)   12044.5
[30,60]   [60,20,15] (20)   11118.6
[30,60]   [60,20,15] (25)   10384.1
[30,60]   [60,20,15] (30)   9947.99
[30,60]   [60,20,20] (0)   28540.4
[30,60]   [60,20,20] (5)   28356.9
[30,60]   [60,20,20] (10)   23453.2
[30,60]   [60,20,20] (15)   14341.2
[30,60]   [60,20,20] (20)   13757.6
[30,60]   [60,20,20] (25)   13612.3
[30,60]   [60,20,20] (30)   13258.1
[30,60]   [60,30,5] (0)   22978
[30,60]   [60,30,5] (5)   23051.4
[30,60]   [60,30,5] (10)   22637.5
[30,60]   [60,30,5] (15)   17537.5
[30,60]   [60,30,5] (20)   10294.4
[30,60]   [60,30,5] (25)   7213.83
[30,60]   [60,30,5] (30)   5302.52
[30,60]   [60,30,10] (0)   23136.7
[30,60]   [60,30,10] (5)   23123.8
[30,60]   [60,30,10] (10)   23097.8
[30,60]   [60,30,10] (15)   18549.1
[30,60]   [60,30,10] (20)   14325.5
[30,60]   [60,30,10] (25)   13090.7
[30,60]   [60,30,10] (30)   12055.3
[30,60]   [60,30,15] (0)   23239.1
[30,60]   [60,30,15] (5)   23070.2
[30,60]   [60,30,15] (10)   23245
[30,60]   [60,30,15] (15)   18513.2
[30,60]   [60,30,15] (20)   14380.9
[30,60]   [60,30,15] (25)   13809.5
[30,60]   [60,30,15] (30)   12966.6
[30,60]   [60,30,20] (0)   23097.3
[30,60]   [60,30,20] (5)   23166.4
[30,60]   [60,30,20] (10)   23146.4
[30,60]   [60,30,20] (15)   17326.6
[30,60]   [60,30,20] (20)   15167.3
[30,60]   [60,30,20] (25)   14752.1
[30,60]   [60,30,20] (30)   14623.9
[30,60]   [60,40,5] (0)   17212.4
[30,60]   [60,40,5] (5)   16966
[30,60]   [60,40,5] (10)   17149.4
[30,60]   [60,40,5] (15)   16835.6
[30,60]   [60,40,5] (20)   15579.7
[30,60]   [60,40,5] (25)   12667.3
[30,60]   [60,40,5] (30)   8653.52
[30,60]   [60,40,10] (0)   17003.9
[30,60]   [60,40,10] (5)   17132.9
[30,60]   [60,40,10] (10)   16755
[30,60]   [60,40,10] (15)   17136.2
[30,60]   [60,40,10] (20)   16869.6
[30,60]   [60,40,10] (25)   15696.5
[30,60]   [60,40,10] (30)   14216.2
[30,60]   [60,40,15] (0)   16908.1
[30,60]   [60,40,15] (5)   16903.4
[30,60]   [60,40,15] (10)   17128.1
[30,60]   [60,40,15] (15)   16661.2
[30,60]   [60,40,15] (20)   15866.9
[30,60]   [60,40,15] (25)   14423.9
[30,60]   [60,40,15] (30)   13172.3
[30,60]   [60,40,20] (0)   17139.3
[30,60]   [60,40,20] (5)   17013.5
[30,60]   [60,40,20] (10)   16916.1
[30,60]   [60,40,20] (15)   17156.8
[30,60]   [60,40,20] (20)   16723.1
[30,60]   [60,40,20] (25)   16265.9
[30,60]   [60,40,20] (30)   15489.1
[30,60]   [60,50,5] (0)   17787.8
[30,60]   [60,50,5] (5)   17860
[30,60]   [60,50,5] (10)   18004.4
[30,60]   [60,50,5] (15)   17954.4
[30,60]   [60,50,5] (20)   17871.8
[30,60]   [60,50,5] (25)   17151.5
[30,60]   [60,50,5] (30)   14379.2
[30,60]   [60,50,10] (0)   17830.6
[30,60]   [60,50,10] (5)   17865.8
[30,60]   [60,50,10] (10)   17837.6
[30,60]   [60,50,10] (15)   18123.8
[30,60]   [60,50,10] (20)   17801.4
[30,60]   [60,50,10] (25)   17791.1
[30,60]   [60,50,10] (30)   16860.2
[30,60]   [60,50,15] (0)   17953.3
[30,60]   [60,50,15] (5)   18009.9
[30,60]   [60,50,15] (10)   18057.1
[30,60]   [60,50,15] (15)   17842.3
[30,60]   [60,50,15] (20)   17788.3
[30,60]   [60,50,15] (25)   16887.5
[30,60]   [60,50,15] (30)   15632
[30,60]   [60,50,20] (0)   17977.5
[30,60]   [60,50,20] (5)   17928.1
[30,60]   [60,50,20] (10)   17977.3
[30,60]   [60,50,20] (15)   18068.1
[30,60]   [60,50,20] (20)   17851.1
[30,60]   [60,50,20] (25)   18094.3
[30,60]   [60,50,20] (30)   17284.4
[30,60]   [60,60,5] (0)   23770.8
[30,60]   [60,60,5] (5)   23806.4
[30,60]   [60,60,5] (10)   23617.2
[30,60]   [60,60,5] (15)   23817.8
[30,60]   [60,60,5] (20)   23557.4
[30,60]   [60,60,5] (25)   23060.3
[30,60]   [60,60,5] (30)   17150.8
[30,60]   [60,60,10] (0)   23627.5
[30,60]   [60,60,10] (5)   23497.3
[30,60]   [60,60,10] (10)   23296.9
[30,60]   [60,60,10] (15)   23657
[30,60]   [60,60,10] (20)   23632.7
[30,60]   [60,60,10] (25)   23568.4
[30,60]   [60,60,10] (30)   18424.8
[30,60]   [60,60,15] (0)   23679.1
[30,60]   [60,60,15] (5)   23801.9
[30,60]   [60,60,15] (10)   23585.2
[30,60]   [60,60,15] (15)   23484.5
[30,60]   [60,60,15] (20)   23829.9
[30,60]   [60,60,15] (25)   23447.4
[30,60]   [60,60,15] (30)   19537.8
[30,60]   [60,60,20] (0)   23890.8
[30,60]   [60,60,20] (5)   23670.2
[30,60]   [60,60,20] (10)   23726.3
[30,60]   [60,60,20] (15)   23538.3
[30,60]   [60,60,20] (20)   23546.7
[30,60]   [60,60,20] (25)   23491.1
[30,60]   [60,60,20] (30)   18059.4
