[50,30]   [10,10,5] (0)   80.7436
[50,30]   [10,10,5] (5)   57.2803
[50,30]   [10,10,5] (10)   58.1228
[50,30]   [10,10,5] (15)   68.0565
[50,30]   [10,10,5] (20)   78.1229
[50,30]   [10,10,5] (25)   88.1357
[50,30]   [10,10,5] (30)   98.1758
[50,30]   [10,10,10] (0)   82.0898
[50,30]   [10,10,10] (5)   66.8869
[50,30]   [10,10,10] (10)   72.8261
[50,30]   [10,10,10] (15)   81.4964
[50,30]   [10,10,10] (20)   90.2539
[50,30]   [10,10,10] (25)   99.0305
[50,30]   [10,10,10] (30)   107.79
[50,30]   [10,10,15] (0)   81.4077
[50,30]   [10,10,15] (5)   69.4289
[50,30]   [10,10,15] (10)   76.7193
[50,30]   [10,10,15] (15)   85.6346
[50,30]   [10,10,15] (20)   94.5266
[50,30]   [10,10,15] (25)   103.508
[50,30]   [10,10,15] (30)   112.219
[50,30]   [10,10,20] (0)   86.8189
[50,30]   [10,10,20] (5)   78.6801
[50,30]   [10,10,20] (10)   86.7296
[50,30]   [10,10,20] (15)   95.1535
[50,30]   [10,10,20] (20)   103.627
[50,30]   [10,10,20] (25)   112.174
[50,30]   [10,10,20] (30)   120.629
[50,30]   [10,20,5] (0)   7755.33
[50,30]   [10,20,5] (5)   7809.7
[50,30]   [10,20,5] (10)   7708.56
[50,30]   [10,20,5] (15)   7831.65
[50,30]   [10,20,5] (20)   7558.4
[50,30]   [10,20,5] (25)   6868.8
[50,30]   [10,20,5] (30)   6586.91
[50,30]   [10,20,10] (0)   7755.36
[50,30]   [10,20,10] (5)   7840.47
[50,30]   [10,20,10] (10)   7748.92
[50,30]   [10,20,10] (15)   7777
[50,30]   [10,20,10] (20)   7793.18
[50,30]   [10,20,10] (25)   7853.91
[50,30]   [10,20,10] (30)   7829.06
[50,30]   [10,20,15] (0)   7785.93
[50,30]   [10,20,15] (5)   7862.86
[50,30]   [10,20,15] (10)   7745.97
[50,30]   [10,20,15] (15)   7805.93
[50,30]   [10,20,15] (20)   7850.99
[50,30]   [10,20,15] (25)   6833.13
[50,30]   [10,20,15] (30)   6115.83
[50,30]   [10,20,20] (0)   7778.92
[50,30]   [10,20,20] (5)   7744.13
[50,30]   [10,20,20] (10)   7819.5
[50,30]   [10,20,20] (15)   7890.63
[50,30]   [10,20,20] (20)   7769.56
[50,30]   [10,20,20] (25)   7818.32
[50,30]   [10,20,20] (30)   7827.49
[50,30]   [10,30,5] (0)   20933.8
[50,30]   [10,30,5] (5)   20744.8
[50,30]   [10,30,5] (10)   20936.6
[50,30]   [10,30,5] (15)   20917.9
[50,30]   [10,30,5] (20)   20931.1
[50,30]   [10,30,5] (25)   20956.3
[50,30]   [10,30,5] (30)   16568.2
[50,30]   [10,30,10] (0)   20814.2
[50,30]   [10,30,10] (5)   20854.3
[50,30]   [10,30,10] (10)   20954.2
[50,30]   [10,30,10] (15)   20766.4
[50,30]   [10,30,10] (20)   20763
[50,30]   [10,30,10] (25)   20883.3
[50,30]   [10,30,10] (30)   19303.9
[50,30]   [10,30,15] (0)   20622.1
[50,30]   [10,30,15] (5)   20808.1
[50,30]   [10,30,15] (10)   20734.4
[50,30]   [10,30,15] (15)   20733.7
[50,30]   [10,30,15] (20)   20811.4
[50,30]   [10,30,15] (25)   20807.4
[50,30]   [10,30,15] (30)   16212.3
[50,30]   [10,30,20] (0)   20893.9
[50,30]   [10,30,20] (5)   20895.9
[50,30]   [10,30,20] (10)   20979.3
[50,30]   [10,30,20] (15)   20661.4
[50,30]   [10,30,20] (20)   20788.4
[50,30]   [10,30,20] (25)   20811.2
[50,30]   [10,30,20] (30)   16648.7
[50,30]   [10,40,5] (0)   24223.5
[50,30]   [10,40,5] (5)   24223.6
[50,30]   [10,40,5] (10)   24250.4
[50,30]   [10,40,5] (15)   24224.3
[50,30]   [10,40,5] (20)   24192.2
[50,30]   [10,40,5] (25)   24149.9
[50,30]   [10,40,5] (30)   24230.3
[50,30]   [10,40,10] (0)   24235.3
[50,30]   [10,40,10] (5)   24359.3
[50,30]   [10,40,10] (10)   24075.8
[50,30]   [10,40,10] (15)   24161.4
[50,30]   [10,40,10] (20)   24295.8
[50,30]   [10,40,10] (25)   24194.2
[50,30]   [10,40,10] (30)   24146.7
[50,30]   [10,40,15] (0)   24234.7
[50,30]   [10,40,15] (5)   24148.8
[50,30]   [10,40,15] (10)   24196.1
[50,30]   [10,40,15] (15)   24110
[50,30]   [10,40,15] (20)   24121.3
[50,30]   [10,40,15] (25)   24157.6
[50,30]   [10,40,15] (30)   24192.9
[50,30]   [10,40,20] (0)   24207.9
[50,30]   [10,40,20] (5)   24090.2
[50,30]   [10,40,20] (10)   24271.2
[50,30]   [10,40,20] (15)   24273.8
[50,30]   [10,40,20] (20)   24254.9
[50,30]   [10,40,20] (25)   24270
[50,30]   [10,40,20] (30)   24283.2
[50,30]   [10,50,5] (0)   30435
[50,30]   [10,50,5] (5)   30413.5
[50,30]   [10,50,5] (10)   30451.3
[50,30]   [10,50,5] (15)   30128.5
[50,30]   [10,50,5] (20)   30418.9
[50,30]   [10,50,5] (25)   30326.5
[50,30]   [10,50,5] (30)   30452.1
[50,30]   [10,50,10] (0)   30371.3
[50,30]   [10,50,10] (5)   30313.1
[50,30]   [10,50,10] (10)   30433.4
[50,30]   [10,50,10] (15)   30430
[50,30]   [10,50,10] (20)   30461.5
[50,30]   [10,50,10] (25)   30462
[50,30]   [10,50,10] (30)   30475.5
[50,30]   [10,50,15] (0)   30439
[50,30]   [10,50,15] (5)   30396.5
[50,30]   [10,50,15] (10)   30510.7
[50,30]   [10,50,15] (15)   30473.2
[50,30]   [10,50,15] (20)   30430.9
[50,30]   [10,50,15] (25)   30422.2
[50,30]   [10,50,15] (30)   30465.5
[50,30]   [10,50,20] (0)   30406.6
[50,30]   [10,50,20] (5)   30485.8
[50,30]   [10,50,20] (10)   30419.4
[50,30]   [10,50,20] (15)   30425.7
[50,30]   [10,50,20] (20)   30428.5
[50,30]   [10,50,20] (25)   30448.3
[50,30]   [10,50,20] (30)   30472.8
[50,30]   [10,60,5] (0)   35406.8
[50,30]   [10,60,5] (5)   35466.1
[50,30]   [10,60,5] (10)   35369.7
[50,30]   [10,60,5] (15)   35376.1
[50,30]   [10,60,5] (20)   35423.5
[50,30]   [10,60,5] (25)   35468.2
[50,30]   [10,60,5] (30)   35395.3
[50,30]   [10,60,10] (0)   35367
[50,30]   [10,60,10] (5)   35423.1
[50,30]   [10,60,10] (10)   35423.8
[50,30]   [10,60,10] (15)   35446.6
[50,30]   [10,60,10] (20)   35451.8
[50,30]   [10,60,10] (25)   35412.5
[50,30]   [10,60,10] (30)   35452.7
[50,30]   [10,60,15] (0)   35433.4
[50,30]   [10,60,15] (5)   35419.2
[50,30]   [10,60,15] (10)   35411
[50,30]   [10,60,15] (15)   35471.6
[50,30]   [10,60,15] (20)   35390.8
[50,30]   [10,60,15] (25)   35419.5
[50,30]   [10,60,15] (30)   35391.7
[50,30]   [10,60,20] (0)   35525.4
[50,30]   [10,60,20] (5)   35405.3
[50,30]   [10,60,20] (10)   35390.5
[50,30]   [10,60,20] (15)   35377.2
[50,30]   [10,60,20] (20)   35374.1
[50,30]   [10,60,20] (25)   35410.6
[50,30]   [10,60,20] (30)   35449.9
[50,30]   [20,10,5] (0)   7376.06
[50,30]   [20,10,5] (5)   1421.99
[50,30]   [20,10,5] (10)   61.133
[50,30]   [20,10,5] (15)   63.3743
[50,30]   [20,10,5] (20)   72.5242
[50,30]   [20,10,5] (25)   82.5465
[50,30]   [20,10,5] (30)   92.6463
[50,30]   [20,10,10] (0)   7342.18
[50,30]   [20,10,10] (5)   1525.86
[50,30]   [20,10,10] (10)   77.7132
[50,30]   [20,10,10] (15)   81.8332
[50,30]   [20,10,10] (20)   89.9022
[50,30]   [20,10,10] (25)   98.2052
[50,30]   [20,10,10] (30)   106.374
[50,30]   [20,10,15] (0)   7370.8
[50,30]   [20,10,15] (5)   95.2035
[50,30]   [20,10,15] (10)   80.9232
[50,30]   [20,10,15] (15)   87.7021
[50,30]   [20,10,15] (20)   95.8657
[50,30]   [20,10,15] (25)   104.052
[50,30]   [20,10,15] (30)   112.401
[50,30]   [20,10,20] (0)   7405.67
[50,30]   [20,10,20] (5)   136.747
[50,30]   [20,10,20] (10)   95.0295
[50,30]   [20,10,20] (15)   100.266
[50,30]   [20,10,20] (20)   108.419
[50,30]   [20,10,20] (25)   116.343
[50,30]   [20,10,20] (30)   124.525
[50,30]   [20,20,5] (0)   110.811
[50,30]   [20,20,5] (5)   112.205
[50,30]   [20,20,5] (10)   102.605
[50,30]   [20,20,5] (15)   89.4424
[50,30]   [20,20,5] (20)   95.286
[50,30]   [20,20,5] (25)   103.398
[50,30]   [20,20,5] (30)   112.32
[50,30]   [20,20,10] (0)   112.544
[50,30]   [20,20,10] (5)   113.301
[50,30]   [20,20,10] (10)   107.108
[50,30]   [20,20,10] (15)   103.246
[50,30]   [20,20,10] (20)   110.712
[50,30]   [20,20,10] (25)   118.435
[50,30]   [20,20,10] (30)   126.19
[50,30]   [20,20,15] (0)   111.605
[50,30]   [20,20,15] (5)   111.406
[50,30]   [20,20,15] (10)   103.279
[50,30]   [20,20,15] (15)   104.608
[50,30]   [20,20,15] (20)   112.618
[50,30]   [20,20,15] (25)   120.361
[50,30]   [20,20,15] (30)   128.018
[50,30]   [20,20,20] (0)   110.268
[50,30]   [20,20,20] (5)   112.05
[50,30]   [20,20,20] (10)   108.578
[50,30]   [20,20,20] (15)   114.813
[50,30]   [20,20,20] (20)   122.424
[50,30]   [20,20,20] (25)   130.32
[50,30]   [20,20,20] (30)   138.281
[50,30]   [20,30,5] (0)   5248.18
[50,30]   [20,30,5] (5)   5269.95
[50,30]   [20,30,5] (10)   5303.51
[50,30]   [20,30,5] (15)   5298.43
[50,30]   [20,30,5] (20)   5404.14
[50,30]   [20,30,5] (25)   5276.84
[50,30]   [20,30,5] (30)   4887.9
[50,30]   [20,30,10] (0)   5229.66
[50,30]   [20,30,10] (5)   5280.32
[50,30]   [20,30,10] (10)   5286.01
[50,30]   [20,30,10] (15)   5323.62
[50,30]   [20,30,10] (20)   5294.24
[50,30]   [20,30,10] (25)   5360.3
[50,30]   [20,30,10] (30)   5337.59
[50,30]   [20,30,15] (0)   5290.55
[50,30]   [20,30,15] (5)   5296.85
[50,30]   [20,30,15] (10)   5222.27
[50,30]   [20,30,15] (15)   5218.36
[50,30]   [20,30,15] (20)   5199.47
[50,30]   [20,30,15] (25)   5278.99
[50,30]   [20,30,15] (30)   4565.55
[50,30]   [20,30,20] (0)   5379.53
[50,30]   [20,30,20] (5)   5221.59
[50,30]   [20,30,20] (10)   5270.64
[50,30]   [20,30,20] (15)   5389.7
[50,30]   [20,30,20] (20)   5294.44
[50,30]   [20,30,20] (25)   5268.22
[50,30]   [20,30,20] (30)   5296.72
[50,30]   [20,40,5] (0)   13127.1
[50,30]   [20,40,5] (5)   13045.1
[50,30]   [20,40,5] (10)   13071
[50,30]   [20,40,5] (15)   13172.5
[50,30]   [20,40,5] (20)   13120.3
[50,30]   [20,40,5] (25)   12869
[50,30]   [20,40,5] (30)   12920.5
[50,30]   [20,40,10] (0)   13207.2
[50,30]   [20,40,10] (5)   13095.3
[50,30]   [20,40,10] (10)   13214
[50,30]   [20,40,10] (15)   13095.2
[50,30]   [20,40,10] (20)   13042.3
[50,30]   [20,40,10] (25)   12960.4
[50,30]   [20,40,10] (30)   13138.9
[50,30]   [20,40,15] (0)   13094.8
[50,30]   [20,40,15] (5)   13062.3
[50,30]   [20,40,15] (10)   13039.2
[50,30]   [20,40,15] (15)   13096.7
[50,30]   [20,40,15] (20)   12788.4
[50,30]   [20,40,15] (25)   13018.7
[50,30]   [20,40,15] (30)   13052.8
[50,30]   [20,40,20] (0)   12971
[50,30]   [20,40,20] (5)   13158.6
[50,30]   [20,40,20] (10)   13074.2
[50,30]   [20,40,20] (15)   12979.3
[50,30]   [20,40,20] (20)   13139.9
[50,30]   [20,40,20] (25)   12923.8
[50,30]   [20,40,20] (30)   13064.5
[50,30]   [20,50,5] (0)   19250.5
[50,30]   [20,50,5] (5)   19404.2
[50,30]   [20,50,5] (10)   19472.3
[50,30]   [20,50,5] (15)   19469.4
[50,30]   [20,50,5] (20)   19557.2
[50,30]   [20,50,5] (25)   19327.9
[50,30]   [20,50,5] (30)   19437.1
[50,30]   [20,50,10] (0)   19427.7
[50,30]   [20,50,10] (5)   19592.5
[50,30]   [20,50,10] (10)   19394.4
[50,30]   [20,50,10] (15)   19443.4
[50,30]   [20,50,10] (20)   19596.4
[50,30]   [20,50,10] (25)   19375.6
[50,30]   [20,50,10] (30)   19441.2
[50,30]   [20,50,15] (0)   19340
[50,30]   [20,50,15] (5)   19549.4
[50,30]   [20,50,15] (10)   19370.4
[50,30]   [20,50,15] (15)   19318
[50,30]   [20,50,15] (20)   19559.5
[50,30]   [20,50,15] (25)   19570.8
[50,30]   [20,50,15] (30)   19591.1
[50,30]   [20,50,20] (0)   19495
[50,30]   [20,50,20] (5)   19371.1
[50,30]   [20,50,20] (10)   19474.2
[50,30]   [20,50,20] (15)   19387.4
[50,30]   [20,50,20] (20)   19364.3
[50,30]   [20,50,20] (25)   19475
[50,30]   [20,50,20] (30)   19506.8
[50,30]   [20,60,5] (0)   29263.6
[50,30]   [20,60,5] (5)   29200.1
[50,30]   [20,60,5] (10)   29176.4
[50,30]   [20,60,5] (15)   29295.1
[50,30]   [20,60,5] (20)   29123
[50,30]   [20,60,5] (25)   28964.5
[50,30]   [20,60,5] (30)   29160.2
[50,30]   [20,60,10] (0)   29196.5
[50,30]   [20,60,10] (5)   29015.1
[50,30]   [20,60,10] (10)   29251.6
[50,30]   [20,60,10] (15)   28938.4
[50,30]   [20,60,10] (20)   29271.3
[50,30]   [20,60,10] (25)   29103.2
[50,30]   [20,60,10] (30)   29077.1
[50,30]   [20,60,15] (0)   29172.3
[50,30]   [20,60,15] (5)   29212.9
[50,30]   [20,60,15] (10)   29165
[50,30]   [20,60,15] (15)   29088.2
[50,30]   [20,60,15] (20)   29045.6
[50,30]   [20,60,15] (25)   29071.8
[50,30]   [20,60,15] (30)   29134
[50,30]   [20,60,20] (0)   29332.2
[50,30]   [20,60,20] (5)   29164.2
[50,30]   [20,60,20] (10)   29094.6
[50,30]   [20,60,20] (15)   29107.1
[50,30]   [20,60,20] (20)   29031.5
[50,30]   [20,60,20] (25)   29065.4
[50,30]   [20,60,20] (30)   29245.1
[50,30]   [30,10,5] (0)   13418.3
[50,30]   [30,10,5] (5)   6541.71
[50,30]   [30,10,5] (10)   73.9983
[50,30]   [30,10,5] (15)   68.6056
[50,30]   [30,10,5] (20)   71.5377
[50,30]   [30,10,5] (25)   80.0352
[50,30]   [30,10,5] (30)   90.4465
[50,30]   [30,10,10] (0)   13659.1
[50,30]   [30,10,10] (5)   7261.02
[50,30]   [30,10,10] (10)   108.197
[50,30]   [30,10,10] (15)   86.5128
[50,30]   [30,10,10] (20)   89.0723
[50,30]   [30,10,10] (25)   96.4678
[50,30]   [30,10,10] (30)   104.499
[50,30]   [30,10,15] (0)   13411.9
[50,30]   [30,10,15] (5)   3222.77
[50,30]   [30,10,15] (10)   92.0832
[50,30]   [30,10,15] (15)   93.1386
[50,30]   [30,10,15] (20)   97.1954
[50,30]   [30,10,15] (25)   104.83
[50,30]   [30,10,15] (30)   113.02
[50,30]   [30,10,20] (0)   13415
[50,30]   [30,10,20] (5)   3013.82
[50,30]   [30,10,20] (10)   98.2669
[50,30]   [30,10,20] (15)   100.08
[50,30]   [30,10,20] (20)   108.224
[50,30]   [30,10,20] (25)   115.09
[50,30]   [30,10,20] (30)   122.765
[50,30]   [30,20,5] (0)   5831.54
[50,30]   [30,20,5] (5)   5769.62
[50,30]   [30,20,5] (10)   3393.92
[50,30]   [30,20,5] (15)   97.3725
[50,30]   [30,20,5] (20)   84.0193
[50,30]   [30,20,5] (25)   87.3204
[50,30]   [30,20,5] (30)   97.4933
[50,30]   [30,20,10] (0)   5837.26
[50,30]   [30,20,10] (5)   5856.64
[50,30]   [30,20,10] (10)   3925.45
[50,30]   [30,20,10] (15)   110.169
[50,30]   [30,20,10] (20)   103.543
[50,30]   [30,20,10] (25)   109.029
[50,30]   [30,20,10] (30)   116.904
[50,30]   [30,20,15] (0)   5869.58
[50,30]   [30,20,15] (5)   5884.4
[50,30]   [30,20,15] (10)   2268.53
[50,30]   [30,20,15] (15)   106.597
[50,30]   [30,20,15] (20)   107.645
[50,30]   [30,20,15] (25)   114.282
[50,30]   [30,20,15] (30)   122.459
[50,30]   [30,20,20] (0)   5840.5
[50,30]   [30,20,20] (5)   5890.24
[50,30]   [30,20,20] (10)   2722.89
[50,30]   [30,20,20] (15)   118.489
[50,30]   [30,20,20] (20)   120.507
[50,30]   [30,20,20] (25)   127.947
[50,30]   [30,20,20] (30)   135.762
[50,30]   [30,30,5] (0)   144.309
[50,30]   [30,30,5] (5)   145.113
[50,30]   [30,30,5] (10)   141.824
[50,30]   [30,30,5] (15)   131.77
[50,30]   [30,30,5] (20)   111.519
[50,30]   [30,30,5] (25)   110.19
[50,30]   [30,30,5] (30)   117.79
[50,30]   [30,30,10] (0)   143.512
[50,30]   [30,30,10] (5)   144.65
[50,30]   [30,30,10] (10)   143.972
[50,30]   [30,30,10] (15)   136.453
[50,30]   [30,30,10] (20)   124.939
[50,30]   [30,30,10] (25)   129.498
[50,30]   [30,30,10] (30)   137.31
[50,30]   [30,30,15] (0)   141.726
[50,30]   [30,30,15] (5)   142.561
[50,30]   [30,30,15] (10)   142.257
[50,30]   [30,30,15] (15)   132.581
[50,30]   [30,30,15] (20)   126.167
[50,30]   [30,30,15] (25)   131.346
[50,30]   [30,30,15] (30)   139.327
[50,30]   [30,30,20] (0)   144.931
[50,30]   [30,30,20] (5)   144.367
[50,30]   [30,30,20] (10)   145.309
[50,30]   [30,30,20] (15)   136.427
[50,30]   [30,30,20] (20)   135.462
[50,30]   [30,30,20] (25)   141.647
[50,30]   [30,30,20] (30)   149.571
[50,30]   [30,40,5] (0)   3049.15
[50,30]   [30,40,5] (5)   3154.21
[50,30]   [30,40,5] (10)   3190.59
[50,30]   [30,40,5] (15)   3118.58
[50,30]   [30,40,5] (20)   3109.64
[50,30]   [30,40,5] (25)   3165.84
[50,30]   [30,40,5] (30)   3077.1
[50,30]   [30,40,10] (0)   3071.27
[50,30]   [30,40,10] (5)   3229.36
[50,30]   [30,40,10] (10)   3117.28
[50,30]   [30,40,10] (15)   3209.45
[50,30]   [30,40,10] (20)   3117.79
[50,30]   [30,40,10] (25)   3076.67
[50,30]   [30,40,10] (30)   3219.18
[50,30]   [30,40,15] (0)   3204.24
[50,30]   [30,40,15] (5)   3223
[50,30]   [30,40,15] (10)   3235.19
[50,30]   [30,40,15] (15)   3077.99
[50,30]   [30,40,15] (20)   3121.99
[50,30]   [30,40,15] (25)   3127.34
[50,30]   [30,40,15] (30)   2931.67
[50,30]   [30,40,20] (0)   3129.99
[50,30]   [30,40,20] (5)   3203.08
[50,30]   [30,40,20] (10)   3089.31
[50,30]   [30,40,20] (15)   3098.28
[50,30]   [30,40,20] (20)   3170.62
[50,30]   [30,40,20] (25)   3090.55
[50,30]   [30,40,20] (30)   3116.38
[50,30]   [30,50,5] (0)   11566.4
[50,30]   [30,50,5] (5)   11600.1
[50,30]   [30,50,5] (10)   11675.1
[50,30]   [30,50,5] (15)   11667.9
[50,30]   [30,50,5] (20)   11469.8
[50,30]   [30,50,5] (25)   11594.8
[50,30]   [30,50,5] (30)   11730.7
[50,30]   [30,50,10] (0)   11332.4
[50,30]   [30,50,10] (5)   11629.9
[50,30]   [30,50,10] (10)   11620.8
[50,30]   [30,50,10] (15)   11667.4
[50,30]   [30,50,10] (20)   11641.1
[50,30]   [30,50,10] (25)   11621.9
[50,30]   [30,50,10] (30)   11547.2
[50,30]   [30,50,15] (0)   11620.9
[50,30]   [30,50,15] (5)   11555.1
[50,30]   [30,50,15] (10)   11484.7
[50,30]   [30,50,15] (15)   11530.9
[50,30]   [30,50,15] (20)   11581.8
[50,30]   [30,50,15] (25)   11580.6
[50,30]   [30,50,15] (30)   11579.2
[50,30]   [30,50,20] (0)   11503.7
[50,30]   [30,50,20] (5)   11462.5
[50,30]   [30,50,20] (10)   11448.1
[50,30]   [30,50,20] (15)   11462.1
[50,30]   [30,50,20] (20)   11480.2
[50,30]   [30,50,20] (25)   11676.3
[50,30]   [30,50,20] (30)   11571.2
[50,30]   [30,60,5] (0)   15522.8
[50,30]   [30,60,5] (5)   15411.7
[50,30]   [30,60,5] (10)   15580.6
[50,30]   [30,60,5] (15)   15505.8
[50,30]   [30,60,5] (20)   15639.6
[50,30]   [30,60,5] (25)   15505.8
[50,30]   [30,60,5] (30)   15549.9
[50,30]   [30,60,10] (0)   15384.8
[50,30]   [30,60,10] (5)   15360.9
[50,30]   [30,60,10] (10)   15397
[50,30]   [30,60,10] (15)   15484.7
[50,30]   [30,60,10] (20)   15468.2
[50,30]   [30,60,10] (25)   15615.9
[50,30]   [30,60,10] (30)   15391.8
[50,30]   [30,60,15] (0)   15245.2
[50,30]   [30,60,15] (5)   15543.4
[50,30]   [30,60,15] (10)   15528.2
[50,30]   [30,60,15] (15)   15535.6
[50,30]   [30,60,15] (20)   15462
[50,30]   [30,60,15] (25)   15441.5
[50,30]   [30,60,15] (30)   15568.7
[50,30]   [30,60,20] (0)   15573.4
[50,30]   [30,60,20] (5)   15510.9
[50,30]   [30,60,20] (10)   15398
[50,30]   [30,60,20] (15)   15533.3
[50,30]   [30,60,20] (20)   15455.5
[50,30]   [30,60,20] (25)   15422.3
[50,30]   [30,60,20] (30)   15340.3
[50,30]   [40,10,5] (0)   18590.7
[50,30]   [40,10,5] (5)   10971.2
[50,30]   [40,10,5] (10)   120.746
[50,30]   [40,10,5] (15)   74.656
[50,30]   [40,10,5] (20)   76.0888
[50,30]   [40,10,5] (25)   81.1715
[50,30]   [40,10,5] (30)   87.9272
[50,30]   [40,10,10] (0)   18775.1
[50,30]   [40,10,10] (5)   11891.5
[50,30]   [40,10,10] (10)   3608.6
[50,30]   [40,10,10] (15)   99.9351
[50,30]   [40,10,10] (20)   94.4856
[50,30]   [40,10,10] (25)   97.5327
[50,30]   [40,10,10] (30)   103.376
[50,30]   [40,10,15] (0)   18394.1
[50,30]   [40,10,15] (5)   7766.27
[50,30]   [40,10,15] (10)   997.476
[50,30]   [40,10,15] (15)   101.261
[50,30]   [40,10,15] (20)   104.139
[50,30]   [40,10,15] (25)   106.606
[50,30]   [40,10,15] (30)   112.407
[50,30]   [40,10,20] (0)   18596.7
[50,30]   [40,10,20] (5)   8014.37
[50,30]   [40,10,20] (10)   118.005
[50,30]   [40,10,20] (15)   114.669
[50,30]   [40,10,20] (20)   117.085
[50,30]   [40,10,20] (25)   120.26
[50,30]   [40,10,20] (30)   126.601
[50,30]   [40,20,5] (0)   11060.6
[50,30]   [40,20,5] (5)   11076.9
[50,30]   [40,20,5] (10)   8446.7
[50,30]   [40,20,5] (15)   134.077
[50,30]   [40,20,5] (20)   89.1981
[50,30]   [40,20,5] (25)   87.5361
[50,30]   [40,20,5] (30)   93.2853
[50,30]   [40,20,10] (0)   11036.5
[50,30]   [40,20,10] (5)   11039.8
[50,30]   [40,20,10] (10)   9004.78
[50,30]   [40,20,10] (15)   1391.45
[50,30]   [40,20,10] (20)   110.022
[50,30]   [40,20,10] (25)   106.841
[50,30]   [40,20,10] (30)   111.36
[50,30]   [40,20,15] (0)   11021.8
[50,30]   [40,20,15] (5)   11070.4
[50,30]   [40,20,15] (10)   7134.33
[50,30]   [40,20,15] (15)   123.134
[50,30]   [40,20,15] (20)   114.827
[50,30]   [40,20,15] (25)   113.37
[50,30]   [40,20,15] (30)   118.89
[50,30]   [40,20,20] (0)   11036.8
[50,30]   [40,20,20] (5)   10996.3
[50,30]   [40,20,20] (10)   7168.75
[50,30]   [40,20,20] (15)   124.842
[50,30]   [40,20,20] (20)   125.865
[50,30]   [40,20,20] (25)   129.276
[50,30]   [40,20,20] (30)   135.726
[50,30]   [40,30,5] (0)   4821.51
[50,30]   [40,30,5] (5)   4740.43
[50,30]   [40,30,5] (10)   4772.06
[50,30]   [40,30,5] (15)   3730.94
[50,30]   [40,30,5] (20)   125.208
[50,30]   [40,30,5] (25)   104.402
[50,30]   [40,30,5] (30)   103.478
[50,30]   [40,30,10] (0)   4755.94
[50,30]   [40,30,10] (5)   4712.31
[50,30]   [40,30,10] (10)   4766.98
[50,30]   [40,30,10] (15)   3894.11
[50,30]   [40,30,10] (20)   142.125
[50,30]   [40,30,10] (25)   124.264
[50,30]   [40,30,10] (30)   125.989
[50,30]   [40,30,15] (0)   4722.28
[50,30]   [40,30,15] (5)   4753.76
[50,30]   [40,30,15] (10)   4785.58
[50,30]   [40,30,15] (15)   3051.95
[50,30]   [40,30,15] (20)   130.992
[50,30]   [40,30,15] (25)   125.654
[50,30]   [40,30,15] (30)   130.041
[50,30]   [40,30,20] (0)   4784.09
[50,30]   [40,30,20] (5)   4809.46
[50,30]   [40,30,20] (10)   4741.43
[50,30]   [40,30,20] (15)   3212.5
[50,30]   [40,30,20] (20)   141.462
[50,30]   [40,30,20] (25)   139.249
[50,30]   [40,30,20] (30)   144.537
[50,30]   [40,40,5] (0)   172.149
[50,30]   [40,40,5] (5)   174.184
[50,30]   [40,40,5] (10)   172.852
[50,30]   [40,40,5] (15)   189.188
[50,30]   [40,40,5] (20)   150.018
[50,30]   [40,40,5] (25)   134.379
[50,30]   [40,40,5] (30)   125.353
[50,30]   [40,40,10] (0)   171.861
[50,30]   [40,40,10] (5)   171.667
[50,30]   [40,40,10] (10)   172.229
[50,30]   [40,40,10] (15)   168.588
[50,30]   [40,40,10] (20)   149.946
[50,30]   [40,40,10] (25)   142.148
[50,30]   [40,40,10] (30)   142.846
[50,30]   [40,40,15] (0)   172.015
[50,30]   [40,40,15] (5)   171.991
[50,30]   [40,40,15] (10)   171.788
[50,30]   [40,40,15] (15)   177.269
[50,30]   [40,40,15] (20)   149.448
[50,30]   [40,40,15] (25)   140.557
[50,30]   [40,40,15] (30)   143.008
[50,30]   [40,40,20] (0)   172.936
[50,30]   [40,40,20] (5)   173.005
[50,30]   [40,40,20] (10)   173.059
[50,30]   [40,40,20] (15)   171.997
[50,30]   [40,40,20] (20)   156.234
[50,30]   [40,40,20] (25)   154.459
[50,30]   [40,40,20] (30)   159.206
[50,30]   [40,50,5] (0)   1843.86
[50,30]   [40,50,5] (5)   1818.03
[50,30]   [40,50,5] (10)   1752.98
[50,30]   [40,50,5] (15)   1844.62
[50,30]   [40,50,5] (20)   1720.95
[50,30]   [40,50,5] (25)   1786.62
[50,30]   [40,50,5] (30)   1769.13
[50,30]   [40,50,10] (0)   1813.17
[50,30]   [40,50,10] (5)   1668.43
[50,30]   [40,50,10] (10)   1697.5
[50,30]   [40,50,10] (15)   1815.94
[50,30]   [40,50,10] (20)   1751.13
[50,30]   [40,50,10] (25)   1705.96
[50,30]   [40,50,10] (30)   1787.44
[50,30]   [40,50,15] (0)   1808.65
[50,30]   [40,50,15] (5)   1762.34
[50,30]   [40,50,15] (10)   1720.49
[50,30]   [40,50,15] (15)   1759.99
[50,30]   [40,50,15] (20)   1835.2
[50,30]   [40,50,15] (25)   1853.75
[50,30]   [40,50,15] (30)   1850.49
[50,30]   [40,50,20] (0)   1821.85
[50,30]   [40,50,20] (5)   1731.25
[50,30]   [40,50,20] (10)   1701.8
[50,30]   [40,50,20] (15)   1818.51
[50,30]   [40,50,20] (20)   1708.9
[50,30]   [40,50,20] (25)   1688.83
[50,30]   [40,50,20] (30)   1682.45
[50,30]   [40,60,5] (0)   7627.53
[50,30]   [40,60,5] (5)   7579.21
[50,30]   [40,60,5] (10)   7537.18
[50,30]   [40,60,5] (15)   7673.85
[50,30]   [40,60,5] (20)   7779.88
[50,30]   [40,60,5] (25)   7622.29
[50,30]   [40,60,5] (30)   7619.54
[50,30]   [40,60,10] (0)   7579.48
[50,30]   [40,60,10] (5)   7668.8
[50,30]   [40,60,10] (10)   7756.7
[50,30]   [40,60,10] (15)   7687.91
[50,30]   [40,60,10] (20)   7608.09
[50,30]   [40,60,10] (25)   7787.42
[50,30]   [40,60,10] (30)   7657.58
[50,30]   [40,60,15] (0)   7654.74
[50,30]   [40,60,15] (5)   7683.1
[50,30]   [40,60,15] (10)   7546.98
[50,30]   [40,60,15] (15)   7826.36
[50,30]   [40,60,15] (20)   7636.64
[50,30]   [40,60,15] (25)   7713.6
[50,30]   [40,60,15] (30)   7766.87
[50,30]   [40,60,20] (0)   7658.57
[50,30]   [40,60,20] (5)   7634
[50,30]   [40,60,20] (10)   7780.1
[50,30]   [40,60,20] (15)   7581.23
[50,30]   [40,60,20] (20)   7783.09
[50,30]   [40,60,20] (25)   7723.88
[50,30]   [40,60,20] (30)   7643.41
[50,30]   [50,10,5] (0)   22840.1
[50,30]   [50,10,5] (5)   14875.8
[50,30]   [50,10,5] (10)   2418.63
[50,30]   [50,10,5] (15)   81.7155
[50,30]   [50,10,5] (20)   81.1629
[50,30]   [50,10,5] (25)   85.1837
[50,30]   [50,10,5] (30)   90.1274
[50,30]   [50,10,10] (0)   22841.3
[50,30]   [50,10,10] (5)   16554.6
[50,30]   [50,10,10] (10)   7422.61
[50,30]   [50,10,10] (15)   1467.71
[50,30]   [50,10,10] (20)   103.907
[50,30]   [50,10,10] (25)   102.956
[50,30]   [50,10,10] (30)   105.612
[50,30]   [50,10,15] (0)   22977.1
[50,30]   [50,10,15] (5)   12304.5
[50,30]   [50,10,15] (10)   5008.91
[50,30]   [50,10,15] (15)   137.296
[50,30]   [50,10,15] (20)   108.638
[50,30]   [50,10,15] (25)   110.608
[50,30]   [50,10,15] (30)   113.715
[50,30]   [50,10,20] (0)   22833.3
[50,30]   [50,10,20] (5)   12776.3
[50,30]   [50,10,20] (10)   4190.82
[50,30]   [50,10,20] (15)   2400.46
[50,30]   [50,10,20] (20)   128.061
[50,30]   [50,10,20] (25)   125.615
[50,30]   [50,10,20] (30)   129.641
[50,30]   [50,20,5] (0)   15565
[50,30]   [50,20,5] (5)   15519.6
[50,30]   [50,20,5] (10)   12445.6
[50,30]   [50,20,5] (15)   2969.32
[50,30]   [50,20,5] (20)   98.9028
[50,30]   [50,20,5] (25)   92.804
[50,30]   [50,20,5] (30)   95.9132
[50,30]   [50,20,10] (0)   15489.5
[50,30]   [50,20,10] (5)   15541.3
[50,30]   [50,20,10] (10)   13119.2
[50,30]   [50,20,10] (15)   5639.4
[50,30]   [50,20,10] (20)   250.306
[50,30]   [50,20,10] (25)   114.262
[50,30]   [50,20,10] (30)   112.352
[50,30]   [50,20,15] (0)   15649.4
[50,30]   [50,20,15] (5)   15481.6
[50,30]   [50,20,15] (10)   11253.5
[50,30]   [50,20,15] (15)   2403.36
[50,30]   [50,20,15] (20)   129.286
[50,30]   [50,20,15] (25)   117.813
[50,30]   [50,20,15] (30)   119.117
[50,30]   [50,20,20] (0)   15624
[50,30]   [50,20,20] (5)   15493.9
[50,30]   [50,20,20] (10)   12191.9
[50,30]   [50,20,20] (15)   931.683
[50,30]   [50,20,20] (20)   141.674
[50,30]   [50,20,20] (25)   134.956
[50,30]   [50,20,20] (30)   135.226
[50,30]   [50,30,5] (0)   18344.5
[50,30]   [50,30,5] (5)   18357
[50,30]   [50,30,5] (10)   16784
[50,30]   [50,30,5] (15)   8516.32
[50,30]   [50,30,5] (20)   1140.86
[50,30]   [50,30,5] (25)   113.31
[50,30]   [50,30,5] (30)   104.793
[50,30]   [50,30,10] (0)   18267.9
[50,30]   [50,30,10] (5)   18266.8
[50,30]   [50,30,10] (10)   17704.7
[50,30]   [50,30,10] (15)   8976.28
[50,30]   [50,30,10] (20)   2802.19
[50,30]   [50,30,10] (25)   141.881
[50,30]   [50,30,10] (30)   127.131
[50,30]   [50,30,15] (0)   18344.5
[50,30]   [50,30,15] (5)   18295
[50,30]   [50,30,15] (10)   16550.8
[50,30]   [50,30,15] (15)   7577.37
[50,30]   [50,30,15] (20)   245.98
[50,30]   [50,30,15] (25)   135.748
[50,30]   [50,30,15] (30)   130.757
[50,30]   [50,30,20] (0)   18304.5
[50,30]   [50,30,20] (5)   18384.9
[50,30]   [50,30,20] (10)   17449.3
[50,30]   [50,30,20] (15)   8094.82
[50,30]   [50,30,20] (20)   189.432
[50,30]   [50,30,20] (25)   146.713
[50,30]   [50,30,20] (30)   147.072
[50,30]   [50,40,5] (0)   4184.11
[50,30]   [50,40,5] (5)   4252.95
[50,30]   [50,40,5] (10)   4198.61
[50,30]   [50,40,5] (15)   4150.97
[50,30]   [50,40,5] (20)   3659.87
[50,30]   [50,40,5] (25)   199.433
[50,30]   [50,40,5] (30)   126.326
[50,30]   [50,40,10] (0)   4099.13
[50,30]   [50,40,10] (5)   4170.52
[50,30]   [50,40,10] (10)   4255.96
[50,30]   [50,40,10] (15)   4175.07
[50,30]   [50,40,10] (20)   3732.3
[50,30]   [50,40,10] (25)   431.648
[50,30]   [50,40,10] (30)   148.247
[50,30]   [50,40,15] (0)   4099.26
[50,30]   [50,40,15] (5)   4126.84
[50,30]   [50,40,15] (10)   4208.26
[50,30]   [50,40,15] (15)   4121.77
[50,30]   [50,40,15] (20)   3259.41
[50,30]   [50,40,15] (25)   163.378
[50,30]   [50,40,15] (30)   144.923
[50,30]   [50,40,20] (0)   4177.26
[50,30]   [50,40,20] (5)   4144.63
[50,30]   [50,40,20] (10)   4290.4
[50,30]   [50,40,20] (15)   4212.82
[50,30]   [50,40,20] (20)   3411.6
[50,30]   [50,40,20] (25)   172.148
[50,30]   [50,40,20] (30)   157.37
[50,30]   [50,50,5] (0)   192.901
[50,30]   [50,50,5] (5)   193.743
[50,30]   [50,50,5] (10)   192.758
[50,30]   [50,50,5] (15)   192.381
[50,30]   [50,50,5] (20)   193.911
[50,30]   [50,50,5] (25)   186.075
[50,30]   [50,50,5] (30)   161.499
[50,30]   [50,50,10] (0)   195.56
[50,30]   [50,50,10] (5)   192.664
[50,30]   [50,50,10] (10)   196.846
[50,30]   [50,50,10] (15)   202.61
[50,30]   [50,50,10] (20)   193.604
[50,30]   [50,50,10] (25)   186.502
[50,30]   [50,50,10] (30)   166.76
[50,30]   [50,50,15] (0)   195.173
[50,30]   [50,50,15] (5)   200.271
[50,30]   [50,50,15] (10)   195.462
[50,30]   [50,50,15] (15)   191.46
[50,30]   [50,50,15] (20)   191.822
[50,30]   [50,50,15] (25)   183.007
[50,30]   [50,50,15] (30)   161.965
[50,30]   [50,50,20] (0)   195.209
[50,30]   [50,50,20] (5)   198.03
[50,30]   [50,50,20] (10)   195.041
[50,30]   [50,50,20] (15)   194.436
[50,30]   [50,50,20] (20)   193.913
[50,30]   [50,50,20] (25)   185.912
[50,30]   [50,50,20] (30)   169.798
[50,30]   [50,60,5] (0)   623.044
[50,30]   [50,60,5] (5)   787.886
[50,30]   [50,60,5] (10)   601.668
[50,30]   [50,60,5] (15)   557.819
[50,30]   [50,60,5] (20)   704.434
[50,30]   [50,60,5] (25)   590.607
[50,30]   [50,60,5] (30)   585.151
[50,30]   [50,60,10] (0)   529.276
[50,30]   [50,60,10] (5)   633.193
[50,30]   [50,60,10] (10)   653.392
[50,30]   [50,60,10] (15)   592.215
[50,30]   [50,60,10] (20)   575.903
[50,30]   [50,60,10] (25)   682.633
[50,30]   [50,60,10] (30)   601.452
[50,30]   [50,60,15] (0)   598.24
[50,30]   [50,60,15] (5)   643.081
[50,30]   [50,60,15] (10)   620.496
[50,30]   [50,60,15] (15)   637.636
[50,30]   [50,60,15] (20)   623.248
[50,30]   [50,60,15] (25)   615.649
[50,30]   [50,60,15] (30)   666.38
[50,30]   [50,60,20] (0)   562.176
[50,30]   [50,60,20] (5)   608.005
[50,30]   [50,60,20] (10)   625.302
[50,30]   [50,60,20] (15)   639.587
[50,30]   [50,60,20] (20)   538.968
[50,30]   [50,60,20] (25)   619.955
[50,30]   [50,60,20] (30)   575.073
[50,30]   [60,10,5] (0)   26136.3
[50,30]   [60,10,5] (5)   18100.2
[50,30]   [60,10,5] (10)   5194.35
[50,30]   [60,10,5] (15)   96.384
[50,30]   [60,10,5] (20)   85.933
[50,30]   [60,10,5] (25)   89.4671
[50,30]   [60,10,5] (30)   93.6539
[50,30]   [60,10,10] (0)   26735
[50,30]   [60,10,10] (5)   19783.7
[50,30]   [60,10,10] (10)   10918.6
[50,30]   [60,10,10] (15)   4577.02
[50,30]   [60,10,10] (20)   335.636
[50,30]   [60,10,10] (25)   110.823
[50,30]   [60,10,10] (30)   111.144
[50,30]   [60,10,15] (0)   26141.6
[50,30]   [60,10,15] (5)   16142.1
[50,30]   [60,10,15] (10)   8478.62
[50,30]   [60,10,15] (15)   2534.13
[50,30]   [60,10,15] (20)   126.01
[50,30]   [60,10,15] (25)   118.063
[50,30]   [60,10,15] (30)   119.069
[50,30]   [60,10,20] (0)   26174.2
[50,30]   [60,10,20] (5)   16937.6
[50,30]   [60,10,20] (10)   7084.4
[50,30]   [60,10,20] (15)   5200.52
[50,30]   [60,10,20] (20)   145.935
[50,30]   [60,10,20] (25)   133.801
[50,30]   [60,10,20] (30)   135.485
[50,30]   [60,20,5] (0)   23272.5
[50,30]   [60,20,5] (5)   23285.3
[50,30]   [60,20,5] (10)   18190.2
[50,30]   [60,20,5] (15)   6107.6
[50,30]   [60,20,5] (20)   115.958
[50,30]   [60,20,5] (25)   96.9709
[50,30]   [60,20,5] (30)   98.9983
[50,30]   [60,20,10] (0)   23335.9
[50,30]   [60,20,10] (5)   23291.7
[50,30]   [60,20,10] (10)   18909
[50,30]   [60,20,10] (15)   9246.58
[50,30]   [60,20,10] (20)   3204.68
[50,30]   [60,20,10] (25)   138.712
[50,30]   [60,20,10] (30)   118.194
[50,30]   [60,20,15] (0)   23284.8
[50,30]   [60,20,15] (5)   23329.6
[50,30]   [60,20,15] (10)   16233.6
[50,30]   [60,20,15] (15)   5962.95
[50,30]   [60,20,15] (20)   1708.26
[50,30]   [60,20,15] (25)   127.298
[50,30]   [60,20,15] (30)   125.386
[50,30]   [60,20,20] (0)   23310.8
[50,30]   [60,20,20] (5)   23246.4
[50,30]   [60,20,20] (10)   18194.2
[50,30]   [60,20,20] (15)   4727.49
[50,30]   [60,20,20] (20)   2504.05
[50,30]   [60,20,20] (25)   151.902
[50,30]   [60,20,20] (30)   141.21
[50,30]   [60,30,5] (0)   13505.2
[50,30]   [60,30,5] (5)   13484
[50,30]   [60,30,5] (10)   13291.3
[50,30]   [60,30,5] (15)   11778.7
[50,30]   [60,30,5] (20)   4160.76
[50,30]   [60,30,5] (25)   122.834
[50,30]   [60,30,5] (30)   108.594
[50,30]   [60,30,10] (0)   13468.6
[50,30]   [60,30,10] (5)   13501.3
[50,30]   [60,30,10] (10)   13494.4
[50,30]   [60,30,10] (15)   12535.1
[50,30]   [60,30,10] (20)   6509.36
[50,30]   [60,30,10] (25)   1058.3
[50,30]   [60,30,10] (30)   135.128
[50,30]   [60,30,15] (0)   13443.7
[50,30]   [60,30,15] (5)   13533.3
[50,30]   [60,30,15] (10)   13443.9
[50,30]   [60,30,15] (15)   11343.3
[50,30]   [60,30,15] (20)   3477.12
[50,30]   [60,30,15] (25)   168.544
[50,30]   [60,30,15] (30)   135.752
[50,30]   [60,30,20] (0)   13489.2
[50,30]   [60,30,20] (5)   13482.1
[50,30]   [60,30,20] (10)   13533.2
[50,30]   [60,30,20] (15)   11980.1
[50,30]   [60,30,20] (20)   2430.64
[50,30]   [60,30,20] (25)   166.664
[50,30]   [60,30,20] (30)   149.572
[50,30]   [60,40,5] (0)   8348.71
[50,30]   [60,40,5] (5)   8283.45
[50,30]   [60,40,5] (10)   8329.7
[50,30]   [60,40,5] (15)   8224.08
[50,30]   [60,40,5] (20)   7535.32
[50,30]   [60,40,5] (25)   3079.78
[50,30]   [60,40,5] (30)   137.802
[50,30]   [60,40,10] (0)   8298.21
[50,30]   [60,40,10] (5)   8318.52
[50,30]   [60,40,10] (10)   8257.89
[50,30]   [60,40,10] (15)   8299.44
[50,30]   [60,40,10] (20)   7800.55
[50,30]   [60,40,10] (25)   4152.11
[50,30]   [60,40,10] (30)   182.586
[50,30]   [60,40,15] (0)   8305.81
[50,30]   [60,40,15] (5)   8301.62
[50,30]   [60,40,15] (10)   8291.13
[50,30]   [60,40,15] (15)   8321.99
[50,30]   [60,40,15] (20)   7337.92
[50,30]   [60,40,15] (25)   2294.29
[50,30]   [60,40,15] (30)   156.499
[50,30]   [60,40,20] (0)   8243.88
[50,30]   [60,40,20] (5)   8252.08
[50,30]   [60,40,20] (10)   8253.05
[50,30]   [60,40,20] (15)   8300.93
[50,30]   [60,40,20] (20)   7482.12
[50,30]   [60,40,20] (25)   1717.6
[50,30]   [60,40,20] (30)   168.688
[50,30]   [60,50,5] (0)   3968.78
[50,30]   [60,50,5] (5)   3870
[50,30]   [60,50,5] (10)   3859.37
[50,30]   [60,50,5] (15)   3849.07
[50,30]   [60,50,5] (20)   3808.63
[50,30]   [60,50,5] (25)   3638.04
[50,30]   [60,50,5] (30)   951.379
[50,30]   [60,50,10] (0)   3878.03
[50,30]   [60,50,10] (5)   3871.14
[50,30]   [60,50,10] (10)   3848.34
[50,30]   [60,50,10] (15)   3904.56
[50,30]   [60,50,10] (20)   3833.3
[50,30]   [60,50,10] (25)   3662.97
[50,30]   [60,50,10] (30)   1562.21
[50,30]   [60,50,15] (0)   3872.41
[50,30]   [60,50,15] (5)   3842.96
[50,30]   [60,50,15] (10)   3896.7
[50,30]   [60,50,15] (15)   3844.36
[50,30]   [60,50,15] (20)   3884.56
[50,30]   [60,50,15] (25)   3544.9
[50,30]   [60,50,15] (30)   335.998
[50,30]   [60,50,20] (0)   3818.14
[50,30]   [60,50,20] (5)   3921.4
[50,30]   [60,50,20] (10)   3898.41
[50,30]   [60,50,20] (15)   3921.36
[50,30]   [60,50,20] (20)   3874.78
[50,30]   [60,50,20] (25)   3508.78
[50,30]   [60,50,20] (30)   347.851
[50,30]   [60,60,5] (0)   226.777
[50,30]   [60,60,5] (5)   226.511
[50,30]   [60,60,5] (10)   221.772
[50,30]   [60,60,5] (15)   234.375
[50,30]   [60,60,5] (20)   226.404
[50,30]   [60,60,5] (25)   259.359
[50,30]   [60,60,5] (30)   253.577
[50,30]   [60,60,10] (0)   226.676
[50,30]   [60,60,10] (5)   215.45
[50,30]   [60,60,10] (10)   237.026
[50,30]   [60,60,10] (15)   225.015
[50,30]   [60,60,10] (20)   238.291
[50,30]   [60,60,10] (25)   224.824
[50,30]   [60,60,10] (30)   221.548
[50,30]   [60,60,15] (0)   213.831
[50,30]   [60,60,15] (5)   238.203
[50,30]   [60,60,15] (10)   226.175
[50,30]   [60,60,15] (15)   228.882
[50,30]   [60,60,15] (20)   237.021
[50,30]   [60,60,15] (25)   224.33
[50,30]   [60,60,15] (30)   291.858
[50,30]   [60,60,20] (0)   224.28
[50,30]   [60,60,20] (5)   233.109
[50,30]   [60,60,20] (10)   229.297
[50,30]   [60,60,20] (15)   220.431
[50,30]   [60,60,20] (20)   219.085
[50,30]   [60,60,20] (25)   234.855
[50,30]   [60,60,20] (30)   217.647
