[50,20]   [10,10,5] (0)   73.6308
[50,20]   [10,10,5] (5)   49.4545
[50,20]   [10,10,5] (10)   51.7177
[50,20]   [10,10,5] (15)   61.7138
[50,20]   [10,10,5] (20)   71.8085
[50,20]   [10,10,5] (25)   82.0668
[50,20]   [10,10,5] (30)   92.0917
[50,20]   [10,10,10] (0)   72.7497
[50,20]   [10,10,10] (5)   58.7213
[50,20]   [10,10,10] (10)   65.2786
[50,20]   [10,10,10] (15)   73.8954
[50,20]   [10,10,10] (20)   82.7526
[50,20]   [10,10,10] (25)   91.482
[50,20]   [10,10,10] (30)   100.226
[50,20]   [10,10,15] (0)   72.3162
[50,20]   [10,10,15] (5)   61.188
[50,20]   [10,10,15] (10)   68.6158
[50,20]   [10,10,15] (15)   77.6901
[50,20]   [10,10,15] (20)   87.0565
[50,20]   [10,10,15] (25)   95.9487
[50,20]   [10,10,15] (30)   104.616
[50,20]   [10,10,20] (0)   73.1375
[50,20]   [10,10,20] (5)   70.0701
[50,20]   [10,10,20] (10)   78.3487
[50,20]   [10,10,20] (15)   86.9716
[50,20]   [10,10,20] (20)   95.472
[50,20]   [10,10,20] (25)   104.133
[50,20]   [10,10,20] (30)   112.668
[50,20]   [10,20,5] (0)   7621.04
[50,20]   [10,20,5] (5)   7598.9
[50,20]   [10,20,5] (10)   7660.61
[50,20]   [10,20,5] (15)   7541.72
[50,20]   [10,20,5] (20)   7609.85
[50,20]   [10,20,5] (25)   6491.61
[50,20]   [10,20,5] (30)   6037.49
[50,20]   [10,20,10] (0)   7528.7
[50,20]   [10,20,10] (5)   7615.23
[50,20]   [10,20,10] (10)   7598.14
[50,20]   [10,20,10] (15)   7628.17
[50,20]   [10,20,10] (20)   7533.03
[50,20]   [10,20,10] (25)   7487.65
[50,20]   [10,20,10] (30)   7687.51
[50,20]   [10,20,15] (0)   7533.79
[50,20]   [10,20,15] (5)   7519.43
[50,20]   [10,20,15] (10)   7691.06
[50,20]   [10,20,15] (15)   7608.71
[50,20]   [10,20,15] (20)   7488.43
[50,20]   [10,20,15] (25)   7428.78
[50,20]   [10,20,15] (30)   4926.86
[50,20]   [10,20,20] (0)   7600.38
[50,20]   [10,20,20] (5)   7612.51
[50,20]   [10,20,20] (10)   7580.71
[50,20]   [10,20,20] (15)   7609.98
[50,20]   [10,20,20] (20)   7627.18
[50,20]   [10,20,20] (25)   7739.72
[50,20]   [10,20,20] (30)   7615.42
[50,20]   [10,30,5] (0)   16205.7
[50,20]   [10,30,5] (5)   15956.6
[50,20]   [10,30,5] (10)   16223.1
[50,20]   [10,30,5] (15)   16211.7
[50,20]   [10,30,5] (20)   16234.4
[50,20]   [10,30,5] (25)   16189.6
[50,20]   [10,30,5] (30)   14992.1
[50,20]   [10,30,10] (0)   16205.9
[50,20]   [10,30,10] (5)   16344.3
[50,20]   [10,30,10] (10)   16222.2
[50,20]   [10,30,10] (15)   16287.9
[50,20]   [10,30,10] (20)   16302
[50,20]   [10,30,10] (25)   16233.6
[50,20]   [10,30,10] (30)   16151.7
[50,20]   [10,30,15] (0)   16242.6
[50,20]   [10,30,15] (5)   16379.4
[50,20]   [10,30,15] (10)   16252.2
[50,20]   [10,30,15] (15)   16147.4
[50,20]   [10,30,15] (20)   16115.5
[50,20]   [10,30,15] (25)   16255
[50,20]   [10,30,15] (30)   13900.3
[50,20]   [10,30,20] (0)   16159.5
[50,20]   [10,30,20] (5)   16204.9
[50,20]   [10,30,20] (10)   16161.7
[50,20]   [10,30,20] (15)   16215.9
[50,20]   [10,30,20] (20)   16222.9
[50,20]   [10,30,20] (25)   16197.6
[50,20]   [10,30,20] (30)   16316.5
[50,20]   [10,40,5] (0)   23401.7
[50,20]   [10,40,5] (5)   23498.7
[50,20]   [10,40,5] (10)   23420.4
[50,20]   [10,40,5] (15)   23319.9
[50,20]   [10,40,5] (20)   23489.4
[50,20]   [10,40,5] (25)   23417
[50,20]   [10,40,5] (30)   23325.2
[50,20]   [10,40,10] (0)   23365.4
[50,20]   [10,40,10] (5)   23407.8
[50,20]   [10,40,10] (10)   23456.4
[50,20]   [10,40,10] (15)   23421.7
[50,20]   [10,40,10] (20)   23407.2
[50,20]   [10,40,10] (25)   23418.5
[50,20]   [10,40,10] (30)   23412.1
[50,20]   [10,40,15] (0)   23345.5
[50,20]   [10,40,15] (5)   23391
[50,20]   [10,40,15] (10)   23433.4
[50,20]   [10,40,15] (15)   23398.6
[50,20]   [10,40,15] (20)   23332.6
[50,20]   [10,40,15] (25)   23461.6
[50,20]   [10,40,15] (30)   23453.9
[50,20]   [10,40,20] (0)   23150.2
[50,20]   [10,40,20] (5)   23309.1
[50,20]   [10,40,20] (10)   23363.8
[50,20]   [10,40,20] (15)   23352.4
[50,20]   [10,40,20] (20)   23454.7
[50,20]   [10,40,20] (25)   23428.7
[50,20]   [10,40,20] (30)   23313.1
[50,20]   [10,50,5] (0)   29008.1
[50,20]   [10,50,5] (5)   29101.5
[50,20]   [10,50,5] (10)   29038.5
[50,20]   [10,50,5] (15)   28955
[50,20]   [10,50,5] (20)   29014.9
[50,20]   [10,50,5] (25)   29001.4
[50,20]   [10,50,5] (30)   29029.1
[50,20]   [10,50,10] (0)   28789
[50,20]   [10,50,10] (5)   28793.7
[50,20]   [10,50,10] (10)   29037.8
[50,20]   [10,50,10] (15)   29014.4
[50,20]   [10,50,10] (20)   29054
[50,20]   [10,50,10] (25)   29096.9
[50,20]   [10,50,10] (30)   29007.3
[50,20]   [10,50,15] (0)   28998.5
[50,20]   [10,50,15] (5)   29076.9
[50,20]   [10,50,15] (10)   29064.7
[50,20]   [10,50,15] (15)   29034.6
[50,20]   [10,50,15] (20)   29016
[50,20]   [10,50,15] (25)   29040.6
[50,20]   [10,50,15] (30)   29052.2
[50,20]   [10,50,20] (0)   28884.9
[50,20]   [10,50,20] (5)   29041
[50,20]   [10,50,20] (10)   28902.4
[50,20]   [10,50,20] (15)   29013.9
[50,20]   [10,50,20] (20)   28999.5
[50,20]   [10,50,20] (25)   29051.3
[50,20]   [10,50,20] (30)   29054.4
[50,20]   [10,60,5] (0)   38932.5
[50,20]   [10,60,5] (5)   38861.5
[50,20]   [10,60,5] (10)   38956.1
[50,20]   [10,60,5] (15)   38976.4
[50,20]   [10,60,5] (20)   38900.3
[50,20]   [10,60,5] (25)   38923.8
[50,20]   [10,60,5] (30)   38934.7
[50,20]   [10,60,10] (0)   38908.2
[50,20]   [10,60,10] (5)   38976.2
[50,20]   [10,60,10] (10)   38940.7
[50,20]   [10,60,10] (15)   38984.8
[50,20]   [10,60,10] (20)   38889.5
[50,20]   [10,60,10] (25)   38958.8
[50,20]   [10,60,10] (30)   38981.4
[50,20]   [10,60,15] (0)   38963.3
[50,20]   [10,60,15] (5)   38948.7
[50,20]   [10,60,15] (10)   38957.3
[50,20]   [10,60,15] (15)   38862.9
[50,20]   [10,60,15] (20)   38812.1
[50,20]   [10,60,15] (25)   38939.5
[50,20]   [10,60,15] (30)   38952.6
[50,20]   [10,60,20] (0)   38962.3
[50,20]   [10,60,20] (5)   38958.1
[50,20]   [10,60,20] (10)   38980.2
[50,20]   [10,60,20] (15)   38929.9
[50,20]   [10,60,20] (20)   38952.4
[50,20]   [10,60,20] (25)   38958.5
[50,20]   [10,60,20] (30)   38915.6
[50,20]   [20,10,5] (0)   7307.57
[50,20]   [20,10,5] (5)   1013.93
[50,20]   [20,10,5] (10)   53.9675
[50,20]   [20,10,5] (15)   57.0766
[50,20]   [20,10,5] (20)   66.4792
[50,20]   [20,10,5] (25)   76.5126
[50,20]   [20,10,5] (30)   86.3846
[50,20]   [20,10,10] (0)   7295.63
[50,20]   [20,10,10] (5)   1578.06
[50,20]   [20,10,10] (10)   69.7206
[50,20]   [20,10,10] (15)   74.6389
[50,20]   [20,10,10] (20)   82.8482
[50,20]   [20,10,10] (25)   91.2034
[50,20]   [20,10,10] (30)   99.371
[50,20]   [20,10,15] (0)   7279.96
[50,20]   [20,10,15] (5)   86.6236
[50,20]   [20,10,15] (10)   73.8037
[50,20]   [20,10,15] (15)   80.9823
[50,20]   [20,10,15] (20)   89.0547
[50,20]   [20,10,15] (25)   97.3828
[50,20]   [20,10,15] (30)   105.807
[50,20]   [20,10,20] (0)   7283.74
[50,20]   [20,10,20] (5)   118.776
[50,20]   [20,10,20] (10)   87.0489
[50,20]   [20,10,20] (15)   92.1414
[50,20]   [20,10,20] (20)   100.172
[50,20]   [20,10,20] (25)   108.037
[50,20]   [20,10,20] (30)   116.295
[50,20]   [20,20,5] (0)   109.831
[50,20]   [20,20,5] (5)   109.97
[50,20]   [20,20,5] (10)   93.8654
[50,20]   [20,20,5] (15)   80.7405
[50,20]   [20,20,5] (20)   86.6153
[50,20]   [20,20,5] (25)   95.5804
[50,20]   [20,20,5] (30)   104.131
[50,20]   [20,20,10] (0)   110.158
[50,20]   [20,20,10] (5)   113.595
[50,20]   [20,20,10] (10)   97.7572
[50,20]   [20,20,10] (15)   94.4827
[50,20]   [20,20,10] (20)   102.202
[50,20]   [20,20,10] (25)   110.1
[50,20]   [20,20,10] (30)   118.213
[50,20]   [20,20,15] (0)   108.446
[50,20]   [20,20,15] (5)   108.897
[50,20]   [20,20,15] (10)   94.7045
[50,20]   [20,20,15] (15)   96.8067
[50,20]   [20,20,15] (20)   104.782
[50,20]   [20,20,15] (25)   112.486
[50,20]   [20,20,15] (30)   120.383
[50,20]   [20,20,20] (0)   109.35
[50,20]   [20,20,20] (5)   110.287
[50,20]   [20,20,20] (10)   102.797
[50,20]   [20,20,20] (15)   107.583
[50,20]   [20,20,20] (20)   115.511
[50,20]   [20,20,20] (25)   123.35
[50,20]   [20,20,20] (30)   130.826
[50,20]   [20,30,5] (0)   4951.83
[50,20]   [20,30,5] (5)   5146.27
[50,20]   [20,30,5] (10)   4894.81
[50,20]   [20,30,5] (15)   5019.75
[50,20]   [20,30,5] (20)   4918.51
[50,20]   [20,30,5] (25)   4776.93
[50,20]   [20,30,5] (30)   4520.27
[50,20]   [20,30,10] (0)   4973.3
[50,20]   [20,30,10] (5)   5024.12
[50,20]   [20,30,10] (10)   5047.76
[50,20]   [20,30,10] (15)   5107.86
[50,20]   [20,30,10] (20)   5010.11
[50,20]   [20,30,10] (25)   5030.63
[50,20]   [20,30,10] (30)   5018.47
[50,20]   [20,30,15] (0)   4982.92
[50,20]   [20,30,15] (5)   5059.28
[50,20]   [20,30,15] (10)   4964.07
[50,20]   [20,30,15] (15)   4935.29
[50,20]   [20,30,15] (20)   4929.1
[50,20]   [20,30,15] (25)   4807.93
[50,20]   [20,30,15] (30)   3711.11
[50,20]   [20,30,20] (0)   4930.69
[50,20]   [20,30,20] (5)   4897.86
[50,20]   [20,30,20] (10)   4924.88
[50,20]   [20,30,20] (15)   5011.1
[50,20]   [20,30,20] (20)   4931.6
[50,20]   [20,30,20] (25)   5023.01
[50,20]   [20,30,20] (30)   4949.5
[50,20]   [20,40,5] (0)   12607.7
[50,20]   [20,40,5] (5)   12549.6
[50,20]   [20,40,5] (10)   12605.3
[50,20]   [20,40,5] (15)   12523.2
[50,20]   [20,40,5] (20)   12649.3
[50,20]   [20,40,5] (25)   12653
[50,20]   [20,40,5] (30)   12586.2
[50,20]   [20,40,10] (0)   12552.2
[50,20]   [20,40,10] (5)   12645.2
[50,20]   [20,40,10] (10)   12644.8
[50,20]   [20,40,10] (15)   12419.4
[50,20]   [20,40,10] (20)   12508.6
[50,20]   [20,40,10] (25)   12637
[50,20]   [20,40,10] (30)   12556
[50,20]   [20,40,15] (0)   12611.3
[50,20]   [20,40,15] (5)   12594.9
[50,20]   [20,40,15] (10)   12529.9
[50,20]   [20,40,15] (15)   12671.8
[50,20]   [20,40,15] (20)   12541.1
[50,20]   [20,40,15] (25)   12661.5
[50,20]   [20,40,15] (30)   12532.1
[50,20]   [20,40,20] (0)   12485.8
[50,20]   [20,40,20] (5)   12633.9
[50,20]   [20,40,20] (10)   12517.8
[50,20]   [20,40,20] (15)   12694.1
[50,20]   [20,40,20] (20)   12475.7
[50,20]   [20,40,20] (25)   12530
[50,20]   [20,40,20] (30)   12450.6
[50,20]   [20,50,5] (0)   21595.5
[50,20]   [20,50,5] (5)   21502.6
[50,20]   [20,50,5] (10)   21545.4
[50,20]   [20,50,5] (15)   21561.7
[50,20]   [20,50,5] (20)   21820.5
[50,20]   [20,50,5] (25)   21592.4
[50,20]   [20,50,5] (30)   21526.5
[50,20]   [20,50,10] (0)   21748.6
[50,20]   [20,50,10] (5)   21731.3
[50,20]   [20,50,10] (10)   21691.1
[50,20]   [20,50,10] (15)   21619.2
[50,20]   [20,50,10] (20)   21526.6
[50,20]   [20,50,10] (25)   21491.8
[50,20]   [20,50,10] (30)   21594.9
[50,20]   [20,50,15] (0)   21575.9
[50,20]   [20,50,15] (5)   21576.7
[50,20]   [20,50,15] (10)   21712.1
[50,20]   [20,50,15] (15)   21481.9
[50,20]   [20,50,15] (20)   21822
[50,20]   [20,50,15] (25)   21359.4
[50,20]   [20,50,15] (30)   21552.6
[50,20]   [20,50,20] (0)   21536.4
[50,20]   [20,50,20] (5)   21634.2
[50,20]   [20,50,20] (10)   21624.6
[50,20]   [20,50,20] (15)   21471.5
[50,20]   [20,50,20] (20)   21657.3
[50,20]   [20,50,20] (25)   21745
[50,20]   [20,50,20] (30)   21664.1
[50,20]   [20,60,5] (0)   23700.3
[50,20]   [20,60,5] (5)   23629.8
[50,20]   [20,60,5] (10)   23673.5
[50,20]   [20,60,5] (15)   23745.8
[50,20]   [20,60,5] (20)   23684.5
[50,20]   [20,60,5] (25)   23698.7
[50,20]   [20,60,5] (30)   23659.2
[50,20]   [20,60,10] (0)   23730.1
[50,20]   [20,60,10] (5)   23665.6
[50,20]   [20,60,10] (10)   23692.6
[50,20]   [20,60,10] (15)   23752.2
[50,20]   [20,60,10] (20)   23576.4
[50,20]   [20,60,10] (25)   23796.9
[50,20]   [20,60,10] (30)   23691.6
[50,20]   [20,60,15] (0)   23535.1
[50,20]   [20,60,15] (5)   23687.8
[50,20]   [20,60,15] (10)   23815.4
[50,20]   [20,60,15] (15)   23769.6
[50,20]   [20,60,15] (20)   23752.6
[50,20]   [20,60,15] (25)   23724.2
[50,20]   [20,60,15] (30)   23794.3
[50,20]   [20,60,20] (0)   23501.8
[50,20]   [20,60,20] (5)   23679.3
[50,20]   [20,60,20] (10)   23602.9
[50,20]   [20,60,20] (15)   23648.9
[50,20]   [20,60,20] (20)   23695.2
[50,20]   [20,60,20] (25)   23736.9
[50,20]   [20,60,20] (30)   23671.3
[50,20]   [30,10,5] (0)   13196.5
[50,20]   [30,10,5] (5)   6183.28
[50,20]   [30,10,5] (10)   64.3771
[50,20]   [30,10,5] (15)   61.102
[50,20]   [30,10,5] (20)   66.6113
[50,20]   [30,10,5] (25)   74.6858
[50,20]   [30,10,5] (30)   84.6882
[50,20]   [30,10,10] (0)   13281.5
[50,20]   [30,10,10] (5)   7042.68
[50,20]   [30,10,10] (10)   99.9277
[50,20]   [30,10,10] (15)   78.5206
[50,20]   [30,10,10] (20)   82.0103
[50,20]   [30,10,10] (25)   89.55
[50,20]   [30,10,10] (30)   97.0423
[50,20]   [30,10,15] (0)   13222.4
[50,20]   [30,10,15] (5)   3086.89
[50,20]   [30,10,15] (10)   82.5611
[50,20]   [30,10,15] (15)   85.2304
[50,20]   [30,10,15] (20)   91.3208
[50,20]   [30,10,15] (25)   99.2187
[50,20]   [30,10,15] (30)   107.672
[50,20]   [30,10,20] (0)   13069.5
[50,20]   [30,10,20] (5)   2976.31
[50,20]   [30,10,20] (10)   91.7979
[50,20]   [30,10,20] (15)   93.5681
[50,20]   [30,10,20] (20)   101.708
[50,20]   [30,10,20] (25)   109.415
[50,20]   [30,10,20] (30)   117.211
[50,20]   [30,20,5] (0)   5634.99
[50,20]   [30,20,5] (5)   5631.66
[50,20]   [30,20,5] (10)   3110.26
[50,20]   [30,20,5] (15)   85.4771
[50,20]   [30,20,5] (20)   75.6395
[50,20]   [30,20,5] (25)   81.614
[50,20]   [30,20,5] (30)   90.4902
[50,20]   [30,20,10] (0)   5619.53
[50,20]   [30,20,10] (5)   5647.48
[50,20]   [30,20,10] (10)   3898.01
[50,20]   [30,20,10] (15)   100.215
[50,20]   [30,20,10] (20)   94.1839
[50,20]   [30,20,10] (25)   100.363
[50,20]   [30,20,10] (30)   108.647
[50,20]   [30,20,15] (0)   5637.1
[50,20]   [30,20,15] (5)   5697.67
[50,20]   [30,20,15] (10)   1766.21
[50,20]   [30,20,15] (15)   98.5908
[50,20]   [30,20,15] (20)   100.719
[50,20]   [30,20,15] (25)   107.535
[50,20]   [30,20,15] (30)   115.508
[50,20]   [30,20,20] (0)   5633.78
[50,20]   [30,20,20] (5)   5607.53
[50,20]   [30,20,20] (10)   2087.2
[50,20]   [30,20,20] (15)   105.328
[50,20]   [30,20,20] (20)   106.665
[50,20]   [30,20,20] (25)   113.289
[50,20]   [30,20,20] (30)   122.568
[50,20]   [30,30,5] (0)   130.412
[50,20]   [30,30,5] (5)   130.133
[50,20]   [30,30,5] (10)   131.018
[50,20]   [30,30,5] (15)   118.906
[50,20]   [30,30,5] (20)   100.503
[50,20]   [30,30,5] (25)   100.274
[50,20]   [30,30,5] (30)   108.312
[50,20]   [30,30,10] (0)   130.924
[50,20]   [30,30,10] (5)   130.674
[50,20]   [30,30,10] (10)   129.038
[50,20]   [30,30,10] (15)   123.053
[50,20]   [30,30,10] (20)   113.072
[50,20]   [30,30,10] (25)   117.69
[50,20]   [30,30,10] (30)   125.485
[50,20]   [30,30,15] (0)   128.798
[50,20]   [30,30,15] (5)   129.815
[50,20]   [30,30,15] (10)   131.764
[50,20]   [30,30,15] (15)   119.176
[50,20]   [30,30,15] (20)   113.513
[50,20]   [30,30,15] (25)   118.77
[50,20]   [30,30,15] (30)   127.37
[50,20]   [30,30,20] (0)   130.838
[50,20]   [30,30,20] (5)   129.116
[50,20]   [30,30,20] (10)   134.793
[50,20]   [30,30,20] (15)   123.734
[50,20]   [30,30,20] (20)   123.483
[50,20]   [30,30,20] (25)   130.295
[50,20]   [30,30,20] (30)   137.872
[50,20]   [30,40,5] (0)   4419.54
[50,20]   [30,40,5] (5)   4470.92
[50,20]   [30,40,5] (10)   4454.48
[50,20]   [30,40,5] (15)   4522.09
[50,20]   [30,40,5] (20)   4460.48
[50,20]   [30,40,5] (25)   4513.68
[50,20]   [30,40,5] (30)   4470.53
[50,20]   [30,40,10] (0)   4447.74
[50,20]   [30,40,10] (5)   4485.16
[50,20]   [30,40,10] (10)   4529.27
[50,20]   [30,40,10] (15)   4460.72
[50,20]   [30,40,10] (20)   4448.13
[50,20]   [30,40,10] (25)   4451.59
[50,20]   [30,40,10] (30)   4603.44
[50,20]   [30,40,15] (0)   4484.02
[50,20]   [30,40,15] (5)   4456.52
[50,20]   [30,40,15] (10)   4401.26
[50,20]   [30,40,15] (15)   4460.48
[50,20]   [30,40,15] (20)   4316.62
[50,20]   [30,40,15] (25)   4565.33
[50,20]   [30,40,15] (30)   4494.17
[50,20]   [30,40,20] (0)   4445.2
[50,20]   [30,40,20] (5)   4518.21
[50,20]   [30,40,20] (10)   4524.28
[50,20]   [30,40,20] (15)   4537.25
[50,20]   [30,40,20] (20)   4480.16
[50,20]   [30,40,20] (25)   4392.25
[50,20]   [30,40,20] (30)   4545.86
[50,20]   [30,50,5] (0)   9359.04
[50,20]   [30,50,5] (5)   9508.39
[50,20]   [30,50,5] (10)   9373.19
[50,20]   [30,50,5] (15)   9138.98
[50,20]   [30,50,5] (20)   9268.39
[50,20]   [30,50,5] (25)   9448.76
[50,20]   [30,50,5] (30)   9528.97
[50,20]   [30,50,10] (0)   9255.8
[50,20]   [30,50,10] (5)   9288.56
[50,20]   [30,50,10] (10)   9272.05
[50,20]   [30,50,10] (15)   9226.96
[50,20]   [30,50,10] (20)   9357.36
[50,20]   [30,50,10] (25)   9339.53
[50,20]   [30,50,10] (30)   9257.32
[50,20]   [30,50,15] (0)   9285.32
[50,20]   [30,50,15] (5)   9334.36
[50,20]   [30,50,15] (10)   9304.8
[50,20]   [30,50,15] (15)   9352.45
[50,20]   [30,50,15] (20)   9408.27
[50,20]   [30,50,15] (25)   9428.43
[50,20]   [30,50,15] (30)   9350.85
[50,20]   [30,50,20] (0)   9453.12
[50,20]   [30,50,20] (5)   9306.2
[50,20]   [30,50,20] (10)   9256.06
[50,20]   [30,50,20] (15)   9348.16
[50,20]   [30,50,20] (20)   9306.27
[50,20]   [30,50,20] (25)   9403.02
[50,20]   [30,50,20] (30)   9311.18
[50,20]   [30,60,5] (0)   14950.1
[50,20]   [30,60,5] (5)   14868.9
[50,20]   [30,60,5] (10)   14604.4
[50,20]   [30,60,5] (15)   14649.8
[50,20]   [30,60,5] (20)   14765.3
[50,20]   [30,60,5] (25)   14900.5
[50,20]   [30,60,5] (30)   14848.5
[50,20]   [30,60,10] (0)   14767.2
[50,20]   [30,60,10] (5)   14762.8
[50,20]   [30,60,10] (10)   14846.5
[50,20]   [30,60,10] (15)   14787.5
[50,20]   [30,60,10] (20)   14828.6
[50,20]   [30,60,10] (25)   14782
[50,20]   [30,60,10] (30)   14919.3
[50,20]   [30,60,15] (0)   14777.5
[50,20]   [30,60,15] (5)   14678.9
[50,20]   [30,60,15] (10)   14678.3
[50,20]   [30,60,15] (15)   14747.2
[50,20]   [30,60,15] (20)   14731
[50,20]   [30,60,15] (25)   14753
[50,20]   [30,60,15] (30)   14653.3
[50,20]   [30,60,20] (0)   14713.8
[50,20]   [30,60,20] (5)   14779.8
[50,20]   [30,60,20] (10)   14821.4
[50,20]   [30,60,20] (15)   14900.4
[50,20]   [30,60,20] (20)   14541.2
[50,20]   [30,60,20] (25)   14769.9
[50,20]   [30,60,20] (30)   14961
[50,20]   [40,10,5] (0)   18107.1
[50,20]   [40,10,5] (5)   10493.5
[50,20]   [40,10,5] (10)   93.9211
[50,20]   [40,10,5] (15)   67.7671
[50,20]   [40,10,5] (20)   71.0553
[50,20]   [40,10,5] (25)   76.0083
[50,20]   [40,10,5] (30)   82.7604
[50,20]   [40,10,10] (0)   18034.4
[50,20]   [40,10,10] (5)   11480.4
[50,20]   [40,10,10] (10)   3598.99
[50,20]   [40,10,10] (15)   89.8541
[50,20]   [40,10,10] (20)   87.4426
[50,20]   [40,10,10] (25)   90.8697
[50,20]   [40,10,10] (30)   96.6936
[50,20]   [40,10,15] (0)   17830.1
[50,20]   [40,10,15] (5)   7510.9
[50,20]   [40,10,15] (10)   893.93
[50,20]   [40,10,15] (15)   92.7735
[50,20]   [40,10,15] (20)   93.6223
[50,20]   [40,10,15] (25)   98.3315
[50,20]   [40,10,15] (30)   104.767
[50,20]   [40,10,20] (0)   17682
[50,20]   [40,10,20] (5)   7700.58
[50,20]   [40,10,20] (10)   91.5494
[50,20]   [40,10,20] (15)   107.409
[50,20]   [40,10,20] (20)   109.747
[50,20]   [40,10,20] (25)   113.687
[50,20]   [40,10,20] (30)   120.443
[50,20]   [40,20,5] (0)   10547.3
[50,20]   [40,20,5] (5)   10514.1
[50,20]   [40,20,5] (10)   7743.01
[50,20]   [40,20,5] (15)   122.928
[50,20]   [40,20,5] (20)   81.7805
[50,20]   [40,20,5] (25)   81.8755
[50,20]   [40,20,5] (30)   87.8047
[50,20]   [40,20,10] (0)   10528.2
[50,20]   [40,20,10] (5)   10494.1
[50,20]   [40,20,10] (10)   8438.81
[50,20]   [40,20,10] (15)   1346.38
[50,20]   [40,20,10] (20)   101.025
[50,20]   [40,20,10] (25)   98.7774
[50,20]   [40,20,10] (30)   103.974
[50,20]   [40,20,15] (0)   10557.3
[50,20]   [40,20,15] (5)   10492.2
[50,20]   [40,20,15] (10)   6516.05
[50,20]   [40,20,15] (15)   113.622
[50,20]   [40,20,15] (20)   103.483
[50,20]   [40,20,15] (25)   105.044
[50,20]   [40,20,15] (30)   110.627
[50,20]   [40,20,20] (0)   10585.3
[50,20]   [40,20,20] (5)   10588.3
[50,20]   [40,20,20] (10)   7122.93
[50,20]   [40,20,20] (15)   120.962
[50,20]   [40,20,20] (20)   116.316
[50,20]   [40,20,20] (25)   120.599
[50,20]   [40,20,20] (30)   127.237
[50,20]   [40,30,5] (0)   5164.27
[50,20]   [40,30,5] (5)   5214.68
[50,20]   [40,30,5] (10)   4998.66
[50,20]   [40,30,5] (15)   3395.02
[50,20]   [40,30,5] (20)   111.975
[50,20]   [40,30,5] (25)   94.619
[50,20]   [40,30,5] (30)   94.9566
[50,20]   [40,30,10] (0)   5207.96
[50,20]   [40,30,10] (5)   5129.37
[50,20]   [40,30,10] (10)   5095.25
[50,20]   [40,30,10] (15)   3847.61
[50,20]   [40,30,10] (20)   126.289
[50,20]   [40,30,10] (25)   113.279
[50,20]   [40,30,10] (30)   115.394
[50,20]   [40,30,15] (0)   5179.04
[50,20]   [40,30,15] (5)   5188.71
[50,20]   [40,30,15] (10)   5187.49
[50,20]   [40,30,15] (15)   2620.01
[50,20]   [40,30,15] (20)   119.754
[50,20]   [40,30,15] (25)   117.05
[50,20]   [40,30,15] (30)   121.445
[50,20]   [40,30,20] (0)   5158.4
[50,20]   [40,30,20] (5)   5206.08
[50,20]   [40,30,20] (10)   5135.2
[50,20]   [40,30,20] (15)   2901.93
[50,20]   [40,30,20] (20)   130.782
[50,20]   [40,30,20] (25)   129.864
[50,20]   [40,30,20] (30)   135.486
[50,20]   [40,40,5] (0)   144.69
[50,20]   [40,40,5] (5)   147.366
[50,20]   [40,40,5] (10)   148.933
[50,20]   [40,40,5] (15)   146.066
[50,20]   [40,40,5] (20)   141.36
[50,20]   [40,40,5] (25)   124.327
[50,20]   [40,40,5] (30)   116.422
[50,20]   [40,40,10] (0)   146.672
[50,20]   [40,40,10] (5)   146.418
[50,20]   [40,40,10] (10)   147.613
[50,20]   [40,40,10] (15)   145.859
[50,20]   [40,40,10] (20)   141.839
[50,20]   [40,40,10] (25)   133.023
[50,20]   [40,40,10] (30)   133.79
[50,20]   [40,40,15] (0)   146.273
[50,20]   [40,40,15] (5)   147.705
[50,20]   [40,40,15] (10)   147.205
[50,20]   [40,40,15] (15)   145.414
[50,20]   [40,40,15] (20)   138.637
[50,20]   [40,40,15] (25)   131.902
[50,20]   [40,40,15] (30)   135.245
[50,20]   [40,40,20] (0)   146.031
[50,20]   [40,40,20] (5)   147.029
[50,20]   [40,40,20] (10)   146.108
[50,20]   [40,40,20] (15)   146.786
[50,20]   [40,40,20] (20)   143.171
[50,20]   [40,40,20] (25)   140.231
[50,20]   [40,40,20] (30)   145.722
[50,20]   [40,50,5] (0)   1966.31
[50,20]   [40,50,5] (5)   2061.98
[50,20]   [40,50,5] (10)   1995.28
[50,20]   [40,50,5] (15)   1914.06
[50,20]   [40,50,5] (20)   2009.28
[50,20]   [40,50,5] (25)   1963.73
[50,20]   [40,50,5] (30)   2092.36
[50,20]   [40,50,10] (0)   1921.98
[50,20]   [40,50,10] (5)   1934.73
[50,20]   [40,50,10] (10)   2060.14
[50,20]   [40,50,10] (15)   1888.7
[50,20]   [40,50,10] (20)   2018.66
[50,20]   [40,50,10] (25)   2024.61
[50,20]   [40,50,10] (30)   1925.95
[50,20]   [40,50,15] (0)   1989.12
[50,20]   [40,50,15] (5)   1923.11
[50,20]   [40,50,15] (10)   2009.36
[50,20]   [40,50,15] (15)   2068.34
[50,20]   [40,50,15] (20)   2025.28
[50,20]   [40,50,15] (25)   2021.82
[50,20]   [40,50,15] (30)   2098.06
[50,20]   [40,50,20] (0)   2013.24
[50,20]   [40,50,20] (5)   2037.13
[50,20]   [40,50,20] (10)   2037.55
[50,20]   [40,50,20] (15)   1949.11
[50,20]   [40,50,20] (20)   2087.97
[50,20]   [40,50,20] (25)   2117.09
[50,20]   [40,50,20] (30)   2117.7
[50,20]   [40,60,5] (0)   7484.74
[50,20]   [40,60,5] (5)   7561.83
[50,20]   [40,60,5] (10)   7433.88
[50,20]   [40,60,5] (15)   7471.26
[50,20]   [40,60,5] (20)   7674.75
[50,20]   [40,60,5] (25)   7455.88
[50,20]   [40,60,5] (30)   7432.34
[50,20]   [40,60,10] (0)   7348.87
[50,20]   [40,60,10] (5)   7568.75
[50,20]   [40,60,10] (10)   7489.55
[50,20]   [40,60,10] (15)   7472.01
[50,20]   [40,60,10] (20)   7458.82
[50,20]   [40,60,10] (25)   7451.86
[50,20]   [40,60,10] (30)   7473.98
[50,20]   [40,60,15] (0)   7615.67
[50,20]   [40,60,15] (5)   7298.3
[50,20]   [40,60,15] (10)   7508.92
[50,20]   [40,60,15] (15)   7453.47
[50,20]   [40,60,15] (20)   7545.33
[50,20]   [40,60,15] (25)   7452.85
[50,20]   [40,60,15] (30)   7518.1
[50,20]   [40,60,20] (0)   7602.47
[50,20]   [40,60,20] (5)   7454.1
[50,20]   [40,60,20] (10)   7520.68
[50,20]   [40,60,20] (15)   7450.38
[50,20]   [40,60,20] (20)   7547.12
[50,20]   [40,60,20] (25)   7401.77
[50,20]   [40,60,20] (30)   7445.46
[50,20]   [50,10,5] (0)   21979.8
[50,20]   [50,10,5] (5)   14212.5
[50,20]   [50,10,5] (10)   2493.11
[50,20]   [50,10,5] (15)   75.2887
[50,20]   [50,10,5] (20)   75.9052
[50,20]   [50,10,5] (25)   80.6947
[50,20]   [50,10,5] (30)   85.9504
[50,20]   [50,10,10] (0)   22137.3
[50,20]   [50,10,10] (5)   15542.4
[50,20]   [50,10,10] (10)   7304.87
[50,20]   [50,10,10] (15)   1417.69
[50,20]   [50,10,10] (20)   97.0405
[50,20]   [50,10,10] (25)   96.345
[50,20]   [50,10,10] (30)   99.3648
[50,20]   [50,10,15] (0)   21965.9
[50,20]   [50,10,15] (5)   11805.4
[50,20]   [50,10,15] (10)   4684.25
[50,20]   [50,10,15] (15)   120.399
[50,20]   [50,10,15] (20)   101.512
[50,20]   [50,10,15] (25)   103.424
[50,20]   [50,10,15] (30)   107.468
[50,20]   [50,10,20] (0)   22278.8
[50,20]   [50,10,20] (5)   12384
[50,20]   [50,10,20] (10)   3210.91
[50,20]   [50,10,20] (15)   1575.15
[50,20]   [50,10,20] (20)   117.676
[50,20]   [50,10,20] (25)   117.704
[50,20]   [50,10,20] (30)   121.709
[50,20]   [50,20,5] (0)   26615.7
[50,20]   [50,20,5] (5)   26600.9
[50,20]   [50,20,5] (10)   12991.2
[50,20]   [50,20,5] (15)   2620.04
[50,20]   [50,20,5] (20)   91.6368
[50,20]   [50,20,5] (25)   87.0497
[50,20]   [50,20,5] (30)   90.9695
[50,20]   [50,20,10] (0)   26535.3
[50,20]   [50,20,10] (5)   26512.9
[50,20]   [50,20,10] (10)   14461.2
[50,20]   [50,20,10] (15)   5103.23
[50,20]   [50,20,10] (20)   192.89
[50,20]   [50,20,10] (25)   108.034
[50,20]   [50,20,10] (30)   105.714
[50,20]   [50,20,15] (0)   26625.2
[50,20]   [50,20,15] (5)   26598.4
[50,20]   [50,20,15] (10)   11957.5
[50,20]   [50,20,15] (15)   2151.65
[50,20]   [50,20,15] (20)   121.156
[50,20]   [50,20,15] (25)   110.598
[50,20]   [50,20,15] (30)   112.092
[50,20]   [50,20,20] (0)   26643.3
[50,20]   [50,20,20] (5)   26540.3
[50,20]   [50,20,20] (10)   12990.9
[50,20]   [50,20,20] (15)   875.848
[50,20]   [50,20,20] (20)   132.937
[50,20]   [50,20,20] (25)   127.628
[50,20]   [50,20,20] (30)   129.284
[50,20]   [50,30,5] (0)   8928.15
[50,20]   [50,30,5] (5)   8899.69
[50,20]   [50,30,5] (10)   8790.41
[50,20]   [50,30,5] (15)   7508.97
[50,20]   [50,30,5] (20)   915.248
[50,20]   [50,30,5] (25)   101.348
[50,20]   [50,30,5] (30)   97.0172
[50,20]   [50,30,10] (0)   8877.43
[50,20]   [50,30,10] (5)   8847.41
[50,20]   [50,30,10] (10)   8889.75
[50,20]   [50,30,10] (15)   8089.07
[50,20]   [50,30,10] (20)   2768.92
[50,20]   [50,30,10] (25)   124.867
[50,20]   [50,30,10] (30)   115.605
[50,20]   [50,30,15] (0)   8960.99
[50,20]   [50,30,15] (5)   8925.28
[50,20]   [50,30,15] (10)   8906.85
[50,20]   [50,30,15] (15)   6917.13
[50,20]   [50,30,15] (20)   265.746
[50,20]   [50,30,15] (25)   123.972
[50,20]   [50,30,15] (30)   120.574
[50,20]   [50,30,20] (0)   8942.92
[50,20]   [50,30,20] (5)   8891.94
[50,20]   [50,30,20] (10)   8898.58
[50,20]   [50,30,20] (15)   7363.62
[50,20]   [50,30,20] (20)   174.325
[50,20]   [50,30,20] (25)   134.617
[50,20]   [50,30,20] (30)   134.574
[50,20]   [50,40,5] (0)   3957.71
[50,20]   [50,40,5] (5)   3968.84
[50,20]   [50,40,5] (10)   3929.55
[50,20]   [50,40,5] (15)   3886.7
[50,20]   [50,40,5] (20)   3403.96
[50,20]   [50,40,5] (25)   273.104
[50,20]   [50,40,5] (30)   116.872
[50,20]   [50,40,10] (0)   3960.84
[50,20]   [50,40,10] (5)   3849.58
[50,20]   [50,40,10] (10)   3897.63
[50,20]   [50,40,10] (15)   3907.86
[50,20]   [50,40,10] (20)   3532.65
[50,20]   [50,40,10] (25)   635.338
[50,20]   [50,40,10] (30)   134.815
[50,20]   [50,40,15] (0)   4041.36
[50,20]   [50,40,15] (5)   3993.24
[50,20]   [50,40,15] (10)   3930.72
[50,20]   [50,40,15] (15)   3901.22
[50,20]   [50,40,15] (20)   3167.51
[50,20]   [50,40,15] (25)   154.104
[50,20]   [50,40,15] (30)   135.187
[50,20]   [50,40,20] (0)   3980.32
[50,20]   [50,40,20] (5)   3970.23
[50,20]   [50,40,20] (10)   3901.96
[50,20]   [50,40,20] (15)   3978.36
[50,20]   [50,40,20] (20)   3361.51
[50,20]   [50,40,20] (25)   164.616
[50,20]   [50,40,20] (30)   146.817
[50,20]   [50,50,5] (0)   187.74
[50,20]   [50,50,5] (5)   182.71
[50,20]   [50,50,5] (10)   180.458
[50,20]   [50,50,5] (15)   183.417
[50,20]   [50,50,5] (20)   184.995
[50,20]   [50,50,5] (25)   169.841
[50,20]   [50,50,5] (30)   149.519
[50,20]   [50,50,10] (0)   188.941
[50,20]   [50,50,10] (5)   187.295
[50,20]   [50,50,10] (10)   184.103
[50,20]   [50,50,10] (15)   191.279
[50,20]   [50,50,10] (20)   185.974
[50,20]   [50,50,10] (25)   181.137
[50,20]   [50,50,10] (30)   157.558
[50,20]   [50,50,15] (0)   181.155
[50,20]   [50,50,15] (5)   187.352
[50,20]   [50,50,15] (10)   179.051
[50,20]   [50,50,15] (15)   184.715
[50,20]   [50,50,15] (20)   180.978
[50,20]   [50,50,15] (25)   168.537
[50,20]   [50,50,15] (30)   152.569
[50,20]   [50,50,20] (0)   186.255
[50,20]   [50,50,20] (5)   185.53
[50,20]   [50,50,20] (10)   186.502
[50,20]   [50,50,20] (15)   181.009
[50,20]   [50,50,20] (20)   184.231
[50,20]   [50,50,20] (25)   179.633
[50,20]   [50,50,20] (30)   161.249
[50,20]   [50,60,5] (0)   979.402
[50,20]   [50,60,5] (5)   942.97
[50,20]   [50,60,5] (10)   1039.31
[50,20]   [50,60,5] (15)   943.803
[50,20]   [50,60,5] (20)   953.637
[50,20]   [50,60,5] (25)   928.3
[50,20]   [50,60,5] (30)   933.045
[50,20]   [50,60,10] (0)   1043.17
[50,20]   [50,60,10] (5)   975.076
[50,20]   [50,60,10] (10)   985.947
[50,20]   [50,60,10] (15)   909.433
[50,20]   [50,60,10] (20)   868.598
[50,20]   [50,60,10] (25)   948.185
[50,20]   [50,60,10] (30)   858.055
[50,20]   [50,60,15] (0)   1031.66
[50,20]   [50,60,15] (5)   949.653
[50,20]   [50,60,15] (10)   923.554
[50,20]   [50,60,15] (15)   1019.77
[50,20]   [50,60,15] (20)   1034.38
[50,20]   [50,60,15] (25)   968.33
[50,20]   [50,60,15] (30)   970.392
[50,20]   [50,60,20] (0)   1075.24
[50,20]   [50,60,20] (5)   1017
[50,20]   [50,60,20] (10)   878.463
[50,20]   [50,60,20] (15)   1007.59
[50,20]   [50,60,20] (20)   965.111
[50,20]   [50,60,20] (25)   931.737
[50,20]   [50,60,20] (30)   943.701
[50,20]   [60,10,5] (0)   29234.7
[50,20]   [60,10,5] (5)   17195.6
[50,20]   [60,10,5] (10)   4827.3
[50,20]   [60,10,5] (15)   90.7089
[50,20]   [60,10,5] (20)   80.7746
[50,20]   [60,10,5] (25)   85.0585
[50,20]   [60,10,5] (30)   89.5634
[50,20]   [60,10,10] (0)   29035.6
[50,20]   [60,10,10] (5)   19331.1
[50,20]   [60,10,10] (10)   10489.6
[50,20]   [60,10,10] (15)   4510.22
[50,20]   [60,10,10] (20)   279.689
[50,20]   [60,10,10] (25)   103.269
[50,20]   [60,10,10] (30)   104.378
[50,20]   [60,10,15] (0)   29056.2
[50,20]   [60,10,15] (5)   15040.3
[50,20]   [60,10,15] (10)   7958.4
[50,20]   [60,10,15] (15)   2253.56
[50,20]   [60,10,15] (20)   116.333
[50,20]   [60,10,15] (25)   110.14
[50,20]   [60,10,15] (30)   111.697
[50,20]   [60,10,20] (0)   29223.2
[50,20]   [60,10,20] (5)   14991.6
[50,20]   [60,10,20] (10)   6802.21
[50,20]   [60,10,20] (15)   5054.52
[50,20]   [60,10,20] (20)   138.117
[50,20]   [60,10,20] (25)   126.21
[50,20]   [60,10,20] (30)   127.468
[50,20]   [60,20,5] (0)   18317
[50,20]   [60,20,5] (5)   18295.1
[50,20]   [60,20,5] (10)   15045.8
[50,20]   [60,20,5] (15)   5487.19
[50,20]   [60,20,5] (20)   106.982
[50,20]   [60,20,5] (25)   91.5594
[50,20]   [60,20,5] (30)   94.4083
[50,20]   [60,20,10] (0)   18285.9
[50,20]   [60,20,10] (5)   18328.5
[50,20]   [60,20,10] (10)   16062.3
[50,20]   [60,20,10] (15)   8577.22
[50,20]   [60,20,10] (20)   3231.23
[50,20]   [60,20,10] (25)   126.857
[50,20]   [60,20,10] (30)   110.684
[50,20]   [60,20,15] (0)   18253
[50,20]   [60,20,15] (5)   18322.8
[50,20]   [60,20,15] (10)   14591.6
[50,20]   [60,20,15] (15)   5224.7
[50,20]   [60,20,15] (20)   1306.6
[50,20]   [60,20,15] (25)   118.65
[50,20]   [60,20,15] (30)   116.791
[50,20]   [60,20,20] (0)   18500
[50,20]   [60,20,20] (5)   18301.3
[50,20]   [60,20,20] (10)   14978.6
[50,20]   [60,20,20] (15)   4218.28
[50,20]   [60,20,20] (20)   2180.01
[50,20]   [60,20,20] (25)   140.997
[50,20]   [60,20,20] (30)   132.072
[50,20]   [60,30,5] (0)   12752.9
[50,20]   [60,30,5] (5)   12649.2
[50,20]   [60,30,5] (10)   12617.6
[50,20]   [60,30,5] (15)   11012
[50,20]   [60,30,5] (20)   4029.89
[50,20]   [60,30,5] (25)   111.85
[50,20]   [60,30,5] (30)   100.081
[50,20]   [60,30,10] (0)   12656.6
[50,20]   [60,30,10] (5)   12630.2
[50,20]   [60,30,10] (10)   12698.6
[50,20]   [60,30,10] (15)   11929.6
[50,20]   [60,30,10] (20)   6199.45
[50,20]   [60,30,10] (25)   1057.19
[50,20]   [60,30,10] (30)   121.249
[50,20]   [60,30,15] (0)   12815.6
[50,20]   [60,30,15] (5)   12801.3
[50,20]   [60,30,15] (10)   12576.3
[50,20]   [60,30,15] (15)   10647
[50,20]   [60,30,15] (20)   3341.08
[50,20]   [60,30,15] (25)   164.175
[50,20]   [60,30,15] (30)   124.995
[50,20]   [60,30,20] (0)   12606.9
[50,20]   [60,30,20] (5)   12573.8
[50,20]   [60,30,20] (10)   12668.7
[50,20]   [60,30,20] (15)   11127.7
[50,20]   [60,30,20] (20)   2582.42
[50,20]   [60,30,20] (25)   156.181
[50,20]   [60,30,20] (30)   142.984
[50,20]   [60,40,5] (0)   7741.11
[50,20]   [60,40,5] (5)   7802.47
[50,20]   [60,40,5] (10)   7789.79
[50,20]   [60,40,5] (15)   7655.89
[50,20]   [60,40,5] (20)   7076.04
[50,20]   [60,40,5] (25)   3182.79
[50,20]   [60,40,5] (30)   127.585
[50,20]   [60,40,10] (0)   7796.59
[50,20]   [60,40,10] (5)   7659.67
[50,20]   [60,40,10] (10)   7767.8
[50,20]   [60,40,10] (15)   7741.5
[50,20]   [60,40,10] (20)   7444.7
[50,20]   [60,40,10] (25)   4059.94
[50,20]   [60,40,10] (30)   169.957
[50,20]   [60,40,15] (0)   7758.34
[50,20]   [60,40,15] (5)   7783.88
[50,20]   [60,40,15] (10)   7731.69
[50,20]   [60,40,15] (15)   7759.19
[50,20]   [60,40,15] (20)   6868.14
[50,20]   [60,40,15] (25)   2063.07
[50,20]   [60,40,15] (30)   145.493
[50,20]   [60,40,20] (0)   7738.19
[50,20]   [60,40,20] (5)   7733.27
[50,20]   [60,40,20] (10)   7805.76
[50,20]   [60,40,20] (15)   7844.89
[50,20]   [60,40,20] (20)   7084.06
[50,20]   [60,40,20] (25)   1630.89
[50,20]   [60,40,20] (30)   151.969
[50,20]   [60,50,5] (0)   3653.11
[50,20]   [60,50,5] (5)   3639.78
[50,20]   [60,50,5] (10)   3625.76
[50,20]   [60,50,5] (15)   3595.63
[50,20]   [60,50,5] (20)   3627.88
[50,20]   [60,50,5] (25)   3430.71
[50,20]   [60,50,5] (30)   1170.9
[50,20]   [60,50,10] (0)   3694.37
[50,20]   [60,50,10] (5)   3705.85
[50,20]   [60,50,10] (10)   3626.21
[50,20]   [60,50,10] (15)   3683.03
[50,20]   [60,50,10] (20)   3659.61
[50,20]   [60,50,10] (25)   3519.33
[50,20]   [60,50,10] (30)   1708.51
[50,20]   [60,50,15] (0)   3645.91
[50,20]   [60,50,15] (5)   3667.15
[50,20]   [60,50,15] (10)   3669.7
[50,20]   [60,50,15] (15)   3653.52
[50,20]   [60,50,15] (20)   3638.48
[50,20]   [60,50,15] (25)   3294.22
[50,20]   [60,50,15] (30)   413.568
[50,20]   [60,50,20] (0)   3635.63
[50,20]   [60,50,20] (5)   3710.8
[50,20]   [60,50,20] (10)   3677.45
[50,20]   [60,50,20] (15)   3657.95
[50,20]   [60,50,20] (20)   3633.47
[50,20]   [60,50,20] (25)   3360
[50,20]   [60,50,20] (30)   413.324
[50,20]   [60,60,5] (0)   225.928
[50,20]   [60,60,5] (5)   241.031
[50,20]   [60,60,5] (10)   259.674
[50,20]   [60,60,5] (15)   222.561
[50,20]   [60,60,5] (20)   246.452
[50,20]   [60,60,5] (25)   241.399
[50,20]   [60,60,5] (30)   220.059
[50,20]   [60,60,10] (0)   263.302
[50,20]   [60,60,10] (5)   282.941
[50,20]   [60,60,10] (10)   225.044
[50,20]   [60,60,10] (15)   236.335
[50,20]   [60,60,10] (20)   254.006
[50,20]   [60,60,10] (25)   262.51
[50,20]   [60,60,10] (30)   228.877
[50,20]   [60,60,15] (0)   225.868
[50,20]   [60,60,15] (5)   244.99
[50,20]   [60,60,15] (10)   225.72
[50,20]   [60,60,15] (15)   263.485
[50,20]   [60,60,15] (20)   258.466
[50,20]   [60,60,15] (25)   227.484
[50,20]   [60,60,15] (30)   218.974
[50,20]   [60,60,20] (0)   240.035
[50,20]   [60,60,20] (5)   248.324
[50,20]   [60,60,20] (10)   242.607
[50,20]   [60,60,20] (15)   239.53
[50,20]   [60,60,20] (20)   222.508
[50,20]   [60,60,20] (25)   249.866
[50,20]   [60,60,20] (30)   237.097
