[80,10]   [10,10,5] (0)   61.3727
[80,10]   [10,10,5] (5)   44.0055
[80,10]   [10,10,5] (10)   47.3361
[80,10]   [10,10,5] (15)   57.2511
[80,10]   [10,10,5] (20)   67.136
[80,10]   [10,10,5] (25)   77.1759
[80,10]   [10,10,5] (30)   87.2514
[80,10]   [10,10,10] (0)   66.9677
[80,10]   [10,10,10] (5)   51.9221
[80,10]   [10,10,10] (10)   58.7507
[80,10]   [10,10,10] (15)   67.572
[80,10]   [10,10,10] (20)   76.4004
[80,10]   [10,10,10] (25)   85.12
[80,10]   [10,10,10] (30)   93.8413
[80,10]   [10,10,15] (0)   62.1914
[80,10]   [10,10,15] (5)   54.7004
[80,10]   [10,10,15] (10)   62.8857
[80,10]   [10,10,15] (15)   71.9988
[80,10]   [10,10,15] (20)   80.704
[80,10]   [10,10,15] (25)   89.6535
[80,10]   [10,10,15] (30)   98.8423
[80,10]   [10,10,20] (0)   64.2914
[80,10]   [10,10,20] (5)   63.9843
[80,10]   [10,10,20] (10)   71.8206
[80,10]   [10,10,20] (15)   80.6153
[80,10]   [10,10,20] (20)   88.8782
[80,10]   [10,10,20] (25)   97.644
[80,10]   [10,10,20] (30)   105.96
[80,10]   [10,20,5] (0)   7389.49
[80,10]   [10,20,5] (5)   7399.31
[80,10]   [10,20,5] (10)   7453.68
[80,10]   [10,20,5] (15)   7441.21
[80,10]   [10,20,5] (20)   7527.37
[80,10]   [10,20,5] (25)   6990.97
[80,10]   [10,20,5] (30)   7224.62
[80,10]   [10,20,10] (0)   7404.51
[80,10]   [10,20,10] (5)   7453.88
[80,10]   [10,20,10] (10)   7422.69
[80,10]   [10,20,10] (15)   7355.72
[80,10]   [10,20,10] (20)   7578.09
[80,10]   [10,20,10] (25)   8596.89
[80,10]   [10,20,10] (30)   7820.65
[80,10]   [10,20,15] (0)   7428.72
[80,10]   [10,20,15] (5)   7406.57
[80,10]   [10,20,15] (10)   7520.29
[80,10]   [10,20,15] (15)   7422.19
[80,10]   [10,20,15] (20)   6990.12
[80,10]   [10,20,15] (25)   5870.15
[80,10]   [10,20,15] (30)   5849.91
[80,10]   [10,20,20] (0)   7561.82
[80,10]   [10,20,20] (5)   7257.64
[80,10]   [10,20,20] (10)   7352.06
[80,10]   [10,20,20] (15)   7567.48
[80,10]   [10,20,20] (20)   7411.1
[80,10]   [10,20,20] (25)   7537.3
[80,10]   [10,20,20] (30)   7482.58
[80,10]   [10,30,5] (0)   17149.6
[80,10]   [10,30,5] (5)   16826.9
[80,10]   [10,30,5] (10)   17036.4
[80,10]   [10,30,5] (15)   16826.1
[80,10]   [10,30,5] (20)   16886.3
[80,10]   [10,30,5] (25)   16675.8
[80,10]   [10,30,5] (30)   15841.9
[80,10]   [10,30,10] (0)   16902.1
[80,10]   [10,30,10] (5)   17049.6
[80,10]   [10,30,10] (10)   16936.7
[80,10]   [10,30,10] (15)   17121.3
[80,10]   [10,30,10] (20)   16997
[80,10]   [10,30,10] (25)   16852.7
[80,10]   [10,30,10] (30)   17075.7
[80,10]   [10,30,15] (0)   17008.4
[80,10]   [10,30,15] (5)   17214.1
[80,10]   [10,30,15] (10)   16737.6
[80,10]   [10,30,15] (15)   16834.7
[80,10]   [10,30,15] (20)   16933.2
[80,10]   [10,30,15] (25)   16906.6
[80,10]   [10,30,15] (30)   15422.3
[80,10]   [10,30,20] (0)   17211.4
[80,10]   [10,30,20] (5)   17039.6
[80,10]   [10,30,20] (10)   17006.2
[80,10]   [10,30,20] (15)   17149.3
[80,10]   [10,30,20] (20)   16810.7
[80,10]   [10,30,20] (25)   17135.7
[80,10]   [10,30,20] (30)   17005.2
[80,10]   [10,40,5] (0)   25096.7
[80,10]   [10,40,5] (5)   25322.4
[80,10]   [10,40,5] (10)   25070.1
[80,10]   [10,40,5] (15)   25086.3
[80,10]   [10,40,5] (20)   25073.2
[80,10]   [10,40,5] (25)   25096.6
[80,10]   [10,40,5] (30)   25039.7
[80,10]   [10,40,10] (0)   25232.7
[80,10]   [10,40,10] (5)   25338.3
[80,10]   [10,40,10] (10)   25236.6
[80,10]   [10,40,10] (15)   25286.9
[80,10]   [10,40,10] (20)   25121.9
[80,10]   [10,40,10] (25)   25086.4
[80,10]   [10,40,10] (30)   25243.7
[80,10]   [10,40,15] (0)   25050.8
[80,10]   [10,40,15] (5)   25012.2
[80,10]   [10,40,15] (10)   24810.4
[80,10]   [10,40,15] (15)   25361
[80,10]   [10,40,15] (20)   25117.1
[80,10]   [10,40,15] (25)   25085.1
[80,10]   [10,40,15] (30)   25151.1
[80,10]   [10,40,20] (0)   25072.9
[80,10]   [10,40,20] (5)   25004.2
[80,10]   [10,40,20] (10)   25602.7
[80,10]   [10,40,20] (15)   24935.7
[80,10]   [10,40,20] (20)   25106.2
[80,10]   [10,40,20] (25)   25326.5
[80,10]   [10,40,20] (30)   25100.5
[80,10]   [10,50,5] (0)   30145
[80,10]   [10,50,5] (5)   30103.1
[80,10]   [10,50,5] (10)   30382.8
[80,10]   [10,50,5] (15)   30390.1
[80,10]   [10,50,5] (20)   30155.8
[80,10]   [10,50,5] (25)   30118.6
[80,10]   [10,50,5] (30)   30249.2
[80,10]   [10,50,10] (0)   30021
[80,10]   [10,50,10] (5)   30091.6
[80,10]   [10,50,10] (10)   30133.6
[80,10]   [10,50,10] (15)   30508.1
[80,10]   [10,50,10] (20)   30302.1
[80,10]   [10,50,10] (25)   30245.7
[80,10]   [10,50,10] (30)   30226.8
[80,10]   [10,50,15] (0)   30139.5
[80,10]   [10,50,15] (5)   30009.6
[80,10]   [10,50,15] (10)   30389.5
[80,10]   [10,50,15] (15)   30497.3
[80,10]   [10,50,15] (20)   30168.6
[80,10]   [10,50,15] (25)   30172.2
[80,10]   [10,50,15] (30)   30202.6
[80,10]   [10,50,20] (0)   30411
[80,10]   [10,50,20] (5)   30215.5
[80,10]   [10,50,20] (10)   30248.7
[80,10]   [10,50,20] (15)   30166
[80,10]   [10,50,20] (20)   30295.5
[80,10]   [10,50,20] (25)   30243.9
[80,10]   [10,50,20] (30)   30190.5
[80,10]   [10,60,5] (0)   37220.4
[80,10]   [10,60,5] (5)   37204.8
[80,10]   [10,60,5] (10)   37212.1
[80,10]   [10,60,5] (15)   37023.3
[80,10]   [10,60,5] (20)   37043.2
[80,10]   [10,60,5] (25)   37038.3
[80,10]   [10,60,5] (30)   37071.7
[80,10]   [10,60,10] (0)   37371.8
[80,10]   [10,60,10] (5)   37220.2
[80,10]   [10,60,10] (10)   37040.4
[80,10]   [10,60,10] (15)   37031.6
[80,10]   [10,60,10] (20)   37890.7
[80,10]   [10,60,10] (25)   37034.6
[80,10]   [10,60,10] (30)   37489
[80,10]   [10,60,15] (0)   37032.3
[80,10]   [10,60,15] (5)   37112.3
[80,10]   [10,60,15] (10)   37123.2
[80,10]   [10,60,15] (15)   37075.6
[80,10]   [10,60,15] (20)   37249.7
[80,10]   [10,60,15] (25)   37527.6
[80,10]   [10,60,15] (30)   37084.5
[80,10]   [10,60,20] (0)   37247
[80,10]   [10,60,20] (5)   37084
[80,10]   [10,60,20] (10)   37077.4
[80,10]   [10,60,20] (15)   37221.9
[80,10]   [10,60,20] (20)   37204.9
[80,10]   [10,60,20] (25)   37078.5
[80,10]   [10,60,20] (30)   37065.6
[80,10]   [20,10,5] (0)   8576.07
[80,10]   [20,10,5] (5)   1615.65
[80,10]   [20,10,5] (10)   48.8796
[80,10]   [20,10,5] (15)   54.0982
[80,10]   [20,10,5] (20)   63.3783
[80,10]   [20,10,5] (25)   73.4122
[80,10]   [20,10,5] (30)   83.3301
[80,10]   [20,10,10] (0)   8575.6
[80,10]   [20,10,10] (5)   1629.24
[80,10]   [20,10,10] (10)   64.1072
[80,10]   [20,10,10] (15)   69.6118
[80,10]   [20,10,10] (20)   77.7344
[80,10]   [20,10,10] (25)   85.7853
[80,10]   [20,10,10] (30)   94.2149
[80,10]   [20,10,15] (0)   8642.74
[80,10]   [20,10,15] (5)   102.99
[80,10]   [20,10,15] (10)   71.5287
[80,10]   [20,10,15] (15)   78.0559
[80,10]   [20,10,15] (20)   86.1843
[80,10]   [20,10,15] (25)   94.3078
[80,10]   [20,10,15] (30)   102.441
[80,10]   [20,10,20] (0)   8439.73
[80,10]   [20,10,20] (5)   110.518
[80,10]   [20,10,20] (10)   82.5992
[80,10]   [20,10,20] (15)   87.6681
[80,10]   [20,10,20] (20)   96.1173
[80,10]   [20,10,20] (25)   103.939
[80,10]   [20,10,20] (30)   111.701
[80,10]   [20,20,5] (0)   102.918
[80,10]   [20,20,5] (5)   102.371
[80,10]   [20,20,5] (10)   88.3227
[80,10]   [20,20,5] (15)   78.2613
[80,10]   [20,20,5] (20)   84.5361
[80,10]   [20,20,5] (25)   93.029
[80,10]   [20,20,5] (30)   101.391
[80,10]   [20,20,10] (0)   105.262
[80,10]   [20,20,10] (5)   101.701
[80,10]   [20,20,10] (10)   91.7924
[80,10]   [20,20,10] (15)   90.5734
[80,10]   [20,20,10] (20)   97.979
[80,10]   [20,20,10] (25)   105.887
[80,10]   [20,20,10] (30)   113.715
[80,10]   [20,20,15] (0)   103.679
[80,10]   [20,20,15] (5)   100.945
[80,10]   [20,20,15] (10)   90.6285
[80,10]   [20,20,15] (15)   94.0939
[80,10]   [20,20,15] (20)   101.466
[80,10]   [20,20,15] (25)   109.33
[80,10]   [20,20,15] (30)   117.418
[80,10]   [20,20,20] (0)   102.712
[80,10]   [20,20,20] (5)   102.05
[80,10]   [20,20,20] (10)   95.9461
[80,10]   [20,20,20] (15)   102.243
[80,10]   [20,20,20] (20)   109.875
[80,10]   [20,20,20] (25)   117.441
[80,10]   [20,20,20] (30)   125.188
[80,10]   [20,30,5] (0)   5293.7
[80,10]   [20,30,5] (5)   5185.95
[80,10]   [20,30,5] (10)   5182.32
[80,10]   [20,30,5] (15)   5162.16
[80,10]   [20,30,5] (20)   5282.17
[80,10]   [20,30,5] (25)   5348.61
[80,10]   [20,30,5] (30)   5050.05
[80,10]   [20,30,10] (0)   5270.75
[80,10]   [20,30,10] (5)   5138.03
[80,10]   [20,30,10] (10)   5198.98
[80,10]   [20,30,10] (15)   5233.12
[80,10]   [20,30,10] (20)   5191.5
[80,10]   [20,30,10] (25)   5379.32
[80,10]   [20,30,10] (30)   5182.97
[80,10]   [20,30,15] (0)   5313.41
[80,10]   [20,30,15] (5)   5229.83
[80,10]   [20,30,15] (10)   5174.15
[80,10]   [20,30,15] (15)   5261.69
[80,10]   [20,30,15] (20)   5349.81
[80,10]   [20,30,15] (25)   5167.2
[80,10]   [20,30,15] (30)   4093.1
[80,10]   [20,30,20] (0)   5355.64
[80,10]   [20,30,20] (5)   5206.39
[80,10]   [20,30,20] (10)   5200.55
[80,10]   [20,30,20] (15)   5194.1
[80,10]   [20,30,20] (20)   5295.62
[80,10]   [20,30,20] (25)   5248.9
[80,10]   [20,30,20] (30)   5077.5
[80,10]   [20,40,5] (0)   15038.8
[80,10]   [20,40,5] (5)   14956.4
[80,10]   [20,40,5] (10)   15010.7
[80,10]   [20,40,5] (15)   14947.1
[80,10]   [20,40,5] (20)   14800
[80,10]   [20,40,5] (25)   15108.5
[80,10]   [20,40,5] (30)   14403.9
[80,10]   [20,40,10] (0)   14926.6
[80,10]   [20,40,10] (5)   15025.7
[80,10]   [20,40,10] (10)   15020.1
[80,10]   [20,40,10] (15)   14735.3
[80,10]   [20,40,10] (20)   14989.2
[80,10]   [20,40,10] (25)   15086.7
[80,10]   [20,40,10] (30)   14779.3
[80,10]   [20,40,15] (0)   14942
[80,10]   [20,40,15] (5)   14903.2
[80,10]   [20,40,15] (10)   14780.5
[80,10]   [20,40,15] (15)   14926.8
[80,10]   [20,40,15] (20)   14767.7
[80,10]   [20,40,15] (25)   15009.9
[80,10]   [20,40,15] (30)   14806.3
[80,10]   [20,40,20] (0)   14871.7
[80,10]   [20,40,20] (5)   14964.1
[80,10]   [20,40,20] (10)   14775.3
[80,10]   [20,40,20] (15)   15055
[80,10]   [20,40,20] (20)   14675.2
[80,10]   [20,40,20] (25)   14824
[80,10]   [20,40,20] (30)   14710.1
[80,10]   [20,50,5] (0)   20367.4
[80,10]   [20,50,5] (5)   20273.5
[80,10]   [20,50,5] (10)   20195.3
[80,10]   [20,50,5] (15)   20383.6
[80,10]   [20,50,5] (20)   20357.3
[80,10]   [20,50,5] (25)   20345.9
[80,10]   [20,50,5] (30)   20285.8
[80,10]   [20,50,10] (0)   20486
[80,10]   [20,50,10] (5)   20431.4
[80,10]   [20,50,10] (10)   20205.3
[80,10]   [20,50,10] (15)   20129.9
[80,10]   [20,50,10] (20)   20333.8
[80,10]   [20,50,10] (25)   20309.9
[80,10]   [20,50,10] (30)   20236.7
[80,10]   [20,50,15] (0)   20299.4
[80,10]   [20,50,15] (5)   20099.1
[80,10]   [20,50,15] (10)   20299.4
[80,10]   [20,50,15] (15)   20391.1
[80,10]   [20,50,15] (20)   20595.5
[80,10]   [20,50,15] (25)   20283.7
[80,10]   [20,50,15] (30)   20330.2
[80,10]   [20,50,20] (0)   20239.7
[80,10]   [20,50,20] (5)   20381.7
[80,10]   [20,50,20] (10)   20060.7
[80,10]   [20,50,20] (15)   20188.9
[80,10]   [20,50,20] (20)   20488.3
[80,10]   [20,50,20] (25)   20297.6
[80,10]   [20,50,20] (30)   20186.8
[80,10]   [20,60,5] (0)   26323.7
[80,10]   [20,60,5] (5)   26387.1
[80,10]   [20,60,5] (10)   26162
[80,10]   [20,60,5] (15)   26807.2
[80,10]   [20,60,5] (20)   26368.9
[80,10]   [20,60,5] (25)   26462.6
[80,10]   [20,60,5] (30)   26277.3
[80,10]   [20,60,10] (0)   26621.4
[80,10]   [20,60,10] (5)   26093.2
[80,10]   [20,60,10] (10)   26454.7
[80,10]   [20,60,10] (15)   26065.4
[80,10]   [20,60,10] (20)   26116.3
[80,10]   [20,60,10] (25)   26533.6
[80,10]   [20,60,10] (30)   26321.1
[80,10]   [20,60,15] (0)   26336.3
[80,10]   [20,60,15] (5)   26395.6
[80,10]   [20,60,15] (10)   26255.7
[80,10]   [20,60,15] (15)   26797.8
[80,10]   [20,60,15] (20)   26380.7
[80,10]   [20,60,15] (25)   26494.2
[80,10]   [20,60,15] (30)   26487.8
[80,10]   [20,60,20] (0)   26182.2
[80,10]   [20,60,20] (5)   26767.9
[80,10]   [20,60,20] (10)   26339
[80,10]   [20,60,20] (15)   26328
[80,10]   [20,60,20] (20)   26146.7
[80,10]   [20,60,20] (25)   26320.9
[80,10]   [20,60,20] (30)   26358.3
[80,10]   [30,10,5] (0)   14301.7
[80,10]   [30,10,5] (5)   7080.31
[80,10]   [30,10,5] (10)   61.3139
[80,10]   [30,10,5] (15)   59.9517
[80,10]   [30,10,5] (20)   64.4133
[80,10]   [30,10,5] (25)   70.903
[80,10]   [30,10,5] (30)   81.0301
[80,10]   [30,10,10] (0)   14717.5
[80,10]   [30,10,10] (5)   7282.77
[80,10]   [30,10,10] (10)   93.6993
[80,10]   [30,10,10] (15)   74.8328
[80,10]   [30,10,10] (20)   78.2129
[80,10]   [30,10,10] (25)   85.3066
[80,10]   [30,10,10] (30)   93.5584
[80,10]   [30,10,15] (0)   13993
[80,10]   [30,10,15] (5)   3476.56
[80,10]   [30,10,15] (10)   80.3602
[80,10]   [30,10,15] (15)   82.6597
[80,10]   [30,10,15] (20)   87.0459
[80,10]   [30,10,15] (25)   94.6678
[80,10]   [30,10,15] (30)   102.852
[80,10]   [30,10,20] (0)   14366.2
[80,10]   [30,10,20] (5)   2889.3
[80,10]   [30,10,20] (10)   88.1615
[80,10]   [30,10,20] (15)   91.8673
[80,10]   [30,10,20] (20)   99.8314
[80,10]   [30,10,20] (25)   107.229
[80,10]   [30,10,20] (30)   115.106
[80,10]   [30,20,5] (0)   6153.94
[80,10]   [30,20,5] (5)   6111.22
[80,10]   [30,20,5] (10)   3736.56
[80,10]   [30,20,5] (15)   85.5362
[80,10]   [30,20,5] (20)   74.163
[80,10]   [30,20,5] (25)   79.0953
[80,10]   [30,20,5] (30)   87.7295
[80,10]   [30,20,10] (0)   6276.23
[80,10]   [30,20,10] (5)   6193.3
[80,10]   [30,20,10] (10)   4412.91
[80,10]   [30,20,10] (15)   96.1267
[80,10]   [30,20,10] (20)   91.1184
[80,10]   [30,20,10] (25)   96.6823
[80,10]   [30,20,10] (30)   104.52
[80,10]   [30,20,15] (0)   6168.34
[80,10]   [30,20,15] (5)   6069.17
[80,10]   [30,20,15] (10)   2428.34
[80,10]   [30,20,15] (15)   97.5615
[80,10]   [30,20,15] (20)   98.8169
[80,10]   [30,20,15] (25)   105.086
[80,10]   [30,20,15] (30)   113.343
[80,10]   [30,20,20] (0)   6261.55
[80,10]   [30,20,20] (5)   6186.83
[80,10]   [30,20,20] (10)   3012.81
[80,10]   [30,20,20] (15)   108.037
[80,10]   [30,20,20] (20)   110.138
[80,10]   [30,20,20] (25)   117.073
[80,10]   [30,20,20] (30)   124.816
[80,10]   [30,30,5] (0)   137.61
[80,10]   [30,30,5] (5)   137.473
[80,10]   [30,30,5] (10)   136.605
[80,10]   [30,30,5] (15)   125.202
[80,10]   [30,30,5] (20)   102.995
[80,10]   [30,30,5] (25)   100.574
[80,10]   [30,30,5] (30)   108.968
[80,10]   [30,30,10] (0)   137.216
[80,10]   [30,30,10] (5)   137.745
[80,10]   [30,30,10] (10)   136.775
[80,10]   [30,30,10] (15)   127.79
[80,10]   [30,30,10] (20)   115.275
[80,10]   [30,30,10] (25)   118.71
[80,10]   [30,30,10] (30)   126.884
[80,10]   [30,30,15] (0)   135.844
[80,10]   [30,30,15] (5)   136.152
[80,10]   [30,30,15] (10)   135.48
[80,10]   [30,30,15] (15)   124.871
[80,10]   [30,30,15] (20)   119.457
[80,10]   [30,30,15] (25)   125.569
[80,10]   [30,30,15] (30)   132.591
[80,10]   [30,30,20] (0)   134.942
[80,10]   [30,30,20] (5)   137.784
[80,10]   [30,30,20] (10)   138.391
[80,10]   [30,30,20] (15)   128.755
[80,10]   [30,30,20] (20)   126.969
[80,10]   [30,30,20] (25)   133.467
[80,10]   [30,30,20] (30)   141.102
[80,10]   [30,40,5] (0)   3190.26
[80,10]   [30,40,5] (5)   3189.92
[80,10]   [30,40,5] (10)   3323.3
[80,10]   [30,40,5] (15)   3172.23
[80,10]   [30,40,5] (20)   3127.1
[80,10]   [30,40,5] (25)   3084.62
[80,10]   [30,40,5] (30)   3103.4
[80,10]   [30,40,10] (0)   3174.29
[80,10]   [30,40,10] (5)   3148.59
[80,10]   [30,40,10] (10)   3042.42
[80,10]   [30,40,10] (15)   3102.08
[80,10]   [30,40,10] (20)   3237.62
[80,10]   [30,40,10] (25)   3241.93
[80,10]   [30,40,10] (30)   3095.39
[80,10]   [30,40,15] (0)   3266.6
[80,10]   [30,40,15] (5)   3189.7
[80,10]   [30,40,15] (10)   3106.41
[80,10]   [30,40,15] (15)   3112.71
[80,10]   [30,40,15] (20)   3071.8
[80,10]   [30,40,15] (25)   3081.78
[80,10]   [30,40,15] (30)   2946.55
[80,10]   [30,40,20] (0)   2982.57
[80,10]   [30,40,20] (5)   3217.2
[80,10]   [30,40,20] (10)   3095.94
[80,10]   [30,40,20] (15)   3173.28
[80,10]   [30,40,20] (20)   3098.1
[80,10]   [30,40,20] (25)   3185.62
[80,10]   [30,40,20] (30)   3159.42
[80,10]   [30,50,5] (0)   10146.5
[80,10]   [30,50,5] (5)   9907.43
[80,10]   [30,50,5] (10)   9885.07
[80,10]   [30,50,5] (15)   9813.3
[80,10]   [30,50,5] (20)   9711.89
[80,10]   [30,50,5] (25)   9782.73
[80,10]   [30,50,5] (30)   9966.49
[80,10]   [30,50,10] (0)   9967.5
[80,10]   [30,50,10] (5)   9921.23
[80,10]   [30,50,10] (10)   9823.46
[80,10]   [30,50,10] (15)   9842.81
[80,10]   [30,50,10] (20)   9813.94
[80,10]   [30,50,10] (25)   9962.81
[80,10]   [30,50,10] (30)   9848.13
[80,10]   [30,50,15] (0)   9889.37
[80,10]   [30,50,15] (5)   9805.13
[80,10]   [30,50,15] (10)   9846.68
[80,10]   [30,50,15] (15)   9862.99
[80,10]   [30,50,15] (20)   9977.91
[80,10]   [30,50,15] (25)   9869.63
[80,10]   [30,50,15] (30)   9891.14
[80,10]   [30,50,20] (0)   9992.72
[80,10]   [30,50,20] (5)   9933.51
[80,10]   [30,50,20] (10)   10143.4
[80,10]   [30,50,20] (15)   9740.52
[80,10]   [30,50,20] (20)   9898.57
[80,10]   [30,50,20] (25)   9912.87
[80,10]   [30,50,20] (30)   9979.44
[80,10]   [30,60,5] (0)   18992.9
[80,10]   [30,60,5] (5)   18800.8
[80,10]   [30,60,5] (10)   18812
[80,10]   [30,60,5] (15)   18975.2
[80,10]   [30,60,5] (20)   18893.1
[80,10]   [30,60,5] (25)   18886.1
[80,10]   [30,60,5] (30)   19401.4
[80,10]   [30,60,10] (0)   18815
[80,10]   [30,60,10] (5)   18865.5
[80,10]   [30,60,10] (10)   18726.5
[80,10]   [30,60,10] (15)   19134.3
[80,10]   [30,60,10] (20)   19176
[80,10]   [30,60,10] (25)   18864.9
[80,10]   [30,60,10] (30)   18937.6
[80,10]   [30,60,15] (0)   18776.8
[80,10]   [30,60,15] (5)   18766.8
[80,10]   [30,60,15] (10)   18964.9
[80,10]   [30,60,15] (15)   19008.5
[80,10]   [30,60,15] (20)   18786.3
[80,10]   [30,60,15] (25)   19020
[80,10]   [30,60,15] (30)   18864.7
[80,10]   [30,60,20] (0)   18814.3
[80,10]   [30,60,20] (5)   18927.8
[80,10]   [30,60,20] (10)   19017.1
[80,10]   [30,60,20] (15)   18825.2
[80,10]   [30,60,20] (20)   19086.6
[80,10]   [30,60,20] (25)   18972.3
[80,10]   [30,60,20] (30)   18762.9
[80,10]   [40,10,5] (0)   19839.6
[80,10]   [40,10,5] (5)   12200
[80,10]   [40,10,5] (10)   105.733
[80,10]   [40,10,5] (15)   68.2217
[80,10]   [40,10,5] (20)   69.6635
[80,10]   [40,10,5] (25)   75.8545
[80,10]   [40,10,5] (30)   82.6903
[80,10]   [40,10,10] (0)   19270.5
[80,10]   [40,10,10] (5)   12582.2
[80,10]   [40,10,10] (10)   3849.69
[80,10]   [40,10,10] (15)   87.248
[80,10]   [40,10,10] (20)   84.9485
[80,10]   [40,10,10] (25)   86.5907
[80,10]   [40,10,10] (30)   95.5857
[80,10]   [40,10,15] (0)   20084
[80,10]   [40,10,15] (5)   8269.36
[80,10]   [40,10,15] (10)   1095.54
[80,10]   [40,10,15] (15)   93.2867
[80,10]   [40,10,15] (20)   93.9054
[80,10]   [40,10,15] (25)   99.5031
[80,10]   [40,10,15] (30)   104.192
[80,10]   [40,10,20] (0)   20049.3
[80,10]   [40,10,20] (5)   8225.07
[80,10]   [40,10,20] (10)   107.538
[80,10]   [40,10,20] (15)   105.407
[80,10]   [40,10,20] (20)   107.015
[80,10]   [40,10,20] (25)   110.592
[80,10]   [40,10,20] (30)   117.078
[80,10]   [40,20,5] (0)   11494.6
[80,10]   [40,20,5] (5)   11300.6
[80,10]   [40,20,5] (10)   9199.29
[80,10]   [40,20,5] (15)   153.887
[80,10]   [40,20,5] (20)   81.1231
[80,10]   [40,20,5] (25)   82.5498
[80,10]   [40,20,5] (30)   89.0007
[80,10]   [40,20,10] (0)   11484.4
[80,10]   [40,20,10] (5)   11271.7
[80,10]   [40,20,10] (10)   10072.7
[80,10]   [40,20,10] (15)   1606.73
[80,10]   [40,20,10] (20)   99.938
[80,10]   [40,20,10] (25)   95.5703
[80,10]   [40,20,10] (30)   100.236
[80,10]   [40,20,15] (0)   11179.8
[80,10]   [40,20,15] (5)   11393.9
[80,10]   [40,20,15] (10)   7927.11
[80,10]   [40,20,15] (15)   114.783
[80,10]   [40,20,15] (20)   103.005
[80,10]   [40,20,15] (25)   104.33
[80,10]   [40,20,15] (30)   109.708
[80,10]   [40,20,20] (0)   11360.4
[80,10]   [40,20,20] (5)   11527.1
[80,10]   [40,20,20] (10)   8518.33
[80,10]   [40,20,20] (15)   119.558
[80,10]   [40,20,20] (20)   113.962
[80,10]   [40,20,20] (25)   118.441
[80,10]   [40,20,20] (30)   124.751
[80,10]   [40,30,5] (0)   5075.19
[80,10]   [40,30,5] (5)   5040.06
[80,10]   [40,30,5] (10)   5019.05
[80,10]   [40,30,5] (15)   3655.73
[80,10]   [40,30,5] (20)   120.276
[80,10]   [40,30,5] (25)   96.2332
[80,10]   [40,30,5] (30)   99.4294
[80,10]   [40,30,10] (0)   5200.1
[80,10]   [40,30,10] (5)   5093.87
[80,10]   [40,30,10] (10)   5154.87
[80,10]   [40,30,10] (15)   3910.86
[80,10]   [40,30,10] (20)   132.935
[80,10]   [40,30,10] (25)   113.347
[80,10]   [40,30,10] (30)   117.758
[80,10]   [40,30,15] (0)   5060.29
[80,10]   [40,30,15] (5)   5078.06
[80,10]   [40,30,15] (10)   5003.25
[80,10]   [40,30,15] (15)   2776.01
[80,10]   [40,30,15] (20)   124.637
[80,10]   [40,30,15] (25)   120.162
[80,10]   [40,30,15] (30)   124.537
[80,10]   [40,30,20] (0)   4979.07
[80,10]   [40,30,20] (5)   5170.78
[80,10]   [40,30,20] (10)   5083.02
[80,10]   [40,30,20] (15)   2970.61
[80,10]   [40,30,20] (20)   132.708
[80,10]   [40,30,20] (25)   131.672
[80,10]   [40,30,20] (30)   137.047
[80,10]   [40,40,5] (0)   169.064
[80,10]   [40,40,5] (5)   167.654
[80,10]   [40,40,5] (10)   166.68
[80,10]   [40,40,5] (15)   171.519
[80,10]   [40,40,5] (20)   159.207
[80,10]   [40,40,5] (25)   132.108
[80,10]   [40,40,5] (30)   126.217
[80,10]   [40,40,10] (0)   166.981
[80,10]   [40,40,10] (5)   168.886
[80,10]   [40,40,10] (10)   166.566
[80,10]   [40,40,10] (15)   167.911
[80,10]   [40,40,10] (20)   162.708
[80,10]   [40,40,10] (25)   141.738
[80,10]   [40,40,10] (30)   139.284
[80,10]   [40,40,15] (0)   169.189
[80,10]   [40,40,15] (5)   168.728
[80,10]   [40,40,15] (10)   168.156
[80,10]   [40,40,15] (15)   167.899
[80,10]   [40,40,15] (20)   158.075
[80,10]   [40,40,15] (25)   140.169
[80,10]   [40,40,15] (30)   143.162
[80,10]   [40,40,20] (0)   167.596
[80,10]   [40,40,20] (5)   168.138
[80,10]   [40,40,20] (10)   168.624
[80,10]   [40,40,20] (15)   167.36
[80,10]   [40,40,20] (20)   162.321
[80,10]   [40,40,20] (25)   148.752
[80,10]   [40,40,20] (30)   153.273
[80,10]   [40,50,5] (0)   3655.12
[80,10]   [40,50,5] (5)   3705.36
[80,10]   [40,50,5] (10)   3723.67
[80,10]   [40,50,5] (15)   3663.47
[80,10]   [40,50,5] (20)   3657.46
[80,10]   [40,50,5] (25)   3368.68
[80,10]   [40,50,5] (30)   3036.31
[80,10]   [40,50,10] (0)   3611.12
[80,10]   [40,50,10] (5)   3650.38
[80,10]   [40,50,10] (10)   3503.11
[80,10]   [40,50,10] (15)   3511
[80,10]   [40,50,10] (20)   3711.29
[80,10]   [40,50,10] (25)   3648.11
[80,10]   [40,50,10] (30)   3669.78
[80,10]   [40,50,15] (0)   3699.74
[80,10]   [40,50,15] (5)   3583.86
[80,10]   [40,50,15] (10)   3597.67
[80,10]   [40,50,15] (15)   3677.78
[80,10]   [40,50,15] (20)   3499.07
[80,10]   [40,50,15] (25)   3560.06
[80,10]   [40,50,15] (30)   3660.22
[80,10]   [40,50,20] (0)   3503.62
[80,10]   [40,50,20] (5)   3673.76
[80,10]   [40,50,20] (10)   3704.11
[80,10]   [40,50,20] (15)   3575.79
[80,10]   [40,50,20] (20)   3686.47
[80,10]   [40,50,20] (25)   3487.47
[80,10]   [40,50,20] (30)   3742.93
[80,10]   [40,60,5] (0)   8306.99
[80,10]   [40,60,5] (5)   8368.41
[80,10]   [40,60,5] (10)   8286.85
[80,10]   [40,60,5] (15)   8362.09
[80,10]   [40,60,5] (20)   8224.96
[80,10]   [40,60,5] (25)   8298.15
[80,10]   [40,60,5] (30)   8373.25
[80,10]   [40,60,10] (0)   8276.26
[80,10]   [40,60,10] (5)   8359.46
[80,10]   [40,60,10] (10)   8501.79
[80,10]   [40,60,10] (15)   8325.83
[80,10]   [40,60,10] (20)   8236.18
[80,10]   [40,60,10] (25)   8450.25
[80,10]   [40,60,10] (30)   8212.91
[80,10]   [40,60,15] (0)   8382.6
[80,10]   [40,60,15] (5)   8302.57
[80,10]   [40,60,15] (10)   8307.75
[80,10]   [40,60,15] (15)   8343.31
[80,10]   [40,60,15] (20)   8462.44
[80,10]   [40,60,15] (25)   8399.58
[80,10]   [40,60,15] (30)   8301.28
[80,10]   [40,60,20] (0)   8425.14
[80,10]   [40,60,20] (5)   8396.79
[80,10]   [40,60,20] (10)   8362.73
[80,10]   [40,60,20] (15)   8212.65
[80,10]   [40,60,20] (20)   8210.43
[80,10]   [40,60,20] (25)   8442.99
[80,10]   [40,60,20] (30)   8355.63
[80,10]   [50,10,5] (0)   27014
[80,10]   [50,10,5] (5)   16456.7
[80,10]   [50,10,5] (10)   2945.32
[80,10]   [50,10,5] (15)   75.7528
[80,10]   [50,10,5] (20)   78.3646
[80,10]   [50,10,5] (25)   82.5144
[80,10]   [50,10,5] (30)   87.5013
[80,10]   [50,10,10] (0)   28355.5
[80,10]   [50,10,10] (5)   17462.7
[80,10]   [50,10,10] (10)   8143.73
[80,10]   [50,10,10] (15)   1900.59
[80,10]   [50,10,10] (20)   96.0196
[80,10]   [50,10,10] (25)   95.7811
[80,10]   [50,10,10] (30)   98.6631
[80,10]   [50,10,15] (0)   27318.1
[80,10]   [50,10,15] (5)   14633.1
[80,10]   [50,10,15] (10)   6309.85
[80,10]   [50,10,15] (15)   272.748
[80,10]   [50,10,15] (20)   103.643
[80,10]   [50,10,15] (25)   106.047
[80,10]   [50,10,15] (30)   108.718
[80,10]   [50,10,20] (0)   26995.2
[80,10]   [50,10,20] (5)   12949.6
[80,10]   [50,10,20] (10)   3946.3
[80,10]   [50,10,20] (15)   2110.72
[80,10]   [50,10,20] (20)   118.536
[80,10]   [50,10,20] (25)   116.933
[80,10]   [50,10,20] (30)   120.887
[80,10]   [50,20,5] (0)   17071.3
[80,10]   [50,20,5] (5)   16945.4
[80,10]   [50,20,5] (10)   13711.7
[80,10]   [50,20,5] (15)   3108.92
[80,10]   [50,20,5] (20)   94.9766
[80,10]   [50,20,5] (25)   90.2574
[80,10]   [50,20,5] (30)   92.9093
[80,10]   [50,20,10] (0)   17043.9
[80,10]   [50,20,10] (5)   17114.6
[80,10]   [50,20,10] (10)   15127.2
[80,10]   [50,20,10] (15)   6304.45
[80,10]   [50,20,10] (20)   300.107
[80,10]   [50,20,10] (25)   105.852
[80,10]   [50,20,10] (30)   105.227
[80,10]   [50,20,15] (0)   17133.4
[80,10]   [50,20,15] (5)   17383.3
[80,10]   [50,20,15] (10)   12675.1
[80,10]   [50,20,15] (15)   2859.83
[80,10]   [50,20,15] (20)   122.844
[80,10]   [50,20,15] (25)   111.805
[80,10]   [50,20,15] (30)   112.902
[80,10]   [50,20,20] (0)   16840.3
[80,10]   [50,20,20] (5)   16895.3
[80,10]   [50,20,20] (10)   13042.9
[80,10]   [50,20,20] (15)   1081.04
[80,10]   [50,20,20] (20)   130.854
[80,10]   [50,20,20] (25)   124.936
[80,10]   [50,20,20] (30)   127.074
[80,10]   [50,30,5] (0)   10333.7
[80,10]   [50,30,5] (5)   10400.3
[80,10]   [50,30,5] (10)   10450.3
[80,10]   [50,30,5] (15)   8634.86
[80,10]   [50,30,5] (20)   1033.91
[80,10]   [50,30,5] (25)   109.67
[80,10]   [50,30,5] (30)   102.317
[80,10]   [50,30,10] (0)   10582.7
[80,10]   [50,30,10] (5)   10484.1
[80,10]   [50,30,10] (10)   10628.9
[80,10]   [50,30,10] (15)   9174.27
[80,10]   [50,30,10] (20)   2830.81
[80,10]   [50,30,10] (25)   133.314
[80,10]   [50,30,10] (30)   118.702
[80,10]   [50,30,15] (0)   10388.4
[80,10]   [50,30,15] (5)   10260.9
[80,10]   [50,30,15] (10)   10347.5
[80,10]   [50,30,15] (15)   7984.65
[80,10]   [50,30,15] (20)   384.092
[80,10]   [50,30,15] (25)   128.576
[80,10]   [50,30,15] (30)   124.164
[80,10]   [50,30,20] (0)   10401.2
[80,10]   [50,30,20] (5)   10338.5
[80,10]   [50,30,20] (10)   10447.9
[80,10]   [50,30,20] (15)   8183.49
[80,10]   [50,30,20] (20)   170.888
[80,10]   [50,30,20] (25)   137.717
[80,10]   [50,30,20] (30)   137.482
[80,10]   [50,40,5] (0)   6593.62
[80,10]   [50,40,5] (5)   6634.98
[80,10]   [50,40,5] (10)   6681.89
[80,10]   [50,40,5] (15)   6122.66
[80,10]   [50,40,5] (20)   4447.45
[80,10]   [50,40,5] (25)   641.142
[80,10]   [50,40,5] (30)   130.066
[80,10]   [50,40,10] (0)   6629.4
[80,10]   [50,40,10] (5)   6640.33
[80,10]   [50,40,10] (10)   6583.93
[80,10]   [50,40,10] (15)   6394.99
[80,10]   [50,40,10] (20)   4256.08
[80,10]   [50,40,10] (25)   982.285
[80,10]   [50,40,10] (30)   144.063
[80,10]   [50,40,15] (0)   6668.09
[80,10]   [50,40,15] (5)   6716.97
[80,10]   [50,40,15] (10)   6499.81
[80,10]   [50,40,15] (15)   5976.3
[80,10]   [50,40,15] (20)   3958.05
[80,10]   [50,40,15] (25)   188.888
[80,10]   [50,40,15] (30)   146.067
[80,10]   [50,40,20] (0)   6604.38
[80,10]   [50,40,20] (5)   6663.08
[80,10]   [50,40,20] (10)   6617.46
[80,10]   [50,40,20] (15)   5855.53
[80,10]   [50,40,20] (20)   4040.2
[80,10]   [50,40,20] (25)   178.105
[80,10]   [50,40,20] (30)   153.67
[80,10]   [50,50,5] (0)   667.503
[80,10]   [50,50,5] (5)   687.919
[80,10]   [50,50,5] (10)   644.226
[80,10]   [50,50,5] (15)   679.759
[80,10]   [50,50,5] (20)   750.353
[80,10]   [50,50,5] (25)   513.287
[80,10]   [50,50,5] (30)   168.513
[80,10]   [50,50,10] (0)   667.281
[80,10]   [50,50,10] (5)   672.357
[80,10]   [50,50,10] (10)   776.691
[80,10]   [50,50,10] (15)   718.459
[80,10]   [50,50,10] (20)   648.963
[80,10]   [50,50,10] (25)   429.382
[80,10]   [50,50,10] (30)   172.925
[80,10]   [50,50,15] (0)   659.228
[80,10]   [50,50,15] (5)   762.711
[80,10]   [50,50,15] (10)   641.208
[80,10]   [50,50,15] (15)   631.635
[80,10]   [50,50,15] (20)   674.94
[80,10]   [50,50,15] (25)   453.891
[80,10]   [50,50,15] (30)   167.788
[80,10]   [50,50,20] (0)   698.551
[80,10]   [50,50,20] (5)   593.963
[80,10]   [50,50,20] (10)   679.815
[80,10]   [50,50,20] (15)   686.733
[80,10]   [50,50,20] (20)   610.117
[80,10]   [50,50,20] (25)   369.918
[80,10]   [50,50,20] (30)   171.518
[80,10]   [50,60,5] (0)   525.523
[80,10]   [50,60,5] (5)   644.908
[80,10]   [50,60,5] (10)   605.878
[80,10]   [50,60,5] (15)   733.53
[80,10]   [50,60,5] (20)   628.811
[80,10]   [50,60,5] (25)   614.11
[80,10]   [50,60,5] (30)   556.68
[80,10]   [50,60,10] (0)   531.191
[80,10]   [50,60,10] (5)   621.157
[80,10]   [50,60,10] (10)   582.829
[80,10]   [50,60,10] (15)   642.915
[80,10]   [50,60,10] (20)   541.2
[80,10]   [50,60,10] (25)   548.041
[80,10]   [50,60,10] (30)   665.82
[80,10]   [50,60,15] (0)   550.602
[80,10]   [50,60,15] (5)   573.009
[80,10]   [50,60,15] (10)   720.397
[80,10]   [50,60,15] (15)   625.854
[80,10]   [50,60,15] (20)   604.136
[80,10]   [50,60,15] (25)   579.207
[80,10]   [50,60,15] (30)   598.028
[80,10]   [50,60,20] (0)   560.592
[80,10]   [50,60,20] (5)   654.057
[80,10]   [50,60,20] (10)   577.85
[80,10]   [50,60,20] (15)   633.203
[80,10]   [50,60,20] (20)   623.259
[80,10]   [50,60,20] (25)   656.876
[80,10]   [50,60,20] (30)   588.803
[80,10]   [60,10,5] (0)   28643.5
[80,10]   [60,10,5] (5)   20456
[80,10]   [60,10,5] (10)   5746.16
[80,10]   [60,10,5] (15)   100.646
[80,10]   [60,10,5] (20)   86.085
[80,10]   [60,10,5] (25)   89.3847
[80,10]   [60,10,5] (30)   93.4456
[80,10]   [60,10,10] (0)   28795.5
[80,10]   [60,10,10] (5)   22598.6
[80,10]   [60,10,10] (10)   11603.7
[80,10]   [60,10,10] (15)   5060.94
[80,10]   [60,10,10] (20)   555.493
[80,10]   [60,10,10] (25)   105.375
[80,10]   [60,10,10] (30)   105.878
[80,10]   [60,10,15] (0)   29253.5
[80,10]   [60,10,15] (5)   17570.8
[80,10]   [60,10,15] (10)   9108.69
[80,10]   [60,10,15] (15)   3250.68
[80,10]   [60,10,15] (20)   120.539
[80,10]   [60,10,15] (25)   112.581
[80,10]   [60,10,15] (30)   113.88
[80,10]   [60,10,20] (0)   29565.5
[80,10]   [60,10,20] (5)   18033.5
[80,10]   [60,10,20] (10)   10132.7
[80,10]   [60,10,20] (15)   6371.65
[80,10]   [60,10,20] (20)   146.872
[80,10]   [60,10,20] (25)   126.313
[80,10]   [60,10,20] (30)   128.046
[80,10]   [60,20,5] (0)   21431.7
[80,10]   [60,20,5] (5)   21205.1
[80,10]   [60,20,5] (10)   18086.9
[80,10]   [60,20,5] (15)   6842.61
[80,10]   [60,20,5] (20)   127.224
[80,10]   [60,20,5] (25)   98.5247
[80,10]   [60,20,5] (30)   99.3096
[80,10]   [60,20,10] (0)   20836.9
[80,10]   [60,20,10] (5)   21746.3
[80,10]   [60,20,10] (10)   19030.9
[80,10]   [60,20,10] (15)   10040
[80,10]   [60,20,10] (20)   3851.48
[80,10]   [60,20,10] (25)   138.04
[80,10]   [60,20,10] (30)   113.502
[80,10]   [60,20,15] (0)   21154.2
[80,10]   [60,20,15] (5)   21535.8
[80,10]   [60,20,15] (10)   16207
[80,10]   [60,20,15] (15)   6877.06
[80,10]   [60,20,15] (20)   2358.13
[80,10]   [60,20,15] (25)   122.949
[80,10]   [60,20,15] (30)   119.997
[80,10]   [60,20,20] (0)   21272
[80,10]   [60,20,20] (5)   21247.1
[80,10]   [60,20,20] (10)   18546.5
[80,10]   [60,20,20] (15)   5374.57
[80,10]   [60,20,20] (20)   3133.91
[80,10]   [60,20,20] (25)   145.773
[80,10]   [60,20,20] (30)   133.04
[80,10]   [60,30,5] (0)   17926.7
[80,10]   [60,30,5] (5)   17659.9
[80,10]   [60,30,5] (10)   16881.2
[80,10]   [60,30,5] (15)   13145.5
[80,10]   [60,30,5] (20)   4905.49
[80,10]   [60,30,5] (25)   129.221
[80,10]   [60,30,5] (30)   109.749
[80,10]   [60,30,10] (0)   17808.3
[80,10]   [60,30,10] (5)   17755
[80,10]   [60,30,10] (10)   17858.1
[80,10]   [60,30,10] (15)   13984.2
[80,10]   [60,30,10] (20)   6869.63
[80,10]   [60,30,10] (25)   1321.94
[80,10]   [60,30,10] (30)   129.264
[80,10]   [60,30,15] (0)   18146.4
[80,10]   [60,30,15] (5)   17724.4
[80,10]   [60,30,15] (10)   17888.3
[80,10]   [60,30,15] (15)   12809.6
[80,10]   [60,30,15] (20)   4296.06
[80,10]   [60,30,15] (25)   199.792
[80,10]   [60,30,15] (30)   133.904
[80,10]   [60,30,20] (0)   17888.8
[80,10]   [60,30,20] (5)   18032.6
[80,10]   [60,30,20] (10)   17818.1
[80,10]   [60,30,20] (15)   12847.6
[80,10]   [60,30,20] (20)   3018.43
[80,10]   [60,30,20] (25)   162.465
[80,10]   [60,30,20] (30)   145.123
[80,10]   [60,40,5] (0)   9113.64
[80,10]   [60,40,5] (5)   9181.98
[80,10]   [60,40,5] (10)   9134.26
[80,10]   [60,40,5] (15)   9133.95
[80,10]   [60,40,5] (20)   8318.72
[80,10]   [60,40,5] (25)   3751.97
[80,10]   [60,40,5] (30)   146.184
[80,10]   [60,40,10] (0)   8994.6
[80,10]   [60,40,10] (5)   9151.56
[80,10]   [60,40,10] (10)   9192.66
[80,10]   [60,40,10] (15)   9149.93
[80,10]   [60,40,10] (20)   8790.31
[80,10]   [60,40,10] (25)   4990.79
[80,10]   [60,40,10] (30)   193.58
[80,10]   [60,40,15] (0)   9206.6
[80,10]   [60,40,15] (5)   9177.45
[80,10]   [60,40,15] (10)   9199.48
[80,10]   [60,40,15] (15)   9142.84
[80,10]   [60,40,15] (20)   7985.42
[80,10]   [60,40,15] (25)   2879.81
[80,10]   [60,40,15] (30)   156.859
[80,10]   [60,40,20] (0)   9211.26
[80,10]   [60,40,20] (5)   9276.74
[80,10]   [60,40,20] (10)   9163.79
[80,10]   [60,40,20] (15)   9229.83
[80,10]   [60,40,20] (20)   8419.77
[80,10]   [60,40,20] (25)   2231.94
[80,10]   [60,40,20] (30)   161.728
[80,10]   [60,50,5] (0)   4915.1
[80,10]   [60,50,5] (5)   4981.35
[80,10]   [60,50,5] (10)   4952.24
[80,10]   [60,50,5] (15)   4974.94
[80,10]   [60,50,5] (20)   4891.33
[80,10]   [60,50,5] (25)   4503.03
[80,10]   [60,50,5] (30)   1615.14
[80,10]   [60,50,10] (0)   4846.11
[80,10]   [60,50,10] (5)   4916.57
[80,10]   [60,50,10] (10)   4878.77
[80,10]   [60,50,10] (15)   4992.61
[80,10]   [60,50,10] (20)   4939.91
[80,10]   [60,50,10] (25)   4675.6
[80,10]   [60,50,10] (30)   2238.94
[80,10]   [60,50,15] (0)   4875.27
[80,10]   [60,50,15] (5)   4861.21
[80,10]   [60,50,15] (10)   4905.23
[80,10]   [60,50,15] (15)   4889.36
[80,10]   [60,50,15] (20)   4840.73
[80,10]   [60,50,15] (25)   4270.73
[80,10]   [60,50,15] (30)   581.64
[80,10]   [60,50,20] (0)   4859.57
[80,10]   [60,50,20] (5)   4993.68
[80,10]   [60,50,20] (10)   4804.49
[80,10]   [60,50,20] (15)   4939.92
[80,10]   [60,50,20] (20)   4859.64
[80,10]   [60,50,20] (25)   4415.16
[80,10]   [60,50,20] (30)   616.76
[80,10]   [60,60,5] (0)   1093.52
[80,10]   [60,60,5] (5)   1189.49
[80,10]   [60,60,5] (10)   1108.56
[80,10]   [60,60,5] (15)   1059.62
[80,10]   [60,60,5] (20)   1110.17
[80,10]   [60,60,5] (25)   1184.91
[80,10]   [60,60,5] (30)   827.602
[80,10]   [60,60,10] (0)   1077.24
[80,10]   [60,60,10] (5)   1119.96
[80,10]   [60,60,10] (10)   1128.25
[80,10]   [60,60,10] (15)   1117.79
[80,10]   [60,60,10] (20)   1167.16
[80,10]   [60,60,10] (25)   1186.68
[80,10]   [60,60,10] (30)   685.492
[80,10]   [60,60,15] (0)   1066.22
[80,10]   [60,60,15] (5)   1106.78
[80,10]   [60,60,15] (10)   1118.02
[80,10]   [60,60,15] (15)   1195.36
[80,10]   [60,60,15] (20)   1083.37
[80,10]   [60,60,15] (25)   1043.94
[80,10]   [60,60,15] (30)   796.686
[80,10]   [60,60,20] (0)   1077.38
[80,10]   [60,60,20] (5)   1164.91
[80,10]   [60,60,20] (10)   1168.36
[80,10]   [60,60,20] (15)   1093.92
[80,10]   [60,60,20] (20)   1120.4
[80,10]   [60,60,20] (25)   1107.63
[80,10]   [60,60,20] (30)   661.302
