[50,60]   [10,10,5] (0)   120.168
[50,60]   [10,10,5] (5)   85.6214
[50,60]   [10,10,5] (10)   82.099
[50,60]   [10,10,5] (15)   91.7623
[50,60]   [10,10,5] (20)   101.512
[50,60]   [10,10,5] (25)   111.468
[50,60]   [10,10,5] (30)   121.363
[50,60]   [10,10,10] (0)   120.153
[50,60]   [10,10,10] (5)   112.145
[50,60]   [10,10,10] (10)   126.621
[50,60]   [10,10,10] (15)   129.357
[50,60]   [10,10,10] (20)   134.503
[50,60]   [10,10,10] (25)   144.395
[50,60]   [10,10,10] (30)   163.425
[50,60]   [10,10,15] (0)   113.038
[50,60]   [10,10,15] (5)   97.8804
[50,60]   [10,10,15] (10)   104.334
[50,60]   [10,10,15] (15)   113.583
[50,60]   [10,10,15] (20)   122.173
[50,60]   [10,10,15] (25)   130.739
[50,60]   [10,10,15] (30)   139.704
[50,60]   [10,10,20] (0)   128.936
[50,60]   [10,10,20] (5)   125.224
[50,60]   [10,10,20] (10)   139.886
[50,60]   [10,10,20] (15)   141.383
[50,60]   [10,10,20] (20)   146.192
[50,60]   [10,10,20] (25)   166.418
[50,60]   [10,10,20] (30)   169.244
[50,60]   [10,20,5] (0)   8021.17
[50,60]   [10,20,5] (5)   7969.68
[50,60]   [10,20,5] (10)   7229.84
[50,60]   [10,20,5] (15)   8596.38
[50,60]   [10,20,5] (20)   6219.35
[50,60]   [10,20,5] (25)   7137.15
[50,60]   [10,20,5] (30)   5745.39
[50,60]   [10,20,10] (0)   9008.29
[50,60]   [10,20,10] (5)   8990.79
[50,60]   [10,20,10] (10)   7651.41
[50,60]   [10,20,10] (15)   8588.28
[50,60]   [10,20,10] (20)   7909.01
[50,60]   [10,20,10] (25)   8739.9
[50,60]   [10,20,10] (30)   8755.17
[50,60]   [10,20,15] (0)   7160.9
[50,60]   [10,20,15] (5)   8557.24
[50,60]   [10,20,15] (10)   8667.04
[50,60]   [10,20,15] (15)   7765.57
[50,60]   [10,20,15] (20)   7025.28
[50,60]   [10,20,15] (25)   6730.55
[50,60]   [10,20,15] (30)   6323.8
[50,60]   [10,20,20] (0)   7887.74
[50,60]   [10,20,20] (5)   7687.86
[50,60]   [10,20,20] (10)   7717.24
[50,60]   [10,20,20] (15)   8752.93
[50,60]   [10,20,20] (20)   8750.28
[50,60]   [10,20,20] (25)   7760.83
[50,60]   [10,20,20] (30)   8792.92
[50,60]   [10,30,5] (0)   19628.8
[50,60]   [10,30,5] (5)   15212.6
[50,60]   [10,30,5] (10)   16445.6
[50,60]   [10,30,5] (15)   18532.7
[50,60]   [10,30,5] (20)   18613.5
[50,60]   [10,30,5] (25)   18310.6
[50,60]   [10,30,5] (30)   18321.5
[50,60]   [10,30,10] (0)   13445.5
[50,60]   [10,30,10] (5)   16783.9
[50,60]   [10,30,10] (10)   13086.1
[50,60]   [10,30,10] (15)   18646.5
[50,60]   [10,30,10] (20)   16770.2
[50,60]   [10,30,10] (25)   14833.6
[50,60]   [10,30,10] (30)   13131
[50,60]   [10,30,15] (0)   16715
[50,60]   [10,30,15] (5)   16660.7
[50,60]   [10,30,15] (10)   14781.6
[50,60]   [10,30,15] (15)   18998.6
[50,60]   [10,30,15] (20)   12994.6
[50,60]   [10,30,15] (25)   18528
[50,60]   [10,30,15] (30)   16246.5
[50,60]   [10,30,20] (0)   18394.9
[50,60]   [10,30,20] (5)   18870.9
[50,60]   [10,30,20] (10)   18330.6
[50,60]   [10,30,20] (15)   16850.9
[50,60]   [10,30,20] (20)   16286.1
[50,60]   [10,30,20] (25)   16735.1
[50,60]   [10,30,20] (30)   15919.5
[50,60]   [10,40,5] (0)   28450.3
[50,60]   [10,40,5] (5)   24859.7
[50,60]   [10,40,5] (10)   27741.6
[50,60]   [10,40,5] (15)   21812.1
[50,60]   [10,40,5] (20)   27550.7
[50,60]   [10,40,5] (25)   19069
[50,60]   [10,40,5] (30)   21922.3
[50,60]   [10,40,10] (0)   25042.5
[50,60]   [10,40,10] (5)   24862.3
[50,60]   [10,40,10] (10)   27610.4
[50,60]   [10,40,10] (15)   22359.6
[50,60]   [10,40,10] (20)   22436.5
[50,60]   [10,40,10] (25)   27792.8
[50,60]   [10,40,10] (30)   22036.3
[50,60]   [10,40,15] (0)   25412.1
[50,60]   [10,40,15] (5)   22666
[50,60]   [10,40,15] (10)   23283.6
[50,60]   [10,40,15] (15)   22062.9
[50,60]   [10,40,15] (20)   21885.8
[50,60]   [10,40,15] (25)   22999.5
[50,60]   [10,40,15] (30)   25902
[50,60]   [10,40,20] (0)   18950.6
[50,60]   [10,40,20] (5)   28470.1
[50,60]   [10,40,20] (10)   22852
[50,60]   [10,40,20] (15)   29064.4
[50,60]   [10,40,20] (20)   22887.4
[50,60]   [10,40,20] (25)   19478.5
[50,60]   [10,40,20] (30)   21772.2
[50,60]   [10,50,5] (0)   34759.6
[50,60]   [10,50,5] (5)   35345.6
[50,60]   [10,50,5] (10)   35077.7
[50,60]   [10,50,5] (15)   34946.2
[50,60]   [10,50,5] (20)   35667.3
[50,60]   [10,50,5] (25)   29179.8
[50,60]   [10,50,5] (30)   36268.3
[50,60]   [10,50,10] (0)   35058.6
[50,60]   [10,50,10] (5)   36057.5
[50,60]   [10,50,10] (10)   35647.7
[50,60]   [10,50,10] (15)   35306
[50,60]   [10,50,10] (20)   34366.1
[50,60]   [10,50,10] (25)   34715.4
[50,60]   [10,50,10] (30)   34979.5
[50,60]   [10,50,15] (0)   27660.3
[50,60]   [10,50,15] (5)   35329.5
[50,60]   [10,50,15] (10)   31882.5
[50,60]   [10,50,15] (15)   31110.9
[50,60]   [10,50,15] (20)   37005.7
[50,60]   [10,50,15] (25)   35562.5
[50,60]   [10,50,15] (30)   34724.6
[50,60]   [10,50,20] (0)   34930.9
[50,60]   [10,50,20] (5)   35300.7
[50,60]   [10,50,20] (10)   35603.5
[50,60]   [10,50,20] (15)   34568.1
[50,60]   [10,50,20] (20)   35178.1
[50,60]   [10,50,20] (25)   34819.8
[50,60]   [10,50,20] (30)   36079.2
[50,60]   [10,60,5] (0)   42547.4
[50,60]   [10,60,5] (5)   40724.9
[50,60]   [10,60,5] (10)   41505.1
[50,60]   [10,60,5] (15)   41780.2
[50,60]   [10,60,5] (20)   42050.4
[50,60]   [10,60,5] (25)   42102.9
[50,60]   [10,60,5] (30)   40873.8
[50,60]   [10,60,10] (0)   42217.9
[50,60]   [10,60,10] (5)   41551.9
[50,60]   [10,60,10] (10)   41961.9
[50,60]   [10,60,10] (15)   40706.6
[50,60]   [10,60,10] (20)   41970.4
[50,60]   [10,60,10] (25)   41312.4
[50,60]   [10,60,10] (30)   40914.5
[50,60]   [10,60,15] (0)   41396.3
[50,60]   [10,60,15] (5)   41826.3
[50,60]   [10,60,15] (10)   41737.1
[50,60]   [10,60,15] (15)   41515.9
[50,60]   [10,60,15] (20)   41621.2
[50,60]   [10,60,15] (25)   42066.2
[50,60]   [10,60,15] (30)   42335.4
[50,60]   [10,60,20] (0)   40454.6
[50,60]   [10,60,20] (5)   41799
[50,60]   [10,60,20] (10)   41328.4
[50,60]   [10,60,20] (15)   42149.4
[50,60]   [10,60,20] (20)   41384.8
[50,60]   [10,60,20] (25)   41599.7
[50,60]   [10,60,20] (30)   41799.5
[50,60]   [20,10,5] (0)   8224.12
[50,60]   [20,10,5] (5)   1841.92
[50,60]   [20,10,5] (10)   85.2833
[50,60]   [20,10,5] (15)   85.3056
[50,60]   [20,10,5] (20)   95.2886
[50,60]   [20,10,5] (25)   105.607
[50,60]   [20,10,5] (30)   114.843
[50,60]   [20,10,10] (0)   8197.99
[50,60]   [20,10,10] (5)   1797.79
[50,60]   [20,10,10] (10)   127.409
[50,60]   [20,10,10] (15)   128.391
[50,60]   [20,10,10] (20)   142.234
[50,60]   [20,10,10] (25)   146.867
[50,60]   [20,10,10] (30)   151.463
[50,60]   [20,10,15] (0)   8352.34
[50,60]   [20,10,15] (5)   129.753
[50,60]   [20,10,15] (10)   108.758
[50,60]   [20,10,15] (15)   114.376
[50,60]   [20,10,15] (20)   122.386
[50,60]   [20,10,15] (25)   130.497
[50,60]   [20,10,15] (30)   138.766
[50,60]   [20,10,20] (0)   8816.34
[50,60]   [20,10,20] (5)   163.7
[50,60]   [20,10,20] (10)   137.923
[50,60]   [20,10,20] (15)   153.445
[50,60]   [20,10,20] (20)   152.634
[50,60]   [20,10,20] (25)   177.407
[50,60]   [20,10,20] (30)   167.423
[50,60]   [20,20,5] (0)   161.835
[50,60]   [20,20,5] (5)   167.212
[50,60]   [20,20,5] (10)   134.886
[50,60]   [20,20,5] (15)   118.398
[50,60]   [20,20,5] (20)   125.024
[50,60]   [20,20,5] (25)   133.785
[50,60]   [20,20,5] (30)   141.215
[50,60]   [20,20,10] (0)   159.98
[50,60]   [20,20,10] (5)   162.34
[50,60]   [20,20,10] (10)   157.722
[50,60]   [20,20,10] (15)   154.681
[50,60]   [20,20,10] (20)   175.421
[50,60]   [20,20,10] (25)   173.062
[50,60]   [20,20,10] (30)   176.196
[50,60]   [20,20,15] (0)   155.815
[50,60]   [20,20,15] (5)   157.715
[50,60]   [20,20,15] (10)   136.676
[50,60]   [20,20,15] (15)   137.832
[50,60]   [20,20,15] (20)   145.006
[50,60]   [20,20,15] (25)   152.567
[50,60]   [20,20,15] (30)   160.442
[50,60]   [20,20,20] (0)   164.213
[50,60]   [20,20,20] (5)   161.292
[50,60]   [20,20,20] (10)   156.436
[50,60]   [20,20,20] (15)   157.315
[50,60]   [20,20,20] (20)   175.486
[50,60]   [20,20,20] (25)   187.83
[50,60]   [20,20,20] (30)   185.88
[50,60]   [20,30,5] (0)   5527.62
[50,60]   [20,30,5] (5)   6275.21
[50,60]   [20,30,5] (10)   5274.36
[50,60]   [20,30,5] (15)   6260.79
[50,60]   [20,30,5] (20)   5011.33
[50,60]   [20,30,5] (25)   6315.58
[50,60]   [20,30,5] (30)   4947.5
[50,60]   [20,30,10] (0)   5076.38
[50,60]   [20,30,10] (5)   6283.32
[50,60]   [20,30,10] (10)   6303.82
[50,60]   [20,30,10] (15)   5823.08
[50,60]   [20,30,10] (20)   6227.35
[50,60]   [20,30,10] (25)   5745.65
[50,60]   [20,30,10] (30)   6557.99
[50,60]   [20,30,15] (0)   6216.74
[50,60]   [20,30,15] (5)   5573.84
[50,60]   [20,30,15] (10)   5659.04
[50,60]   [20,30,15] (15)   5644.85
[50,60]   [20,30,15] (20)   5888.29
[50,60]   [20,30,15] (25)   6390.95
[50,60]   [20,30,15] (30)   4743.39
[50,60]   [20,30,20] (0)   5615.91
[50,60]   [20,30,20] (5)   6282.71
[50,60]   [20,30,20] (10)   4986.01
[50,60]   [20,30,20] (15)   6226.44
[50,60]   [20,30,20] (20)   5654.74
[50,60]   [20,30,20] (25)   5054.91
[50,60]   [20,30,20] (30)   5654.23
[50,60]   [20,40,5] (0)   14030.1
[50,60]   [20,40,5] (5)   14363.8
[50,60]   [20,40,5] (10)   15991.4
[50,60]   [20,40,5] (15)   14047
[50,60]   [20,40,5] (20)   12169.2
[50,60]   [20,40,5] (25)   15936.5
[50,60]   [20,40,5] (30)   14691.3
[50,60]   [20,40,10] (0)   15569.1
[50,60]   [20,40,10] (5)   15460.3
[50,60]   [20,40,10] (10)   14052.2
[50,60]   [20,40,10] (15)   14293
[50,60]   [20,40,10] (20)   12572.1
[50,60]   [20,40,10] (25)   15744
[50,60]   [20,40,10] (30)   13127.3
[50,60]   [20,40,15] (0)   14074.7
[50,60]   [20,40,15] (5)   15831.1
[50,60]   [20,40,15] (10)   16339.9
[50,60]   [20,40,15] (15)   15765.4
[50,60]   [20,40,15] (20)   12404.8
[50,60]   [20,40,15] (25)   12528.3
[50,60]   [20,40,15] (30)   13890.5
[50,60]   [20,40,20] (0)   13879.1
[50,60]   [20,40,20] (5)   10894.3
[50,60]   [20,40,20] (10)   16021.9
[50,60]   [20,40,20] (15)   15464.3
[50,60]   [20,40,20] (20)   15895.6
[50,60]   [20,40,20] (25)   14320.9
[50,60]   [20,40,20] (30)   12606.8
[50,60]   [20,50,5] (0)   22977.9
[50,60]   [20,50,5] (5)   23195
[50,60]   [20,50,5] (10)   22682.4
[50,60]   [20,50,5] (15)   23257.5
[50,60]   [20,50,5] (20)   22530
[50,60]   [20,50,5] (25)   23905.4
[50,60]   [20,50,5] (30)   23182.4
[50,60]   [20,50,10] (0)   23091.7
[50,60]   [20,50,10] (5)   20747.2
[50,60]   [20,50,10] (10)   20803
[50,60]   [20,50,10] (15)   20552
[50,60]   [20,50,10] (20)   18481.1
[50,60]   [20,50,10] (25)   23709.3
[50,60]   [20,50,10] (30)   23575.9
[50,60]   [20,50,15] (0)   21537.4
[50,60]   [20,50,15] (5)   20972.3
[50,60]   [20,50,15] (10)   23163.4
[50,60]   [20,50,15] (15)   23620.6
[50,60]   [20,50,15] (20)   23267.9
[50,60]   [20,50,15] (25)   23342.1
[50,60]   [20,50,15] (30)   18973.3
[50,60]   [20,50,20] (0)   20324.4
[50,60]   [20,50,20] (5)   23890
[50,60]   [20,50,20] (10)   23783.9
[50,60]   [20,50,20] (15)   23497.9
[50,60]   [20,50,20] (20)   23044.6
[50,60]   [20,50,20] (25)   20347.3
[50,60]   [20,50,20] (30)   23443.9
[50,60]   [20,60,5] (0)   30046.6
[50,60]   [20,60,5] (5)   30797
[50,60]   [20,60,5] (10)   30131.7
[50,60]   [20,60,5] (15)   29566.9
[50,60]   [20,60,5] (20)   30204.4
[50,60]   [20,60,5] (25)   27138.9
[50,60]   [20,60,5] (30)   30469.7
[50,60]   [20,60,10] (0)   29830.5
[50,60]   [20,60,10] (5)   30196.2
[50,60]   [20,60,10] (10)   30453.8
[50,60]   [20,60,10] (15)   27035.5
[50,60]   [20,60,10] (20)   27791.3
[50,60]   [20,60,10] (25)   30241.3
[50,60]   [20,60,10] (30)   29994.1
[50,60]   [20,60,15] (0)   30635.4
[50,60]   [20,60,15] (5)   30058.1
[50,60]   [20,60,15] (10)   30763.7
[50,60]   [20,60,15] (15)   30536.3
[50,60]   [20,60,15] (20)   29703.5
[50,60]   [20,60,15] (25)   30266
[50,60]   [20,60,15] (30)   30218.5
[50,60]   [20,60,20] (0)   30186.8
[50,60]   [20,60,20] (5)   29879.4
[50,60]   [20,60,20] (10)   29795.2
[50,60]   [20,60,20] (15)   29945.4
[50,60]   [20,60,20] (20)   30026.7
[50,60]   [20,60,20] (25)   29908.9
[50,60]   [20,60,20] (30)   29908
[50,60]   [30,10,5] (0)   15842.7
[50,60]   [30,10,5] (5)   7364.89
[50,60]   [30,10,5] (10)   99.6767
[50,60]   [30,10,5] (15)   93.026
[50,60]   [30,10,5] (20)   93.5429
[50,60]   [30,10,5] (25)   100.71
[50,60]   [30,10,5] (30)   110.833
[50,60]   [30,10,10] (0)   15136.7
[50,60]   [30,10,10] (5)   9105.44
[50,60]   [30,10,10] (10)   146
[50,60]   [30,10,10] (15)   138.685
[50,60]   [30,10,10] (20)   140.462
[50,60]   [30,10,10] (25)   143.89
[50,60]   [30,10,10] (30)   156.405
[50,60]   [30,10,15] (0)   15419.5
[50,60]   [30,10,15] (5)   3730.21
[50,60]   [30,10,15] (10)   121.166
[50,60]   [30,10,15] (15)   121.154
[50,60]   [30,10,15] (20)   123.585
[50,60]   [30,10,15] (25)   130.955
[50,60]   [30,10,15] (30)   139.199
[50,60]   [30,10,20] (0)   15909.1
[50,60]   [30,10,20] (5)   3498.43
[50,60]   [30,10,20] (10)   144.851
[50,60]   [30,10,20] (15)   145.776
[50,60]   [30,10,20] (20)   164.395
[50,60]   [30,10,20] (25)   161.02
[50,60]   [30,10,20] (30)   168.676
[50,60]   [30,20,5] (0)   7098.3
[50,60]   [30,20,5] (5)   6883.59
[50,60]   [30,20,5] (10)   4088.13
[50,60]   [30,20,5] (15)   126.214
[50,60]   [30,20,5] (20)   110.802
[50,60]   [30,20,5] (25)   113.478
[50,60]   [30,20,5] (30)   122.692
[50,60]   [30,20,10] (0)   6231.62
[50,60]   [30,20,10] (5)   6348.11
[50,60]   [30,20,10] (10)   4485.28
[50,60]   [30,20,10] (15)   154.638
[50,60]   [30,20,10] (20)   167.244
[50,60]   [30,20,10] (25)   160.65
[50,60]   [30,20,10] (30)   166.747
[50,60]   [30,20,15] (0)   6954.45
[50,60]   [30,20,15] (5)   6613.4
[50,60]   [30,20,15] (10)   2793.85
[50,60]   [30,20,15] (15)   138.889
[50,60]   [30,20,15] (20)   138.076
[50,60]   [30,20,15] (25)   144.377
[50,60]   [30,20,15] (30)   151.929
[50,60]   [30,20,20] (0)   6978.99
[50,60]   [30,20,20] (5)   7741.86
[50,60]   [30,20,20] (10)   3199.25
[50,60]   [30,20,20] (15)   170.15
[50,60]   [30,20,20] (20)   171.612
[50,60]   [30,20,20] (25)   179.186
[50,60]   [30,20,20] (30)   191.249
[50,60]   [30,30,5] (0)   190.273
[50,60]   [30,30,5] (5)   185.587
[50,60]   [30,30,5] (10)   186.411
[50,60]   [30,30,5] (15)   170.762
[50,60]   [30,30,5] (20)   142.814
[50,60]   [30,30,5] (25)   139.263
[50,60]   [30,30,5] (30)   146.442
[50,60]   [30,30,10] (0)   183.794
[50,60]   [30,30,10] (5)   183.61
[50,60]   [30,30,10] (10)   191.094
[50,60]   [30,30,10] (15)   181.747
[50,60]   [30,30,10] (20)   181.95
[50,60]   [30,30,10] (25)   183.088
[50,60]   [30,30,10] (30)   194.456
[50,60]   [30,30,15] (0)   182.322
[50,60]   [30,30,15] (5)   192.485
[50,60]   [30,30,15] (10)   185.331
[50,60]   [30,30,15] (15)   170.972
[50,60]   [30,30,15] (20)   159.371
[50,60]   [30,30,15] (25)   165.196
[50,60]   [30,30,15] (30)   172.68
[50,60]   [30,30,20] (0)   190.29
[50,60]   [30,30,20] (5)   183.732
[50,60]   [30,30,20] (10)   185.093
[50,60]   [30,30,20] (15)   181.054
[50,60]   [30,30,20] (20)   186.723
[50,60]   [30,30,20] (25)   195.609
[50,60]   [30,30,20] (30)   198.326
[50,60]   [30,40,5] (0)   3544.89
[50,60]   [30,40,5] (5)   3822.7
[50,60]   [30,40,5] (10)   4090.44
[50,60]   [30,40,5] (15)   3962.17
[50,60]   [30,40,5] (20)   4244.35
[50,60]   [30,40,5] (25)   4188.37
[50,60]   [30,40,5] (30)   3215.54
[50,60]   [30,40,10] (0)   3675.28
[50,60]   [30,40,10] (5)   3974.91
[50,60]   [30,40,10] (10)   4093.41
[50,60]   [30,40,10] (15)   3972.34
[50,60]   [30,40,10] (20)   4230.93
[50,60]   [30,40,10] (25)   2919.1
[50,60]   [30,40,10] (30)   4104.55
[50,60]   [30,40,15] (0)   4088.83
[50,60]   [30,40,15] (5)   4003.55
[50,60]   [30,40,15] (10)   3716.01
[50,60]   [30,40,15] (15)   3711.99
[50,60]   [30,40,15] (20)   3864.89
[50,60]   [30,40,15] (25)   4174.16
[50,60]   [30,40,15] (30)   3651.78
[50,60]   [30,40,20] (0)   4284.12
[50,60]   [30,40,20] (5)   4240.55
[50,60]   [30,40,20] (10)   4015.45
[50,60]   [30,40,20] (15)   4027.07
[50,60]   [30,40,20] (20)   2814.91
[50,60]   [30,40,20] (25)   3274.87
[50,60]   [30,40,20] (30)   3523.39
[50,60]   [30,50,5] (0)   12066.3
[50,60]   [30,50,5] (5)   12076.3
[50,60]   [30,50,5] (10)   11885.5
[50,60]   [30,50,5] (15)   12055.9
[50,60]   [30,50,5] (20)   9445.69
[50,60]   [30,50,5] (25)   12555.6
[50,60]   [30,50,5] (30)   11859.2
[50,60]   [30,50,10] (0)   10924.7
[50,60]   [30,50,10] (5)   10585.5
[50,60]   [30,50,10] (10)   12636
[50,60]   [30,50,10] (15)   11878.6
[50,60]   [30,50,10] (20)   12198.4
[50,60]   [30,50,10] (25)   10657.2
[50,60]   [30,50,10] (30)   11685.7
[50,60]   [30,50,15] (0)   12119.8
[50,60]   [30,50,15] (5)   10921.2
[50,60]   [30,50,15] (10)   12476.9
[50,60]   [30,50,15] (15)   9320.29
[50,60]   [30,50,15] (20)   11047
[50,60]   [30,50,15] (25)   12279.1
[50,60]   [30,50,15] (30)   12249.2
[50,60]   [30,50,20] (0)   10831.6
[50,60]   [30,50,20] (5)   8450.43
[50,60]   [30,50,20] (10)   12102.1
[50,60]   [30,50,20] (15)   11645.7
[50,60]   [30,50,20] (20)   12179.8
[50,60]   [30,50,20] (25)   9861.15
[50,60]   [30,50,20] (30)   12141.1
[50,60]   [30,60,5] (0)   19058.7
[50,60]   [30,60,5] (5)   19243.7
[50,60]   [30,60,5] (10)   17103.7
[50,60]   [30,60,5] (15)   19515.3
[50,60]   [30,60,5] (20)   18883
[50,60]   [30,60,5] (25)   19367
[50,60]   [30,60,5] (30)   19085.1
[50,60]   [30,60,10] (0)   19188.2
[50,60]   [30,60,10] (5)   19516.7
[50,60]   [30,60,10] (10)   19091.7
[50,60]   [30,60,10] (15)   18986.7
[50,60]   [30,60,10] (20)   18947.5
[50,60]   [30,60,10] (25)   19184.9
[50,60]   [30,60,10] (30)   19594.8
[50,60]   [30,60,15] (0)   19072.5
[50,60]   [30,60,15] (5)   19258.6
[50,60]   [30,60,15] (10)   19359.1
[50,60]   [30,60,15] (15)   17037.4
[50,60]   [30,60,15] (20)   19467.6
[50,60]   [30,60,15] (25)   19344.1
[50,60]   [30,60,15] (30)   19216.6
[50,60]   [30,60,20] (0)   18643.2
[50,60]   [30,60,20] (5)   19247.7
[50,60]   [30,60,20] (10)   19736.6
[50,60]   [30,60,20] (15)   18959.5
[50,60]   [30,60,20] (20)   19338.9
[50,60]   [30,60,20] (25)   19214.7
[50,60]   [30,60,20] (30)   18756.7
[50,60]   [40,10,5] (0)   20773
[50,60]   [40,10,5] (5)   12346.8
[50,60]   [40,10,5] (10)   172.718
[50,60]   [40,10,5] (15)   102.505
[50,60]   [40,10,5] (20)   99.5379
[50,60]   [40,10,5] (25)   103.825
[50,60]   [40,10,5] (30)   108.311
[50,60]   [40,10,10] (0)   21887.1
[50,60]   [40,10,10] (5)   15459.9
[50,60]   [40,10,10] (10)   4261.15
[50,60]   [40,10,10] (15)   149.654
[50,60]   [40,10,10] (20)   143.823
[50,60]   [40,10,10] (25)   148.352
[50,60]   [40,10,10] (30)   151.556
[50,60]   [40,10,15] (0)   22691.3
[50,60]   [40,10,15] (5)   10009.4
[50,60]   [40,10,15] (10)   1561.79
[50,60]   [40,10,15] (15)   133.77
[50,60]   [40,10,15] (20)   129.948
[50,60]   [40,10,15] (25)   132.263
[50,60]   [40,10,15] (30)   138.047
[50,60]   [40,10,20] (0)   22686.1
[50,60]   [40,10,20] (5)   9204.54
[50,60]   [40,10,20] (10)   164.405
[50,60]   [40,10,20] (15)   165.155
[50,60]   [40,10,20] (20)   162.457
[50,60]   [40,10,20] (25)   165.729
[50,60]   [40,10,20] (30)   174.477
[50,60]   [40,20,5] (0)   12985.7
[50,60]   [40,20,5] (5)   13261.9
[50,60]   [40,20,5] (10)   9877.57
[50,60]   [40,20,5] (15)   263.291
[50,60]   [40,20,5] (20)   118.982
[50,60]   [40,20,5] (25)   113.013
[50,60]   [40,20,5] (30)   117.401
[50,60]   [40,20,10] (0)   12838.8
[50,60]   [40,20,10] (5)   13146.3
[50,60]   [40,20,10] (10)   11800.7
[50,60]   [40,20,10] (15)   1843.17
[50,60]   [40,20,10] (20)   174.902
[50,60]   [40,20,10] (25)   161.949
[50,60]   [40,20,10] (30)   162.215
[50,60]   [40,20,15] (0)   11527.7
[50,60]   [40,20,15] (5)   14660.8
[50,60]   [40,20,15] (10)   9463.85
[50,60]   [40,20,15] (15)   161.28
[50,60]   [40,20,15] (20)   144.692
[50,60]   [40,20,15] (25)   143.744
[50,60]   [40,20,15] (30)   148.024
[50,60]   [40,20,20] (0)   13652.5
[50,60]   [40,20,20] (5)   12657.6
[50,60]   [40,20,20] (10)   9529.07
[50,60]   [40,20,20] (15)   177.303
[50,60]   [40,20,20] (20)   174.56
[50,60]   [40,20,20] (25)   185.55
[50,60]   [40,20,20] (30)   185.075
[50,60]   [40,30,5] (0)   5793.18
[50,60]   [40,30,5] (5)   5913.63
[50,60]   [40,30,5] (10)   6286.32
[50,60]   [40,30,5] (15)   4505.67
[50,60]   [40,30,5] (20)   159.371
[50,60]   [40,30,5] (25)   132.951
[50,60]   [40,30,5] (30)   130.14
[50,60]   [40,30,10] (0)   6027.46
[50,60]   [40,30,10] (5)   6133.79
[50,60]   [40,30,10] (10)   6243.09
[50,60]   [40,30,10] (15)   4660.15
[50,60]   [40,30,10] (20)   197.222
[50,60]   [40,30,10] (25)   174.083
[50,60]   [40,30,10] (30)   175.758
[50,60]   [40,30,15] (0)   6213.15
[50,60]   [40,30,15] (5)   6102.41
[50,60]   [40,30,15] (10)   6162.63
[50,60]   [40,30,15] (15)   3606.62
[50,60]   [40,30,15] (20)   167.829
[50,60]   [40,30,15] (25)   159.621
[50,60]   [40,30,15] (30)   162.333
[50,60]   [40,30,20] (0)   5894.63
[50,60]   [40,30,20] (5)   6317.75
[50,60]   [40,30,20] (10)   5933.55
[50,60]   [40,30,20] (15)   4003.05
[50,60]   [40,30,20] (20)   196.821
[50,60]   [40,30,20] (25)   187.69
[50,60]   [40,30,20] (30)   193.74
[50,60]   [40,40,5] (0)   222.149
[50,60]   [40,40,5] (5)   223.714
[50,60]   [40,40,5] (10)   236.785
[50,60]   [40,40,5] (15)   226.505
[50,60]   [40,40,5] (20)   215.146
[50,60]   [40,40,5] (25)   176.378
[50,60]   [40,40,5] (30)   160.438
[50,60]   [40,40,10] (0)   227.032
[50,60]   [40,40,10] (5)   226.814
[50,60]   [40,40,10] (10)   231.009
[50,60]   [40,40,10] (15)   227.213
[50,60]   [40,40,10] (20)   217.413
[50,60]   [40,40,10] (25)   201.565
[50,60]   [40,40,10] (30)   199.978
[50,60]   [40,40,15] (0)   217.993
[50,60]   [40,40,15] (5)   217.949
[50,60]   [40,40,15] (10)   226.855
[50,60]   [40,40,15] (15)   227.396
[50,60]   [40,40,15] (20)   207.91
[50,60]   [40,40,15] (25)   186.285
[50,60]   [40,40,15] (30)   185.392
[50,60]   [40,40,20] (0)   218.557
[50,60]   [40,40,20] (5)   222.919
[50,60]   [40,40,20] (10)   219.982
[50,60]   [40,40,20] (15)   228.455
[50,60]   [40,40,20] (20)   217.475
[50,60]   [40,40,20] (25)   206.216
[50,60]   [40,40,20] (30)   213.398
[50,60]   [40,50,5] (0)   2729.43
[50,60]   [40,50,5] (5)   2298.13
[50,60]   [40,50,5] (10)   2694.45
[50,60]   [40,50,5] (15)   2563.51
[50,60]   [40,50,5] (20)   2354.61
[50,60]   [40,50,5] (25)   2781.21
[50,60]   [40,50,5] (30)   2644.17
[50,60]   [40,50,10] (0)   3238.28
[50,60]   [40,50,10] (5)   2686.47
[50,60]   [40,50,10] (10)   2351.83
[50,60]   [40,50,10] (15)   2661.73
[50,60]   [40,50,10] (20)   3050.58
[50,60]   [40,50,10] (25)   2687.55
[50,60]   [40,50,10] (30)   2613.89
[50,60]   [40,50,15] (0)   3026.42
[50,60]   [40,50,15] (5)   2605.4
[50,60]   [40,50,15] (10)   2712.1
[50,60]   [40,50,15] (15)   2598.37
[50,60]   [40,50,15] (20)   2971.42
[50,60]   [40,50,15] (25)   2753.2
[50,60]   [40,50,15] (30)   2919.14
[50,60]   [40,50,20] (0)   3021.84
[50,60]   [40,50,20] (5)   2656.53
[50,60]   [40,50,20] (10)   2939.98
[50,60]   [40,50,20] (15)   2723.09
[50,60]   [40,50,20] (20)   2530.44
[50,60]   [40,50,20] (25)   2850.23
[50,60]   [40,50,20] (30)   2701.3
[50,60]   [40,60,5] (0)   10296.5
[50,60]   [40,60,5] (5)   10298.6
[50,60]   [40,60,5] (10)   10236.3
[50,60]   [40,60,5] (15)   9387.69
[50,60]   [40,60,5] (20)   9409.26
[50,60]   [40,60,5] (25)   10204.1
[50,60]   [40,60,5] (30)   10326.9
[50,60]   [40,60,10] (0)   10325.8
[50,60]   [40,60,10] (5)   10487.3
[50,60]   [40,60,10] (10)   10229.8
[50,60]   [40,60,10] (15)   10031.6
[50,60]   [40,60,10] (20)   10259.6
[50,60]   [40,60,10] (25)   10220.5
[50,60]   [40,60,10] (30)   10344.3
[50,60]   [40,60,15] (0)   10544.8
[50,60]   [40,60,15] (5)   10439.1
[50,60]   [40,60,15] (10)   10359.9
[50,60]   [40,60,15] (15)   10183.9
[50,60]   [40,60,15] (20)   10129.5
[50,60]   [40,60,15] (25)   10202.7
[50,60]   [40,60,15] (30)   9377.48
[50,60]   [40,60,20] (0)   10365.8
[50,60]   [40,60,20] (5)   10400
[50,60]   [40,60,20] (10)   10480.1
[50,60]   [40,60,20] (15)   10220.8
[50,60]   [40,60,20] (20)   10184.3
[50,60]   [40,60,20] (25)   9182.5
[50,60]   [40,60,20] (30)   10478.7
[50,60]   [50,10,5] (0)   25274
[50,60]   [50,10,5] (5)   18190.3
[50,60]   [50,10,5] (10)   3033.53
[50,60]   [50,10,5] (15)   113.307
[50,60]   [50,10,5] (20)   106.252
[50,60]   [50,10,5] (25)   108.202
[50,60]   [50,10,5] (30)   111.208
[50,60]   [50,10,10] (0)   27026.2
[50,60]   [50,10,10] (5)   19835
[50,60]   [50,10,10] (10)   9276.01
[50,60]   [50,10,10] (15)   1905.35
[50,60]   [50,10,10] (20)   230.516
[50,60]   [50,10,10] (25)   230.063
[50,60]   [50,10,10] (30)   233.111
[50,60]   [50,10,15] (0)   27276.4
[50,60]   [50,10,15] (5)   13537.8
[50,60]   [50,10,15] (10)   6168.94
[50,60]   [50,10,15] (15)   217.233
[50,60]   [50,10,15] (20)   142.089
[50,60]   [50,10,15] (25)   139.312
[50,60]   [50,10,15] (30)   141.083
[50,60]   [50,10,20] (0)   29682.4
[50,60]   [50,10,20] (5)   15342.6
[50,60]   [50,10,20] (10)   4335.78
[50,60]   [50,10,20] (15)   2552.01
[50,60]   [50,10,20] (20)   282.813
[50,60]   [50,10,20] (25)   267.408
[50,60]   [50,10,20] (30)   216.291
[50,60]   [50,20,5] (0)   19394
[50,60]   [50,20,5] (5)   20401.6
[50,60]   [50,20,5] (10)   18060.4
[50,60]   [50,20,5] (15)   3687.16
[50,60]   [50,20,5] (20)   129.868
[50,60]   [50,20,5] (25)   119.049
[50,60]   [50,20,5] (30)   118.507
[50,60]   [50,20,10] (0)   19063.1
[50,60]   [50,20,10] (5)   19372.8
[50,60]   [50,20,10] (10)   17419.7
[50,60]   [50,20,10] (15)   7401.41
[50,60]   [50,20,10] (20)   448.072
[50,60]   [50,20,10] (25)   210.607
[50,60]   [50,20,10] (30)   231.029
[50,60]   [50,20,15] (0)   19232.1
[50,60]   [50,20,15] (5)   19069.3
[50,60]   [50,20,15] (10)   15428.5
[50,60]   [50,20,15] (15)   3612.18
[50,60]   [50,20,15] (20)   176.02
[50,60]   [50,20,15] (25)   150.984
[50,60]   [50,20,15] (30)   150.523
[50,60]   [50,20,20] (0)   19725.6
[50,60]   [50,20,20] (5)   19819.1
[50,60]   [50,20,20] (10)   14997.9
[50,60]   [50,20,20] (15)   1476.43
[50,60]   [50,20,20] (20)   317.052
[50,60]   [50,20,20] (25)   244.125
[50,60]   [50,20,20] (30)   254.905
[50,60]   [50,30,5] (0)   12817.9
[50,60]   [50,30,5] (5)   11186.2
[50,60]   [50,30,5] (10)   12266.2
[50,60]   [50,30,5] (15)   10740.1
[50,60]   [50,30,5] (20)   1550.35
[50,60]   [50,30,5] (25)   143.285
[50,60]   [50,30,5] (30)   131.091
[50,60]   [50,30,10] (0)   12417.7
[50,60]   [50,30,10] (5)   12172.2
[50,60]   [50,30,10] (10)   12193.1
[50,60]   [50,30,10] (15)   10811.1
[50,60]   [50,30,10] (20)   3593.89
[50,60]   [50,30,10] (25)   269.984
[50,60]   [50,30,10] (30)   235.97
[50,60]   [50,30,15] (0)   12532.1
[50,60]   [50,30,15] (5)   12863
[50,60]   [50,30,15] (10)   12946.2
[50,60]   [50,30,15] (15)   9370.4
[50,60]   [50,30,15] (20)   542.767
[50,60]   [50,30,15] (25)   171.672
[50,60]   [50,30,15] (30)   162.787
[50,60]   [50,30,20] (0)   12214.5
[50,60]   [50,30,20] (5)   12296.3
[50,60]   [50,30,20] (10)   13259.4
[50,60]   [50,30,20] (15)   9860.29
[50,60]   [50,30,20] (20)   305.011
[50,60]   [50,30,20] (25)   284.077
[50,60]   [50,30,20] (30)   263.831
[50,60]   [50,40,5] (0)   5799.24
[50,60]   [50,40,5] (5)   5939.17
[50,60]   [50,40,5] (10)   5721.87
[50,60]   [50,40,5] (15)   6094.35
[50,60]   [50,40,5] (20)   5111.02
[50,60]   [50,40,5] (25)   566.532
[50,60]   [50,40,5] (30)   161.704
[50,60]   [50,40,10] (0)   5994.72
[50,60]   [50,40,10] (5)   5955.71
[50,60]   [50,40,10] (10)   5516.23
[50,60]   [50,40,10] (15)   5565.24
[50,60]   [50,40,10] (20)   5145.04
[50,60]   [50,40,10] (25)   1047.44
[50,60]   [50,40,10] (30)   256.175
[50,60]   [50,40,15] (0)   5787
[50,60]   [50,40,15] (5)   5764.49
[50,60]   [50,40,15] (10)   5650.96
[50,60]   [50,40,15] (15)   5641.85
[50,60]   [50,40,15] (20)   5340.68
[50,60]   [50,40,15] (25)   234.88
[50,60]   [50,40,15] (30)   189.487
[50,60]   [50,40,20] (0)   5812.91
[50,60]   [50,40,20] (5)   6115.93
[50,60]   [50,40,20] (10)   5715.15
[50,60]   [50,40,20] (15)   5736.42
[50,60]   [50,40,20] (20)   4555.66
[50,60]   [50,40,20] (25)   329.27
[50,60]   [50,40,20] (30)   290.602
[50,60]   [50,50,5] (0)   730.342
[50,60]   [50,50,5] (5)   738.969
[50,60]   [50,50,5] (10)   807.469
[50,60]   [50,50,5] (15)   780.979
[50,60]   [50,50,5] (20)   732.943
[50,60]   [50,50,5] (25)   613.939
[50,60]   [50,50,5] (30)   283.703
[50,60]   [50,50,10] (0)   693.166
[50,60]   [50,50,10] (5)   760.495
[50,60]   [50,50,10] (10)   734.075
[50,60]   [50,50,10] (15)   734.646
[50,60]   [50,50,10] (20)   658.289
[50,60]   [50,50,10] (25)   781.38
[50,60]   [50,50,10] (30)   637.594
[50,60]   [50,50,15] (0)   704.521
[50,60]   [50,50,15] (5)   673.764
[50,60]   [50,50,15] (10)   683.087
[50,60]   [50,50,15] (15)   738.04
[50,60]   [50,50,15] (20)   732.644
[50,60]   [50,50,15] (25)   716.137
[50,60]   [50,50,15] (30)   498.392
[50,60]   [50,50,20] (0)   677.031
[50,60]   [50,50,20] (5)   737.812
[50,60]   [50,50,20] (10)   834.647
[50,60]   [50,50,20] (15)   737.252
[50,60]   [50,50,20] (20)   680.825
[50,60]   [50,50,20] (25)   701.842
[50,60]   [50,50,20] (30)   682.959
[50,60]   [50,60,5] (0)   10641.5
[50,60]   [50,60,5] (5)   10714.2
[50,60]   [50,60,5] (10)   10545.1
[50,60]   [50,60,5] (15)   10579.4
[50,60]   [50,60,5] (20)   10606.8
[50,60]   [50,60,5] (25)   10728.4
[50,60]   [50,60,5] (30)   10649.5
[50,60]   [50,60,10] (0)   10681.8
[50,60]   [50,60,10] (5)   10627.2
[50,60]   [50,60,10] (10)   10809.2
[50,60]   [50,60,10] (15)   10722.5
[50,60]   [50,60,10] (20)   10428.8
[50,60]   [50,60,10] (25)   10382.9
[50,60]   [50,60,10] (30)   10729.3
[50,60]   [50,60,15] (0)   10610.7
[50,60]   [50,60,15] (5)   10538.5
[50,60]   [50,60,15] (10)   10615.4
[50,60]   [50,60,15] (15)   10682.3
[50,60]   [50,60,15] (20)   10810.7
[50,60]   [50,60,15] (25)   10980.4
[50,60]   [50,60,15] (30)   10865.6
[50,60]   [50,60,20] (0)   10635.9
[50,60]   [50,60,20] (5)   10543.3
[50,60]   [50,60,20] (10)   10500.5
[50,60]   [50,60,20] (15)   10942.5
[50,60]   [50,60,20] (20)   10610
[50,60]   [50,60,20] (25)   10576.1
[50,60]   [50,60,20] (30)   10484.1
[50,60]   [60,10,5] (0)   32279.9
[50,60]   [60,10,5] (5)   22224.8
[50,60]   [60,10,5] (10)   5982.71
[50,60]   [60,10,5] (15)   132.886
[50,60]   [60,10,5] (20)   111.867
[50,60]   [60,10,5] (25)   111.935
[50,60]   [60,10,5] (30)   115.119
[50,60]   [60,10,10] (0)   31741.6
[50,60]   [60,10,10] (5)   25454.8
[50,60]   [60,10,10] (10)   13612.7
[50,60]   [60,10,10] (15)   5779.76
[50,60]   [60,10,10] (20)   590.1
[50,60]   [60,10,10] (25)   312.021
[50,60]   [60,10,10] (30)   268.729
[50,60]   [60,10,15] (0)   33308.1
[50,60]   [60,10,15] (5)   20555.7
[50,60]   [60,10,15] (10)   10238.8
[50,60]   [60,10,15] (15)   3322.67
[50,60]   [60,10,15] (20)   162.887
[50,60]   [60,10,15] (25)   146.639
[50,60]   [60,10,15] (30)   146.38
[50,60]   [60,10,20] (0)   35211.2
[50,60]   [60,10,20] (5)   21921.8
[50,60]   [60,10,20] (10)   8834.81
[50,60]   [60,10,20] (15)   7181.88
[50,60]   [60,10,20] (20)   317.725
[50,60]   [60,10,20] (25)   524.008
[50,60]   [60,10,20] (30)   428.936
[50,60]   [60,20,5] (0)   25391
[50,60]   [60,20,5] (5)   25189.1
[50,60]   [60,20,5] (10)   21159.8
[50,60]   [60,20,5] (15)   7403.62
[50,60]   [60,20,5] (20)   150.518
[50,60]   [60,20,5] (25)   125.573
[50,60]   [60,20,5] (30)   122.792
[50,60]   [60,20,10] (0)   25982.6
[50,60]   [60,20,10] (5)   21525.3
[50,60]   [60,20,10] (10)   22516.5
[50,60]   [60,20,10] (15)   12180.9
[50,60]   [60,20,10] (20)   4499.81
[50,60]   [60,20,10] (25)   447.208
[50,60]   [60,20,10] (30)   308.717
[50,60]   [60,20,15] (0)   24763.5
[50,60]   [60,20,15] (5)   24856.7
[50,60]   [60,20,15] (10)   21039.7
[50,60]   [60,20,15] (15)   7557.79
[50,60]   [60,20,15] (20)   2364.73
[50,60]   [60,20,15] (25)   159.342
[50,60]   [60,20,15] (30)   157.167
[50,60]   [60,20,20] (0)   24920.8
[50,60]   [60,20,20] (5)   24322.6
[50,60]   [60,20,20] (10)   22240.5
[50,60]   [60,20,20] (15)   6637.99
[50,60]   [60,20,20] (20)   3551.5
[50,60]   [60,20,20] (25)   409.02
[50,60]   [60,20,20] (30)   373.085
[50,60]   [60,30,5] (0)   17548.6
[50,60]   [60,30,5] (5)   18590.6
[50,60]   [60,30,5] (10)   17651.3
[50,60]   [60,30,5] (15)   16050.4
[50,60]   [60,30,5] (20)   5430.19
[50,60]   [60,30,5] (25)   156.402
[50,60]   [60,30,5] (30)   136.786
[50,60]   [60,30,10] (0)   17432.4
[50,60]   [60,30,10] (5)   17501.1
[50,60]   [60,30,10] (10)   17861.7
[50,60]   [60,30,10] (15)   17403.9
[50,60]   [60,30,10] (20)   8556.51
[50,60]   [60,30,10] (25)   1680.16
[50,60]   [60,30,10] (30)   412.354
[50,60]   [60,30,15] (0)   18368.4
[50,60]   [60,30,15] (5)   18141.4
[50,60]   [60,30,15] (10)   18423.3
[50,60]   [60,30,15] (15)   14962.3
[50,60]   [60,30,15] (20)   4834.83
[50,60]   [60,30,15] (25)   230.083
[50,60]   [60,30,15] (30)   170.308
[50,60]   [60,30,20] (0)   17763.4
[50,60]   [60,30,20] (5)   19116.6
[50,60]   [60,30,20] (10)   19621.6
[50,60]   [60,30,20] (15)   16000.4
[50,60]   [60,30,20] (20)   3937.19
[50,60]   [60,30,20] (25)   400.957
[50,60]   [60,30,20] (30)   380.686
[50,60]   [60,40,5] (0)   9898.53
[50,60]   [60,40,5] (5)   10867.1
[50,60]   [60,40,5] (10)   11666.5
[50,60]   [60,40,5] (15)   10073.7
[50,60]   [60,40,5] (20)   10875.4
[50,60]   [60,40,5] (25)   4409.62
[50,60]   [60,40,5] (30)   178.567
[50,60]   [60,40,10] (0)   11667.5
[50,60]   [60,40,10] (5)   12254.9
[50,60]   [60,40,10] (10)   11361.1
[50,60]   [60,40,10] (15)   10598.8
[50,60]   [60,40,10] (20)   10738.1
[50,60]   [60,40,10] (25)   5682.68
[50,60]   [60,40,10] (30)   577.046
[50,60]   [60,40,15] (0)   11278.8
[50,60]   [60,40,15] (5)   11643.2
[50,60]   [60,40,15] (10)   11303.5
[50,60]   [60,40,15] (15)   11007.6
[50,60]   [60,40,15] (20)   10764.6
[50,60]   [60,40,15] (25)   4081.2
[50,60]   [60,40,15] (30)   211.029
[50,60]   [60,40,20] (0)   11302
[50,60]   [60,40,20] (5)   11662.5
[50,60]   [60,40,20] (10)   10790.8
[50,60]   [60,40,20] (15)   11484.6
[50,60]   [60,40,20] (20)   10504.2
[50,60]   [60,40,20] (25)   2900.55
[50,60]   [60,40,20] (30)   393.526
[50,60]   [60,50,5] (0)   11118.1
[50,60]   [60,50,5] (5)   11095.3
[50,60]   [60,50,5] (10)   10784
[50,60]   [60,50,5] (15)   11129.8
[50,60]   [60,50,5] (20)   11002.9
[50,60]   [60,50,5] (25)   5697.44
[50,60]   [60,50,5] (30)   2617.34
[50,60]   [60,50,10] (0)   10923.6
[50,60]   [60,50,10] (5)   11390.5
[50,60]   [60,50,10] (10)   11169.6
[50,60]   [60,50,10] (15)   11478.8
[50,60]   [60,50,10] (20)   11542.7
[50,60]   [60,50,10] (25)   5430.25
[50,60]   [60,50,10] (30)   2934.8
[50,60]   [60,50,15] (0)   11027.5
[50,60]   [60,50,15] (5)   11003.3
[50,60]   [60,50,15] (10)   11250
[50,60]   [60,50,15] (15)   10878.1
[50,60]   [60,50,15] (20)   10503.3
[50,60]   [60,50,15] (25)   5348.03
[50,60]   [60,50,15] (30)   1273.47
[50,60]   [60,50,20] (0)   11059.2
[50,60]   [60,50,20] (5)   10972.6
[50,60]   [60,50,20] (10)   11005.3
[50,60]   [60,50,20] (15)   11302
[50,60]   [60,50,20] (20)   10288.3
[50,60]   [60,50,20] (25)   5531.8
[50,60]   [60,50,20] (30)   1246.47
[50,60]   [60,60,5] (0)   1218.54
[50,60]   [60,60,5] (5)   1158.91
[50,60]   [60,60,5] (10)   1383.76
[50,60]   [60,60,5] (15)   1217.26
[50,60]   [60,60,5] (20)   1265.42
[50,60]   [60,60,5] (25)   1175.3
[50,60]   [60,60,5] (30)   1076.96
[50,60]   [60,60,10] (0)   1265.12
[50,60]   [60,60,10] (5)   1179.59
[50,60]   [60,60,10] (10)   1262.85
[50,60]   [60,60,10] (15)   1189.9
[50,60]   [60,60,10] (20)   1399.72
[50,60]   [60,60,10] (25)   1163.36
[50,60]   [60,60,10] (30)   1340.62
[50,60]   [60,60,15] (0)   1185.31
[50,60]   [60,60,15] (5)   1266.9
[50,60]   [60,60,15] (10)   1275.44
[50,60]   [60,60,15] (15)   1222.87
[50,60]   [60,60,15] (20)   1437.02
[50,60]   [60,60,15] (25)   1270.35
[50,60]   [60,60,15] (30)   1122.79
[50,60]   [60,60,20] (0)   1305.27
[50,60]   [60,60,20] (5)   1312.79
[50,60]   [60,60,20] (10)   1310.92
[50,60]   [60,60,20] (15)   1302.85
[50,60]   [60,60,20] (20)   1244.94
[50,60]   [60,60,20] (25)   1315.13
[50,60]   [60,60,20] (30)   1265.96
