[100,60]   [10,10,5] (0)   104.052
[100,60]   [10,10,5] (5)   79.3172
[100,60]   [10,10,5] (10)   73.3375
[100,60]   [10,10,5] (15)   83.4939
[100,60]   [10,10,5] (20)   93.1847
[100,60]   [10,10,5] (25)   102.89
[100,60]   [10,10,5] (30)   112.55
[100,60]   [10,10,10] (0)   107.628
[100,60]   [10,10,10] (5)   89.037
[100,60]   [10,10,10] (10)   92.6419
[100,60]   [10,10,10] (15)   101.582
[100,60]   [10,10,10] (20)   110.538
[100,60]   [10,10,10] (25)   118.987
[100,60]   [10,10,10] (30)   128.068
[100,60]   [10,10,15] (0)   107.099
[100,60]   [10,10,15] (5)   90.8493
[100,60]   [10,10,15] (10)   97.0038
[100,60]   [10,10,15] (15)   105.716
[100,60]   [10,10,15] (20)   114.474
[100,60]   [10,10,15] (25)   123.247
[100,60]   [10,10,15] (30)   132.12
[100,60]   [10,10,20] (0)   102.973
[100,60]   [10,10,20] (5)   98.5433
[100,60]   [10,10,20] (10)   105.492
[100,60]   [10,10,20] (15)   114.208
[100,60]   [10,10,20] (20)   122.326
[100,60]   [10,10,20] (25)   131.224
[100,60]   [10,10,20] (30)   139.458
[100,60]   [10,20,5] (0)   8561.03
[100,60]   [10,20,5] (5)   8512.78
[100,60]   [10,20,5] (10)   8599.2
[100,60]   [10,20,5] (15)   8587.07
[100,60]   [10,20,5] (20)   8680.13
[100,60]   [10,20,5] (25)   8063.69
[100,60]   [10,20,5] (30)   8207.95
[100,60]   [10,20,10] (0)   8546.4
[100,60]   [10,20,10] (5)   8590.09
[100,60]   [10,20,10] (10)   8709.38
[100,60]   [10,20,10] (15)   8650.94
[100,60]   [10,20,10] (20)   8546.21
[100,60]   [10,20,10] (25)   8758.03
[100,60]   [10,20,10] (30)   8618.02
[100,60]   [10,20,15] (0)   8598.93
[100,60]   [10,20,15] (5)   8560.82
[100,60]   [10,20,15] (10)   8693.32
[100,60]   [10,20,15] (15)   8660.55
[100,60]   [10,20,15] (20)   8484.84
[100,60]   [10,20,15] (25)   7733.15
[100,60]   [10,20,15] (30)   7134.41
[100,60]   [10,20,20] (0)   8677.25
[100,60]   [10,20,20] (5)   8580.47
[100,60]   [10,20,20] (10)   8648.1
[100,60]   [10,20,20] (15)   8627.06
[100,60]   [10,20,20] (20)   8617.38
[100,60]   [10,20,20] (25)   8768.1
[100,60]   [10,20,20] (30)   8612.99
[100,60]   [10,30,5] (0)   18655
[100,60]   [10,30,5] (5)   18505.8
[100,60]   [10,30,5] (10)   18491.2
[100,60]   [10,30,5] (15)   18492.6
[100,60]   [10,30,5] (20)   18434.6
[100,60]   [10,30,5] (25)   18434
[100,60]   [10,30,5] (30)   17978.4
[100,60]   [10,30,10] (0)   18562.6
[100,60]   [10,30,10] (5)   18607
[100,60]   [10,30,10] (10)   18592.4
[100,60]   [10,30,10] (15)   18628.8
[100,60]   [10,30,10] (20)   18590.8
[100,60]   [10,30,10] (25)   18447.4
[100,60]   [10,30,10] (30)   18597.5
[100,60]   [10,30,15] (0)   18548.6
[100,60]   [10,30,15] (5)   18531.3
[100,60]   [10,30,15] (10)   18600.8
[100,60]   [10,30,15] (15)   18347.3
[100,60]   [10,30,15] (20)   18523.1
[100,60]   [10,30,15] (25)   18410.7
[100,60]   [10,30,15] (30)   17483.5
[100,60]   [10,30,20] (0)   18583.3
[100,60]   [10,30,20] (5)   18516.1
[100,60]   [10,30,20] (10)   18435.9
[100,60]   [10,30,20] (15)   18564.3
[100,60]   [10,30,20] (20)   18419.1
[100,60]   [10,30,20] (25)   18500.3
[100,60]   [10,30,20] (30)   18574.8
[100,60]   [10,40,5] (0)   28499.1
[100,60]   [10,40,5] (5)   28289.1
[100,60]   [10,40,5] (10)   28465
[100,60]   [10,40,5] (15)   28379.1
[100,60]   [10,40,5] (20)   28441.5
[100,60]   [10,40,5] (25)   28442.9
[100,60]   [10,40,5] (30)   28464.6
[100,60]   [10,40,10] (0)   28334.4
[100,60]   [10,40,10] (5)   28429.9
[100,60]   [10,40,10] (10)   28480.9
[100,60]   [10,40,10] (15)   28414
[100,60]   [10,40,10] (20)   28494.7
[100,60]   [10,40,10] (25)   28420.5
[100,60]   [10,40,10] (30)   28474.3
[100,60]   [10,40,15] (0)   28401.5
[100,60]   [10,40,15] (5)   28436.7
[100,60]   [10,40,15] (10)   28315.4
[100,60]   [10,40,15] (15)   28446.4
[100,60]   [10,40,15] (20)   28402
[100,60]   [10,40,15] (25)   28461.3
[100,60]   [10,40,15] (30)   28450.2
[100,60]   [10,40,20] (0)   28451.8
[100,60]   [10,40,20] (5)   28479.9
[100,60]   [10,40,20] (10)   28389.7
[100,60]   [10,40,20] (15)   28433.3
[100,60]   [10,40,20] (20)   28439.9
[100,60]   [10,40,20] (25)   28440.7
[100,60]   [10,40,20] (30)   28444.6
[100,60]   [10,50,5] (0)   36564.4
[100,60]   [10,50,5] (5)   36588
[100,60]   [10,50,5] (10)   36597.3
[100,60]   [10,50,5] (15)   36563.2
[100,60]   [10,50,5] (20)   36519.3
[100,60]   [10,50,5] (25)   36525.7
[100,60]   [10,50,5] (30)   36521
[100,60]   [10,50,10] (0)   36582.1
[100,60]   [10,50,10] (5)   36569.7
[100,60]   [10,50,10] (10)   36515.6
[100,60]   [10,50,10] (15)   36521.2
[100,60]   [10,50,10] (20)   36517.3
[100,60]   [10,50,10] (25)   36591.7
[100,60]   [10,50,10] (30)   36499.9
[100,60]   [10,50,15] (0)   36559.3
[100,60]   [10,50,15] (5)   36554.8
[100,60]   [10,50,15] (10)   36592.6
[100,60]   [10,50,15] (15)   36545.3
[100,60]   [10,50,15] (20)   36527.5
[100,60]   [10,50,15] (25)   36568.7
[100,60]   [10,50,15] (30)   36643.5
[100,60]   [10,50,20] (0)   36516.7
[100,60]   [10,50,20] (5)   36537.6
[100,60]   [10,50,20] (10)   36547.3
[100,60]   [10,50,20] (15)   36514
[100,60]   [10,50,20] (20)   36384.6
[100,60]   [10,50,20] (25)   36563.6
[100,60]   [10,50,20] (30)   36357.1
[100,60]   [10,60,5] (0)   44217.6
[100,60]   [10,60,5] (5)   44180.1
[100,60]   [10,60,5] (10)   44169.5
[100,60]   [10,60,5] (15)   44251.5
[100,60]   [10,60,5] (20)   44158.2
[100,60]   [10,60,5] (25)   44198.8
[100,60]   [10,60,5] (30)   44154.1
[100,60]   [10,60,10] (0)   44214.3
[100,60]   [10,60,10] (5)   44153
[100,60]   [10,60,10] (10)   44241.8
[100,60]   [10,60,10] (15)   44230.5
[100,60]   [10,60,10] (20)   44220.5
[100,60]   [10,60,10] (25)   44254.2
[100,60]   [10,60,10] (30)   44147.5
[100,60]   [10,60,15] (0)   44218.7
[100,60]   [10,60,15] (5)   44187.5
[100,60]   [10,60,15] (10)   44180.8
[100,60]   [10,60,15] (15)   44227.2
[100,60]   [10,60,15] (20)   44260.2
[100,60]   [10,60,15] (25)   44231.5
[100,60]   [10,60,15] (30)   44228
[100,60]   [10,60,20] (0)   44133.8
[100,60]   [10,60,20] (5)   44165
[100,60]   [10,60,20] (10)   44231.6
[100,60]   [10,60,20] (15)   44209.5
[100,60]   [10,60,20] (20)   44195.7
[100,60]   [10,60,20] (25)   44162.1
[100,60]   [10,60,20] (30)   44198.1
[100,60]   [20,10,5] (0)   7853.4
[100,60]   [20,10,5] (5)   2039.23
[100,60]   [20,10,5] (10)   77.7663
[100,60]   [20,10,5] (15)   77.1253
[100,60]   [20,10,5] (20)   86.5045
[100,60]   [20,10,5] (25)   96.1279
[100,60]   [20,10,5] (30)   105.907
[100,60]   [20,10,10] (0)   7784
[100,60]   [20,10,10] (5)   1692.96
[100,60]   [20,10,10] (10)   99.4801
[100,60]   [20,10,10] (15)   101.455
[100,60]   [20,10,10] (20)   109.054
[100,60]   [20,10,10] (25)   117.521
[100,60]   [20,10,10] (30)   125.79
[100,60]   [20,10,15] (0)   7836.17
[100,60]   [20,10,15] (5)   137.811
[100,60]   [20,10,15] (10)   103.024
[100,60]   [20,10,15] (15)   108.892
[100,60]   [20,10,15] (20)   116.228
[100,60]   [20,10,15] (25)   124.356
[100,60]   [20,10,15] (30)   132.818
[100,60]   [20,10,20] (0)   7832.92
[100,60]   [20,10,20] (5)   155.997
[100,60]   [20,10,20] (10)   116.506
[100,60]   [20,10,20] (15)   121.892
[100,60]   [20,10,20] (20)   129.641
[100,60]   [20,10,20] (25)   137.449
[100,60]   [20,10,20] (30)   144.976
[100,60]   [20,20,5] (0)   153.204
[100,60]   [20,20,5] (5)   154.578
[100,60]   [20,20,5] (10)   133.093
[100,60]   [20,20,5] (15)   117.371
[100,60]   [20,20,5] (20)   123.928
[100,60]   [20,20,5] (25)   131.234
[100,60]   [20,20,5] (30)   140.306
[100,60]   [20,20,10] (0)   154.186
[100,60]   [20,20,10] (5)   153.217
[100,60]   [20,20,10] (10)   138.007
[100,60]   [20,20,10] (15)   133.546
[100,60]   [20,20,10] (20)   140.73
[100,60]   [20,20,10] (25)   148.471
[100,60]   [20,20,10] (30)   156.401
[100,60]   [20,20,15] (0)   152.324
[100,60]   [20,20,15] (5)   152.237
[100,60]   [20,20,15] (10)   133.672
[100,60]   [20,20,15] (15)   135.198
[100,60]   [20,20,15] (20)   142.433
[100,60]   [20,20,15] (25)   150.571
[100,60]   [20,20,15] (30)   158.077
[100,60]   [20,20,20] (0)   153.099
[100,60]   [20,20,20] (5)   152.907
[100,60]   [20,20,20] (10)   144.277
[100,60]   [20,20,20] (15)   148.201
[100,60]   [20,20,20] (20)   156.347
[100,60]   [20,20,20] (25)   163.182
[100,60]   [20,20,20] (30)   171.491
[100,60]   [20,30,5] (0)   6446.97
[100,60]   [20,30,5] (5)   6475.81
[100,60]   [20,30,5] (10)   6457.67
[100,60]   [20,30,5] (15)   6332.66
[100,60]   [20,30,5] (20)   6460.86
[100,60]   [20,30,5] (25)   6496.38
[100,60]   [20,30,5] (30)   5370.78
[100,60]   [20,30,10] (0)   6524.5
[100,60]   [20,30,10] (5)   6509.17
[100,60]   [20,30,10] (10)   6477.45
[100,60]   [20,30,10] (15)   6481.55
[100,60]   [20,30,10] (20)   6506.12
[100,60]   [20,30,10] (25)   6342.11
[100,60]   [20,30,10] (30)   6553.72
[100,60]   [20,30,15] (0)   6468.2
[100,60]   [20,30,15] (5)   6487.04
[100,60]   [20,30,15] (10)   6403.05
[100,60]   [20,30,15] (15)   6470.11
[100,60]   [20,30,15] (20)   6359.97
[100,60]   [20,30,15] (25)   6470.26
[100,60]   [20,30,15] (30)   5582.45
[100,60]   [20,30,20] (0)   6519.85
[100,60]   [20,30,20] (5)   6358.53
[100,60]   [20,30,20] (10)   6485.17
[100,60]   [20,30,20] (15)   6567.47
[100,60]   [20,30,20] (20)   6460.54
[100,60]   [20,30,20] (25)   6618.99
[100,60]   [20,30,20] (30)   6559.71
[100,60]   [20,40,5] (0)   19009.9
[100,60]   [20,40,5] (5)   18942.6
[100,60]   [20,40,5] (10)   19005.6
[100,60]   [20,40,5] (15)   19024.4
[100,60]   [20,40,5] (20)   19250.8
[100,60]   [20,40,5] (25)   19117
[100,60]   [20,40,5] (30)   19302.1
[100,60]   [20,40,10] (0)   19243.5
[100,60]   [20,40,10] (5)   19099.3
[100,60]   [20,40,10] (10)   19305.8
[100,60]   [20,40,10] (15)   19154.1
[100,60]   [20,40,10] (20)   19108.9
[100,60]   [20,40,10] (25)   19203.2
[100,60]   [20,40,10] (30)   19089.1
[100,60]   [20,40,15] (0)   19082.1
[100,60]   [20,40,15] (5)   19231.8
[100,60]   [20,40,15] (10)   19174.5
[100,60]   [20,40,15] (15)   19117.7
[100,60]   [20,40,15] (20)   19063.2
[100,60]   [20,40,15] (25)   19113.8
[100,60]   [20,40,15] (30)   18923.2
[100,60]   [20,40,20] (0)   19196.3
[100,60]   [20,40,20] (5)   19051.6
[100,60]   [20,40,20] (10)   19142.5
[100,60]   [20,40,20] (15)   19130.1
[100,60]   [20,40,20] (20)   19036.4
[100,60]   [20,40,20] (25)   19081
[100,60]   [20,40,20] (30)   19250
[100,60]   [20,50,5] (0)   24448.5
[100,60]   [20,50,5] (5)   24590.3
[100,60]   [20,50,5] (10)   24525.6
[100,60]   [20,50,5] (15)   24663.8
[100,60]   [20,50,5] (20)   24620.2
[100,60]   [20,50,5] (25)   24713.4
[100,60]   [20,50,5] (30)   24662.9
[100,60]   [20,50,10] (0)   24357.2
[100,60]   [20,50,10] (5)   24578.4
[100,60]   [20,50,10] (10)   24679.5
[100,60]   [20,50,10] (15)   24344
[100,60]   [20,50,10] (20)   24594.9
[100,60]   [20,50,10] (25)   24530.1
[100,60]   [20,50,10] (30)   24591.9
[100,60]   [20,50,15] (0)   24790.2
[100,60]   [20,50,15] (5)   24510.5
[100,60]   [20,50,15] (10)   24602
[100,60]   [20,50,15] (15)   24368
[100,60]   [20,50,15] (20)   24437.1
[100,60]   [20,50,15] (25)   24459.2
[100,60]   [20,50,15] (30)   24647.3
[100,60]   [20,50,20] (0)   24565.5
[100,60]   [20,50,20] (5)   24483.4
[100,60]   [20,50,20] (10)   24774.7
[100,60]   [20,50,20] (15)   24527.5
[100,60]   [20,50,20] (20)   24573.2
[100,60]   [20,50,20] (25)   24535.1
[100,60]   [20,50,20] (30)   24618.1
[100,60]   [20,60,5] (0)   45755.5
[100,60]   [20,60,5] (5)   45582.3
[100,60]   [20,60,5] (10)   45732.7
[100,60]   [20,60,5] (15)   45590.7
[100,60]   [20,60,5] (20)   45661.1
[100,60]   [20,60,5] (25)   45652.7
[100,60]   [20,60,5] (30)   45740.3
[100,60]   [20,60,10] (0)   45765.4
[100,60]   [20,60,10] (5)   45652.1
[100,60]   [20,60,10] (10)   45482.8
[100,60]   [20,60,10] (15)   45741.8
[100,60]   [20,60,10] (20)   45737.2
[100,60]   [20,60,10] (25)   45651.5
[100,60]   [20,60,10] (30)   45771.4
[100,60]   [20,60,15] (0)   45641.7
[100,60]   [20,60,15] (5)   45708.4
[100,60]   [20,60,15] (10)   45699.2
[100,60]   [20,60,15] (15)   45713.7
[100,60]   [20,60,15] (20)   45681.4
[100,60]   [20,60,15] (25)   45727.3
[100,60]   [20,60,15] (30)   45714.8
[100,60]   [20,60,20] (0)   45640.8
[100,60]   [20,60,20] (5)   45778.6
[100,60]   [20,60,20] (10)   45655
[100,60]   [20,60,20] (15)   45693.2
[100,60]   [20,60,20] (20)   45698.1
[100,60]   [20,60,20] (25)   45733.6
[100,60]   [20,60,20] (30)   45740.7
[100,60]   [30,10,5] (0)   14907.8
[100,60]   [30,10,5] (5)   8126.92
[100,60]   [30,10,5] (10)   97.6239
[100,60]   [30,10,5] (15)   85.1932
[100,60]   [30,10,5] (20)   86.9473
[100,60]   [30,10,5] (25)   93.3817
[100,60]   [30,10,5] (30)   103.251
[100,60]   [30,10,10] (0)   14962.2
[100,60]   [30,10,10] (5)   8084.4
[100,60]   [30,10,10] (10)   135.372
[100,60]   [30,10,10] (15)   108.854
[100,60]   [30,10,10] (20)   108.536
[100,60]   [30,10,10] (25)   115.208
[100,60]   [30,10,10] (30)   123.052
[100,60]   [30,10,15] (0)   14918.1
[100,60]   [30,10,15] (5)   4348.54
[100,60]   [30,10,15] (10)   118.359
[100,60]   [30,10,15] (15)   115.9
[100,60]   [30,10,15] (20)   117.714
[100,60]   [30,10,15] (25)   125.046
[100,60]   [30,10,15] (30)   133.03
[100,60]   [30,10,20] (0)   14922.3
[100,60]   [30,10,20] (5)   3354.67
[100,60]   [30,10,20] (10)   123.556
[100,60]   [30,10,20] (15)   125.092
[100,60]   [30,10,20] (20)   132.069
[100,60]   [30,10,20] (25)   138.755
[100,60]   [30,10,20] (30)   147.03
[100,60]   [30,20,5] (0)   6791.26
[100,60]   [30,20,5] (5)   6778.95
[100,60]   [30,20,5] (10)   4544.92
[100,60]   [30,20,5] (15)   125.029
[100,60]   [30,20,5] (20)   106.447
[100,60]   [30,20,5] (25)   108.996
[100,60]   [30,20,5] (30)   117.839
[100,60]   [30,20,10] (0)   6773.99
[100,60]   [30,20,10] (5)   6760.22
[100,60]   [30,20,10] (10)   4888.38
[100,60]   [30,20,10] (15)   138.336
[100,60]   [30,20,10] (20)   129.223
[100,60]   [30,20,10] (25)   133.035
[100,60]   [30,20,10] (30)   141.129
[100,60]   [30,20,15] (0)   6748.04
[100,60]   [30,20,15] (5)   6738.16
[100,60]   [30,20,15] (10)   3306.19
[100,60]   [30,20,15] (15)   136.574
[100,60]   [30,20,15] (20)   135.034
[100,60]   [30,20,15] (25)   140.305
[100,60]   [30,20,15] (30)   148.267
[100,60]   [30,20,20] (0)   6805.74
[100,60]   [30,20,20] (5)   6764.96
[100,60]   [30,20,20] (10)   3574.22
[100,60]   [30,20,20] (15)   146.387
[100,60]   [30,20,20] (20)   147.201
[100,60]   [30,20,20] (25)   153.442
[100,60]   [30,20,20] (30)   161.513
[100,60]   [30,30,5] (0)   182.02
[100,60]   [30,30,5] (5)   177.293
[100,60]   [30,30,5] (10)   179.58
[100,60]   [30,30,5] (15)   172.713
[100,60]   [30,30,5] (20)   145.623
[100,60]   [30,30,5] (25)   141.725
[100,60]   [30,30,5] (30)   149.651
[100,60]   [30,30,10] (0)   180.634
[100,60]   [30,30,10] (5)   180.868
[100,60]   [30,30,10] (10)   177.603
[100,60]   [30,30,10] (15)   173.176
[100,60]   [30,30,10] (20)   158.645
[100,60]   [30,30,10] (25)   161.72
[100,60]   [30,30,10] (30)   168.81
[100,60]   [30,30,15] (0)   178.725
[100,60]   [30,30,15] (5)   180.406
[100,60]   [30,30,15] (10)   179.494
[100,60]   [30,30,15] (15)   170.514
[100,60]   [30,30,15] (20)   160.193
[100,60]   [30,30,15] (25)   164.761
[100,60]   [30,30,15] (30)   172.977
[100,60]   [30,30,20] (0)   177.536
[100,60]   [30,30,20] (5)   178.515
[100,60]   [30,30,20] (10)   180.621
[100,60]   [30,30,20] (15)   170.919
[100,60]   [30,30,20] (20)   167.891
[100,60]   [30,30,20] (25)   173.763
[100,60]   [30,30,20] (30)   181.601
[100,60]   [30,40,5] (0)   4472.49
[100,60]   [30,40,5] (5)   4558.94
[100,60]   [30,40,5] (10)   4661.88
[100,60]   [30,40,5] (15)   4524.99
[100,60]   [30,40,5] (20)   4546.4
[100,60]   [30,40,5] (25)   4571.45
[100,60]   [30,40,5] (30)   4489.57
[100,60]   [30,40,10] (0)   4535.39
[100,60]   [30,40,10] (5)   4482.62
[100,60]   [30,40,10] (10)   4536.05
[100,60]   [30,40,10] (15)   4481.32
[100,60]   [30,40,10] (20)   4421.37
[100,60]   [30,40,10] (25)   4411.88
[100,60]   [30,40,10] (30)   4531.72
[100,60]   [30,40,15] (0)   4506.67
[100,60]   [30,40,15] (5)   4641.02
[100,60]   [30,40,15] (10)   4573.95
[100,60]   [30,40,15] (15)   4457.66
[100,60]   [30,40,15] (20)   4539.94
[100,60]   [30,40,15] (25)   4412.75
[100,60]   [30,40,15] (30)   4420.53
[100,60]   [30,40,20] (0)   4543.54
[100,60]   [30,40,20] (5)   4525.58
[100,60]   [30,40,20] (10)   4517.1
[100,60]   [30,40,20] (15)   4380.34
[100,60]   [30,40,20] (20)   4623.77
[100,60]   [30,40,20] (25)   4563.09
[100,60]   [30,40,20] (30)   4510.11
[100,60]   [30,50,5] (0)   13831
[100,60]   [30,50,5] (5)   14072.6
[100,60]   [30,50,5] (10)   13819
[100,60]   [30,50,5] (15)   13950.5
[100,60]   [30,50,5] (20)   13928.7
[100,60]   [30,50,5] (25)   14004.9
[100,60]   [30,50,5] (30)   13796.8
[100,60]   [30,50,10] (0)   13889.7
[100,60]   [30,50,10] (5)   14268
[100,60]   [30,50,10] (10)   14093.1
[100,60]   [30,50,10] (15)   13835.7
[100,60]   [30,50,10] (20)   13987.9
[100,60]   [30,50,10] (25)   13996.7
[100,60]   [30,50,10] (30)   14065.3
[100,60]   [30,50,15] (0)   13787.7
[100,60]   [30,50,15] (5)   14011.5
[100,60]   [30,50,15] (10)   14003
[100,60]   [30,50,15] (15)   13919.8
[100,60]   [30,50,15] (20)   13969.8
[100,60]   [30,50,15] (25)   13882.8
[100,60]   [30,50,15] (30)   13974.8
[100,60]   [30,50,20] (0)   13869.9
[100,60]   [30,50,20] (5)   14031
[100,60]   [30,50,20] (10)   14028.8
[100,60]   [30,50,20] (15)   13765.9
[100,60]   [30,50,20] (20)   13782.8
[100,60]   [30,50,20] (25)   14078.2
[100,60]   [30,50,20] (30)   14072.5
[100,60]   [30,60,5] (0)   20956.9
[100,60]   [30,60,5] (5)   20886.4
[100,60]   [30,60,5] (10)   20937
[100,60]   [30,60,5] (15)   20989.1
[100,60]   [30,60,5] (20)   20737.4
[100,60]   [30,60,5] (25)   20832.6
[100,60]   [30,60,5] (30)   20739.2
[100,60]   [30,60,10] (0)   21029.1
[100,60]   [30,60,10] (5)   20847.6
[100,60]   [30,60,10] (10)   20840.7
[100,60]   [30,60,10] (15)   20935.1
[100,60]   [30,60,10] (20)   20845.1
[100,60]   [30,60,10] (25)   20807.3
[100,60]   [30,60,10] (30)   20802.6
[100,60]   [30,60,15] (0)   20603.9
[100,60]   [30,60,15] (5)   20652.7
[100,60]   [30,60,15] (10)   20857
[100,60]   [30,60,15] (15)   21149.3
[100,60]   [30,60,15] (20)   20889.8
[100,60]   [30,60,15] (25)   20921
[100,60]   [30,60,15] (30)   20849.9
[100,60]   [30,60,20] (0)   20810.1
[100,60]   [30,60,20] (5)   20895.6
[100,60]   [30,60,20] (10)   20954.2
[100,60]   [30,60,20] (15)   21096.7
[100,60]   [30,60,20] (20)   20865.1
[100,60]   [30,60,20] (25)   21163.9
[100,60]   [30,60,20] (30)   21117.1
[100,60]   [40,10,5] (0)   21290.6
[100,60]   [40,10,5] (5)   13027.5
[100,60]   [40,10,5] (10)   187.053
[100,60]   [40,10,5] (15)   96.8743
[100,60]   [40,10,5] (20)   94.1636
[100,60]   [40,10,5] (25)   96.2355
[100,60]   [40,10,5] (30)   102.283
[100,60]   [40,10,10] (0)   21322.6
[100,60]   [40,10,10] (5)   13447.9
[100,60]   [40,10,10] (10)   4016.08
[100,60]   [40,10,10] (15)   127.191
[100,60]   [40,10,10] (20)   117.926
[100,60]   [40,10,10] (25)   118.591
[100,60]   [40,10,10] (30)   123.574
[100,60]   [40,10,15] (0)   21447.9
[100,60]   [40,10,15] (5)   10229.6
[100,60]   [40,10,15] (10)   1609.69
[100,60]   [40,10,15] (15)   131.767
[100,60]   [40,10,15] (20)   123.796
[100,60]   [40,10,15] (25)   128.637
[100,60]   [40,10,15] (30)   134.432
[100,60]   [40,10,20] (0)   21304.3
[100,60]   [40,10,20] (5)   9095.54
[100,60]   [40,10,20] (10)   146.747
[100,60]   [40,10,20] (15)   143.815
[100,60]   [40,10,20] (20)   141.606
[100,60]   [40,10,20] (25)   144.479
[100,60]   [40,10,20] (30)   150.588
[100,60]   [40,20,5] (0)   14713
[100,60]   [40,20,5] (5)   14660.1
[100,60]   [40,20,5] (10)   10879.1
[100,60]   [40,20,5] (15)   425.107
[100,60]   [40,20,5] (20)   121.033
[100,60]   [40,20,5] (25)   111.904
[100,60]   [40,20,5] (30)   113.576
[100,60]   [40,20,10] (0)   14690.3
[100,60]   [40,20,10] (5)   14633.3
[100,60]   [40,20,10] (10)   11557.2
[100,60]   [40,20,10] (15)   1965.36
[100,60]   [40,20,10] (20)   139.693
[100,60]   [40,20,10] (25)   134.199
[100,60]   [40,20,10] (30)   137.344
[100,60]   [40,20,15] (0)   14720.8
[100,60]   [40,20,15] (5)   14682.4
[100,60]   [40,20,15] (10)   9854.13
[100,60]   [40,20,15] (15)   165.549
[100,60]   [40,20,15] (20)   144.637
[100,60]   [40,20,15] (25)   141.8
[100,60]   [40,20,15] (30)   146.226
[100,60]   [40,20,20] (0)   14681.3
[100,60]   [40,20,20] (5)   14717.1
[100,60]   [40,20,20] (10)   11771.3
[100,60]   [40,20,20] (15)   168.077
[100,60]   [40,20,20] (20)   157.847
[100,60]   [40,20,20] (25)   159.936
[100,60]   [40,20,20] (30)   165.482
[100,60]   [40,30,5] (0)   5979.84
[100,60]   [40,30,5] (5)   5945.86
[100,60]   [40,30,5] (10)   5813.75
[100,60]   [40,30,5] (15)   4760.63
[100,60]   [40,30,5] (20)   169.472
[100,60]   [40,30,5] (25)   138.978
[100,60]   [40,30,5] (30)   133.478
[100,60]   [40,30,10] (0)   5953.94
[100,60]   [40,30,10] (5)   5897.01
[100,60]   [40,30,10] (10)   5900.06
[100,60]   [40,30,10] (15)   4829.9
[100,60]   [40,30,10] (20)   181.2
[100,60]   [40,30,10] (25)   158.502
[100,60]   [40,30,10] (30)   158.898
[100,60]   [40,30,15] (0)   5951.18
[100,60]   [40,30,15] (5)   5886.32
[100,60]   [40,30,15] (10)   5886.88
[100,60]   [40,30,15] (15)   3972.88
[100,60]   [40,30,15] (20)   171.575
[100,60]   [40,30,15] (25)   163.851
[100,60]   [40,30,15] (30)   166.711
[100,60]   [40,30,20] (0)   5927.82
[100,60]   [40,30,20] (5)   5978.15
[100,60]   [40,30,20] (10)   5980.32
[100,60]   [40,30,20] (15)   3945.15
[100,60]   [40,30,20] (20)   178.38
[100,60]   [40,30,20] (25)   174.758
[100,60]   [40,30,20] (30)   179.683
[100,60]   [40,40,5] (0)   211.073
[100,60]   [40,40,5] (5)   209.959
[100,60]   [40,40,5] (10)   210.012
[100,60]   [40,40,5] (15)   210.283
[100,60]   [40,40,5] (20)   213.053
[100,60]   [40,40,5] (25)   192.45
[100,60]   [40,40,5] (30)   177.4
[100,60]   [40,40,10] (0)   213.804
[100,60]   [40,40,10] (5)   208.739
[100,60]   [40,40,10] (10)   211.946
[100,60]   [40,40,10] (15)   209.381
[100,60]   [40,40,10] (20)   208.096
[100,60]   [40,40,10] (25)   196.233
[100,60]   [40,40,10] (30)   194.442
[100,60]   [40,40,15] (0)   211.182
[100,60]   [40,40,15] (5)   208.813
[100,60]   [40,40,15] (10)   210.099
[100,60]   [40,40,15] (15)   211.18
[100,60]   [40,40,15] (20)   209.053
[100,60]   [40,40,15] (25)   195.816
[100,60]   [40,40,15] (30)   197.159
[100,60]   [40,40,20] (0)   209.055
[100,60]   [40,40,20] (5)   211.442
[100,60]   [40,40,20] (10)   208.288
[100,60]   [40,40,20] (15)   210.79
[100,60]   [40,40,20] (20)   210.163
[100,60]   [40,40,20] (25)   206.553
[100,60]   [40,40,20] (30)   210.702
[100,60]   [40,50,5] (0)   3278.75
[100,60]   [40,50,5] (5)   3207.46
[100,60]   [40,50,5] (10)   3194.61
[100,60]   [40,50,5] (15)   3107.15
[100,60]   [40,50,5] (20)   3220.48
[100,60]   [40,50,5] (25)   3329.64
[100,60]   [40,50,5] (30)   3108.2
[100,60]   [40,50,10] (0)   3121.73
[100,60]   [40,50,10] (5)   3246.74
[100,60]   [40,50,10] (10)   3280.83
[100,60]   [40,50,10] (15)   3396.02
[100,60]   [40,50,10] (20)   3412.93
[100,60]   [40,50,10] (25)   3258.34
[100,60]   [40,50,10] (30)   3175.42
[100,60]   [40,50,15] (0)   3173.69
[100,60]   [40,50,15] (5)   3236.01
[100,60]   [40,50,15] (10)   3181.32
[100,60]   [40,50,15] (15)   3202.18
[100,60]   [40,50,15] (20)   3249.11
[100,60]   [40,50,15] (25)   3324.91
[100,60]   [40,50,15] (30)   3154.21
[100,60]   [40,50,20] (0)   3154.53
[100,60]   [40,50,20] (5)   3289.84
[100,60]   [40,50,20] (10)   3195.2
[100,60]   [40,50,20] (15)   3269.22
[100,60]   [40,50,20] (20)   3264.68
[100,60]   [40,50,20] (25)   3230.52
[100,60]   [40,50,20] (30)   3242.02
[100,60]   [40,60,5] (0)   13657
[100,60]   [40,60,5] (5)   13803.8
[100,60]   [40,60,5] (10)   13702.7
[100,60]   [40,60,5] (15)   13861.9
[100,60]   [40,60,5] (20)   13827.8
[100,60]   [40,60,5] (25)   13735.8
[100,60]   [40,60,5] (30)   13870.8
[100,60]   [40,60,10] (0)   13868.8
[100,60]   [40,60,10] (5)   13732.8
[100,60]   [40,60,10] (10)   13879.8
[100,60]   [40,60,10] (15)   13820.1
[100,60]   [40,60,10] (20)   14044
[100,60]   [40,60,10] (25)   13723.8
[100,60]   [40,60,10] (30)   13855.4
[100,60]   [40,60,15] (0)   13835.9
[100,60]   [40,60,15] (5)   13898.6
[100,60]   [40,60,15] (10)   13867.8
[100,60]   [40,60,15] (15)   13824.7
[100,60]   [40,60,15] (20)   13906.5
[100,60]   [40,60,15] (25)   13920.1
[100,60]   [40,60,15] (30)   13682.6
[100,60]   [40,60,20] (0)   13811.4
[100,60]   [40,60,20] (5)   13910.8
[100,60]   [40,60,20] (10)   13778.4
[100,60]   [40,60,20] (15)   13795.9
[100,60]   [40,60,20] (20)   13867.5
[100,60]   [40,60,20] (25)   13831.6
[100,60]   [40,60,20] (30)   13758
[100,60]   [50,10,5] (0)   27857.2
[100,60]   [50,10,5] (5)   18518.1
[100,60]   [50,10,5] (10)   3444.47
[100,60]   [50,10,5] (15)   112.766
[100,60]   [50,10,5] (20)   104.528
[100,60]   [50,10,5] (25)   104.033
[100,60]   [50,10,5] (30)   106.979
[100,60]   [50,10,10] (0)   27551.9
[100,60]   [50,10,10] (5)   18991.6
[100,60]   [50,10,10] (10)   8907.69
[100,60]   [50,10,10] (15)   2082.47
[100,60]   [50,10,10] (20)   136.751
[100,60]   [50,10,10] (25)   129.869
[100,60]   [50,10,10] (30)   128.422
[100,60]   [50,10,15] (0)   27375
[100,60]   [50,10,15] (5)   15537.7
[100,60]   [50,10,15] (10)   6851.73
[100,60]   [50,10,15] (15)   402.282
[100,60]   [50,10,15] (20)   140.795
[100,60]   [50,10,15] (25)   137.368
[100,60]   [50,10,15] (30)   138.689
[100,60]   [50,10,20] (0)   27575.6
[100,60]   [50,10,20] (5)   14659.8
[100,60]   [50,10,20] (10)   4926.39
[100,60]   [50,10,20] (15)   2504.43
[100,60]   [50,10,20] (20)   152.134
[100,60]   [50,10,20] (25)   149.85
[100,60]   [50,10,20] (30)   152.231
[100,60]   [50,20,5] (0)   19675.9
[100,60]   [50,20,5] (5)   19663.7
[100,60]   [50,20,5] (10)   16657.8
[100,60]   [50,20,5] (15)   4382.76
[100,60]   [50,20,5] (20)   139.963
[100,60]   [50,20,5] (25)   123.388
[100,60]   [50,20,5] (30)   117.529
[100,60]   [50,20,10] (0)   19806.8
[100,60]   [50,20,10] (5)   19650.3
[100,60]   [50,20,10] (10)   17371.5
[100,60]   [50,20,10] (15)   7273.55
[100,60]   [50,20,10] (20)   751.218
[100,60]   [50,20,10] (25)   149.366
[100,60]   [50,20,10] (30)   143.195
[100,60]   [50,20,15] (0)   19632.9
[100,60]   [50,20,15] (5)   19676.3
[100,60]   [50,20,15] (10)   15830.2
[100,60]   [50,20,15] (15)   3919.64
[100,60]   [50,20,15] (20)   194.845
[100,60]   [50,20,15] (25)   152.079
[100,60]   [50,20,15] (30)   149.69
[100,60]   [50,20,20] (0)   19684.8
[100,60]   [50,20,20] (5)   19631.3
[100,60]   [50,20,20] (10)   15873.6
[100,60]   [50,20,20] (15)   1877.76
[100,60]   [50,20,20] (20)   181.712
[100,60]   [50,20,20] (25)   166.493
[100,60]   [50,20,20] (30)   165.48
[100,60]   [50,30,5] (0)   13916.6
[100,60]   [50,30,5] (5)   13851.4
[100,60]   [50,30,5] (10)   13602.2
[100,60]   [50,30,5] (15)   11035.1
[100,60]   [50,30,5] (20)   2154.14
[100,60]   [50,30,5] (25)   158.142
[100,60]   [50,30,5] (30)   138.328
[100,60]   [50,30,10] (0)   13852.3
[100,60]   [50,30,10] (5)   13806.1
[100,60]   [50,30,10] (10)   13549.7
[100,60]   [50,30,10] (15)   11354
[100,60]   [50,30,10] (20)   3922.21
[100,60]   [50,30,10] (25)   182.18
[100,60]   [50,30,10] (30)   163.569
[100,60]   [50,30,15] (0)   13850.6
[100,60]   [50,30,15] (5)   13873.6
[100,60]   [50,30,15] (10)   13785
[100,60]   [50,30,15] (15)   10156.9
[100,60]   [50,30,15] (20)   942.511
[100,60]   [50,30,15] (25)   177.166
[100,60]   [50,30,15] (30)   167.355
[100,60]   [50,30,20] (0)   13830.4
[100,60]   [50,30,20] (5)   13876.9
[100,60]   [50,30,20] (10)   13186.1
[100,60]   [50,30,20] (15)   10450.7
[100,60]   [50,30,20] (20)   230.091
[100,60]   [50,30,20] (25)   180.154
[100,60]   [50,30,20] (30)   177.653
[100,60]   [50,40,5] (0)   6133.69
[100,60]   [50,40,5] (5)   6105.15
[100,60]   [50,40,5] (10)   6141.07
[100,60]   [50,40,5] (15)   6121.71
[100,60]   [50,40,5] (20)   5666.64
[100,60]   [50,40,5] (25)   1359.03
[100,60]   [50,40,5] (30)   182.3
[100,60]   [50,40,10] (0)   6119.19
[100,60]   [50,40,10] (5)   6084.13
[100,60]   [50,40,10] (10)   6112.12
[100,60]   [50,40,10] (15)   6118.96
[100,60]   [50,40,10] (20)   5672.36
[100,60]   [50,40,10] (25)   1591.58
[100,60]   [50,40,10] (30)   198.297
[100,60]   [50,40,15] (0)   6164.33
[100,60]   [50,40,15] (5)   6147.17
[100,60]   [50,40,15] (10)   6158.19
[100,60]   [50,40,15] (15)   6083.59
[100,60]   [50,40,15] (20)   5460.58
[100,60]   [50,40,15] (25)   294.173
[100,60]   [50,40,15] (30)   195.55
[100,60]   [50,40,20] (0)   6188.44
[100,60]   [50,40,20] (5)   6128.52
[100,60]   [50,40,20] (10)   6146.04
[100,60]   [50,40,20] (15)   6012.63
[100,60]   [50,40,20] (20)   5318.94
[100,60]   [50,40,20] (25)   254.728
[100,60]   [50,40,20] (30)   205.613
[100,60]   [50,50,5] (0)   1083.78
[100,60]   [50,50,5] (5)   1071.37
[100,60]   [50,50,5] (10)   1138.37
[100,60]   [50,50,5] (15)   1061.27
[100,60]   [50,50,5] (20)   1042.53
[100,60]   [50,50,5] (25)   989.529
[100,60]   [50,50,5] (30)   242.174
[100,60]   [50,50,10] (0)   1061.72
[100,60]   [50,50,10] (5)   1053.72
[100,60]   [50,50,10] (10)   1083.17
[100,60]   [50,50,10] (15)   1107.56
[100,60]   [50,50,10] (20)   1110.67
[100,60]   [50,50,10] (25)   924.27
[100,60]   [50,50,10] (30)   244.06
[100,60]   [50,50,15] (0)   1118.55
[100,60]   [50,50,15] (5)   1043.59
[100,60]   [50,50,15] (10)   1047.29
[100,60]   [50,50,15] (15)   1016.03
[100,60]   [50,50,15] (20)   1162.59
[100,60]   [50,50,15] (25)   952.062
[100,60]   [50,50,15] (30)   236.978
[100,60]   [50,50,20] (0)   1017.15
[100,60]   [50,50,20] (5)   1051.93
[100,60]   [50,50,20] (10)   1013.11
[100,60]   [50,50,20] (15)   1008.85
[100,60]   [50,50,20] (20)   1134.65
[100,60]   [50,50,20] (25)   775.965
[100,60]   [50,50,20] (30)   234.676
[100,60]   [50,60,5] (0)   1876.4
[100,60]   [50,60,5] (5)   2029.55
[100,60]   [50,60,5] (10)   1948.59
[100,60]   [50,60,5] (15)   1937.28
[100,60]   [50,60,5] (20)   1801.87
[100,60]   [50,60,5] (25)   1929.63
[100,60]   [50,60,5] (30)   1867.21
[100,60]   [50,60,10] (0)   2055.23
[100,60]   [50,60,10] (5)   1968
[100,60]   [50,60,10] (10)   1870.74
[100,60]   [50,60,10] (15)   1905.5
[100,60]   [50,60,10] (20)   1964.18
[100,60]   [50,60,10] (25)   1903.62
[100,60]   [50,60,10] (30)   1857.11
[100,60]   [50,60,15] (0)   1846.45
[100,60]   [50,60,15] (5)   1933.55
[100,60]   [50,60,15] (10)   1937.29
[100,60]   [50,60,15] (15)   1968.85
[100,60]   [50,60,15] (20)   1805.17
[100,60]   [50,60,15] (25)   1831.66
[100,60]   [50,60,15] (30)   1912.58
[100,60]   [50,60,20] (0)   1842.51
[100,60]   [50,60,20] (5)   1772.61
[100,60]   [50,60,20] (10)   1912.16
[100,60]   [50,60,20] (15)   1803.17
[100,60]   [50,60,20] (20)   1965.37
[100,60]   [50,60,20] (25)   1763.92
[100,60]   [50,60,20] (30)   2021.85
[100,60]   [60,10,5] (0)   32805.6
[100,60]   [60,10,5] (5)   22647.9
[100,60]   [60,10,5] (10)   6438.35
[100,60]   [60,10,5] (15)   145.41
[100,60]   [60,10,5] (20)   114.314
[100,60]   [60,10,5] (25)   111.004
[100,60]   [60,10,5] (30)   113.456
[100,60]   [60,10,10] (0)   32587
[100,60]   [60,10,10] (5)   23975.1
[100,60]   [60,10,10] (10)   13058.2
[100,60]   [60,10,10] (15)   5647.19
[100,60]   [60,10,10] (20)   742.267
[100,60]   [60,10,10] (25)   143.687
[100,60]   [60,10,10] (30)   138.013
[100,60]   [60,10,15] (0)   33312.9
[100,60]   [60,10,15] (5)   20815.9
[100,60]   [60,10,15] (10)   10964.4
[100,60]   [60,10,15] (15)   4225.23
[100,60]   [60,10,15] (20)   174.482
[100,60]   [60,10,15] (25)   150.664
[100,60]   [60,10,15] (30)   146.564
[100,60]   [60,10,20] (0)   32837
[100,60]   [60,10,20] (5)   19566.2
[100,60]   [60,10,20] (10)   9090.3
[100,60]   [60,10,20] (15)   7058.3
[100,60]   [60,10,20] (20)   192.293
[100,60]   [60,10,20] (25)   165.979
[100,60]   [60,10,20] (30)   164.097
[100,60]   [60,20,5] (0)   27350.3
[100,60]   [60,20,5] (5)   27369.3
[100,60]   [60,20,5] (10)   23126.6
[100,60]   [60,20,5] (15)   7918.65
[100,60]   [60,20,5] (20)   195.371
[100,60]   [60,20,5] (25)   134.126
[100,60]   [60,20,5] (30)   125.507
[100,60]   [60,20,10] (0)   27347.3
[100,60]   [60,20,10] (5)   27434.5
[100,60]   [60,20,10] (10)   23516.6
[100,60]   [60,20,10] (15)   11665.7
[100,60]   [60,20,10] (20)   4593.37
[100,60]   [60,20,10] (25)   209.371
[100,60]   [60,20,10] (30)   157.125
[100,60]   [60,20,15] (0)   27365
[100,60]   [60,20,15] (5)   27387.9
[100,60]   [60,20,15] (10)   21269.3
[100,60]   [60,20,15] (15)   8251.65
[100,60]   [60,20,15] (20)   3395.77
[100,60]   [60,20,15] (25)   171.86
[100,60]   [60,20,15] (30)   161.437
[100,60]   [60,20,20] (0)   27420.2
[100,60]   [60,20,20] (5)   27320.6
[100,60]   [60,20,20] (10)   24386.7
[100,60]   [60,20,20] (15)   7242.22
[100,60]   [60,20,20] (20)   4254.41
[100,60]   [60,20,20] (25)   236.834
[100,60]   [60,20,20] (30)   176.497
[100,60]   [60,30,5] (0)   18073.9
[100,60]   [60,30,5] (5)   18068.2
[100,60]   [60,30,5] (10)   18037.1
[100,60]   [60,30,5] (15)   16019
[100,60]   [60,30,5] (20)   6131.05
[100,60]   [60,30,5] (25)   181.888
[100,60]   [60,30,5] (30)   148.767
[100,60]   [60,30,10] (0)   18050.7
[100,60]   [60,30,10] (5)   18033.9
[100,60]   [60,30,10] (10)   18087.1
[100,60]   [60,30,10] (15)   16703.1
[100,60]   [60,30,10] (20)   8416.46
[100,60]   [60,30,10] (25)   1794.8
[100,60]   [60,30,10] (30)   182.323
[100,60]   [60,30,15] (0)   18001.9
[100,60]   [60,30,15] (5)   18017.7
[100,60]   [60,30,15] (10)   18015.4
[100,60]   [60,30,15] (15)   15254.9
[100,60]   [60,30,15] (20)   5538.1
[100,60]   [60,30,15] (25)   370.795
[100,60]   [60,30,15] (30)   179.756
[100,60]   [60,30,20] (0)   18003.1
[100,60]   [60,30,20] (5)   17970.4
[100,60]   [60,30,20] (10)   18029
[100,60]   [60,30,20] (15)   15906.8
[100,60]   [60,30,20] (20)   3777.89
[100,60]   [60,30,20] (25)   221.648
[100,60]   [60,30,20] (30)   192.304
[100,60]   [60,40,5] (0)   12517.9
[100,60]   [60,40,5] (5)   12534.2
[100,60]   [60,40,5] (10)   12437.3
[100,60]   [60,40,5] (15)   12514.9
[100,60]   [60,40,5] (20)   11281.9
[100,60]   [60,40,5] (25)   5526.26
[100,60]   [60,40,5] (30)   210.327
[100,60]   [60,40,10] (0)   12554.9
[100,60]   [60,40,10] (5)   12523
[100,60]   [60,40,10] (10)   12540.6
[100,60]   [60,40,10] (15)   12443.9
[100,60]   [60,40,10] (20)   11519.9
[100,60]   [60,40,10] (25)   6628.7
[100,60]   [60,40,10] (30)   433.242
[100,60]   [60,40,15] (0)   12506.1
[100,60]   [60,40,15] (5)   12422.2
[100,60]   [60,40,15] (10)   12523.5
[100,60]   [60,40,15] (15)   12495.2
[100,60]   [60,40,15] (20)   10921.1
[100,60]   [60,40,15] (25)   4648.64
[100,60]   [60,40,15] (30)   218.852
[100,60]   [60,40,20] (0)   12488.1
[100,60]   [60,40,20] (5)   12526.6
[100,60]   [60,40,20] (10)   12565
[100,60]   [60,40,20] (15)   12547.1
[100,60]   [60,40,20] (20)   11991.3
[100,60]   [60,40,20] (25)   4867.7
[100,60]   [60,40,20] (30)   227.475
[100,60]   [60,50,5] (0)   6529.43
[100,60]   [60,50,5] (5)   6582.63
[100,60]   [60,50,5] (10)   6456.67
[100,60]   [60,50,5] (15)   6575.38
[100,60]   [60,50,5] (20)   6578.33
[100,60]   [60,50,5] (25)   6265.67
[100,60]   [60,50,5] (30)   2800.48
[100,60]   [60,50,10] (0)   6566.72
[100,60]   [60,50,10] (5)   6579.46
[100,60]   [60,50,10] (10)   6555.07
[100,60]   [60,50,10] (15)   6538.64
[100,60]   [60,50,10] (20)   6475.34
[100,60]   [60,50,10] (25)   6396.12
[100,60]   [60,50,10] (30)   3490.84
[100,60]   [60,50,15] (0)   6499.69
[100,60]   [60,50,15] (5)   6520.33
[100,60]   [60,50,15] (10)   6523.07
[100,60]   [60,50,15] (15)   6507.46
[100,60]   [60,50,15] (20)   6539.76
[100,60]   [60,50,15] (25)   6184.88
[100,60]   [60,50,15] (30)   1805.98
[100,60]   [60,50,20] (0)   6493.06
[100,60]   [60,50,20] (5)   6468.57
[100,60]   [60,50,20] (10)   6402.01
[100,60]   [60,50,20] (15)   6473.99
[100,60]   [60,50,20] (20)   6567.46
[100,60]   [60,50,20] (25)   6152.53
[100,60]   [60,50,20] (30)   1583.8
[100,60]   [60,60,5] (0)   909.5
[100,60]   [60,60,5] (5)   987.457
[100,60]   [60,60,5] (10)   897.229
[100,60]   [60,60,5] (15)   881.965
[100,60]   [60,60,5] (20)   835.468
[100,60]   [60,60,5] (25)   913.198
[100,60]   [60,60,5] (30)   1239.4
[100,60]   [60,60,10] (0)   886.509
[100,60]   [60,60,10] (5)   883
[100,60]   [60,60,10] (10)   856.443
[100,60]   [60,60,10] (15)   919.011
[100,60]   [60,60,10] (20)   800.541
[100,60]   [60,60,10] (25)   905.405
[100,60]   [60,60,10] (30)   1014.63
[100,60]   [60,60,15] (0)   889.143
[100,60]   [60,60,15] (5)   857.816
[100,60]   [60,60,15] (10)   928.045
[100,60]   [60,60,15] (15)   939.069
[100,60]   [60,60,15] (20)   836.728
[100,60]   [60,60,15] (25)   894.405
[100,60]   [60,60,15] (30)   1099.8
[100,60]   [60,60,20] (0)   811.142
[100,60]   [60,60,20] (5)   889.434
[100,60]   [60,60,20] (10)   958.082
[100,60]   [60,60,20] (15)   936.645
[100,60]   [60,60,20] (20)   845.346
[100,60]   [60,60,20] (25)   941.969
[100,60]   [60,60,20] (30)   984.006
