[20,60]   [10,10,5] (0)   10705.9
[20,60]   [10,10,5] (5)   7702.83
[20,60]   [10,10,5] (10)   6457.57
[20,60]   [10,10,5] (15)   6429.95
[20,60]   [10,10,5] (20)   6426.37
[20,60]   [10,10,5] (25)   6396.11
[20,60]   [10,10,5] (30)   6461.81
[20,60]   [10,10,10] (0)   10532.7
[20,60]   [10,10,10] (5)   10681.6
[20,60]   [10,10,10] (10)   10688.5
[20,60]   [10,10,10] (15)   10659.8
[20,60]   [10,10,10] (20)   10536.9
[20,60]   [10,10,10] (25)   10757.5
[20,60]   [10,10,10] (30)   10683.2
[20,60]   [10,10,15] (0)   10618.8
[20,60]   [10,10,15] (5)   9437.81
[20,60]   [10,10,15] (10)   9317.42
[20,60]   [10,10,15] (15)   9340.57
[20,60]   [10,10,15] (20)   9260.28
[20,60]   [10,10,15] (25)   9363.88
[20,60]   [10,10,15] (30)   9307.97
[20,60]   [10,10,20] (0)   10694.9
[20,60]   [10,10,20] (5)   11170.8
[20,60]   [10,10,20] (10)   11153.9
[20,60]   [10,10,20] (15)   11096.2
[20,60]   [10,10,20] (20)   11103.6
[20,60]   [10,10,20] (25)   11074.4
[20,60]   [10,10,20] (30)   11214.4
[20,60]   [10,20,5] (0)   22060.8
[20,60]   [10,20,5] (5)   22181.8
[20,60]   [10,20,5] (10)   22224.7
[20,60]   [10,20,5] (15)   22187.9
[20,60]   [10,20,5] (20)   22104.3
[20,60]   [10,20,5] (25)   19415.3
[20,60]   [10,20,5] (30)   18916.2
[20,60]   [10,20,10] (0)   22113.7
[20,60]   [10,20,10] (5)   22072
[20,60]   [10,20,10] (10)   22109.1
[20,60]   [10,20,10] (15)   22181.3
[20,60]   [10,20,10] (20)   22015.2
[20,60]   [10,20,10] (25)   22184.4
[20,60]   [10,20,10] (30)   22078.8
[20,60]   [10,20,15] (0)   22024.6
[20,60]   [10,20,15] (5)   21947.6
[20,60]   [10,20,15] (10)   22069.2
[20,60]   [10,20,15] (15)   22107.6
[20,60]   [10,20,15] (20)   22065.9
[20,60]   [10,20,15] (25)   18860.9
[20,60]   [10,20,15] (30)   15676
[20,60]   [10,20,20] (0)   22057.8
[20,60]   [10,20,20] (5)   22160.2
[20,60]   [10,20,20] (10)   22087.9
[20,60]   [10,20,20] (15)   22077.9
[20,60]   [10,20,20] (20)   21991.7
[20,60]   [10,20,20] (25)   22129.2
[20,60]   [10,20,20] (30)   22165.3
[20,60]   [10,30,5] (0)   33864.8
[20,60]   [10,30,5] (5)   33891.2
[20,60]   [10,30,5] (10)   33906
[20,60]   [10,30,5] (15)   33804.7
[20,60]   [10,30,5] (20)   33850.6
[20,60]   [10,30,5] (25)   33816.1
[20,60]   [10,30,5] (30)   31450
[20,60]   [10,30,10] (0)   33873.5
[20,60]   [10,30,10] (5)   33797
[20,60]   [10,30,10] (10)   33816.5
[20,60]   [10,30,10] (15)   33669.1
[20,60]   [10,30,10] (20)   33820.8
[20,60]   [10,30,10] (25)   33878.4
[20,60]   [10,30,10] (30)   33811.3
[20,60]   [10,30,15] (0)   33862.6
[20,60]   [10,30,15] (5)   33811.8
[20,60]   [10,30,15] (10)   33855.8
[20,60]   [10,30,15] (15)   33811.6
[20,60]   [10,30,15] (20)   33765.5
[20,60]   [10,30,15] (25)   33046
[20,60]   [10,30,15] (30)   29602.6
[20,60]   [10,30,20] (0)   33508.5
[20,60]   [10,30,20] (5)   33837.9
[20,60]   [10,30,20] (10)   33740
[20,60]   [10,30,20] (15)   33786.6
[20,60]   [10,30,20] (20)   33717
[20,60]   [10,30,20] (25)   33867.6
[20,60]   [10,30,20] (30)   33741.2
[20,60]   [10,40,5] (0)   43906.8
[20,60]   [10,40,5] (5)   43733.9
[20,60]   [10,40,5] (10)   43817.4
[20,60]   [10,40,5] (15)   43893
[20,60]   [10,40,5] (20)   43779.3
[20,60]   [10,40,5] (25)   43816.7
[20,60]   [10,40,5] (30)   43798.9
[20,60]   [10,40,10] (0)   43866.4
[20,60]   [10,40,10] (5)   43792.2
[20,60]   [10,40,10] (10)   43786.1
[20,60]   [10,40,10] (15)   43812.7
[20,60]   [10,40,10] (20)   43772.8
[20,60]   [10,40,10] (25)   43720.9
[20,60]   [10,40,10] (30)   43781.9
[20,60]   [10,40,15] (0)   43829.8
[20,60]   [10,40,15] (5)   43839.1
[20,60]   [10,40,15] (10)   43771.9
[20,60]   [10,40,15] (15)   43813.3
[20,60]   [10,40,15] (20)   43825.6
[20,60]   [10,40,15] (25)   43787.4
[20,60]   [10,40,15] (30)   43773.6
[20,60]   [10,40,20] (0)   43774.7
[20,60]   [10,40,20] (5)   43812.2
[20,60]   [10,40,20] (10)   43821.6
[20,60]   [10,40,20] (15)   43866.7
[20,60]   [10,40,20] (20)   43822.7
[20,60]   [10,40,20] (25)   43890
[20,60]   [10,40,20] (30)   43750.6
[20,60]   [10,50,5] (0)   52098
[20,60]   [10,50,5] (5)   52131.1
[20,60]   [10,50,5] (10)   52101.8
[20,60]   [10,50,5] (15)   52128.6
[20,60]   [10,50,5] (20)   52030.7
[20,60]   [10,50,5] (25)   52104.6
[20,60]   [10,50,5] (30)   52107.1
[20,60]   [10,50,10] (0)   52175.4
[20,60]   [10,50,10] (5)   52113.1
[20,60]   [10,50,10] (10)   52203.9
[20,60]   [10,50,10] (15)   52093
[20,60]   [10,50,10] (20)   52182
[20,60]   [10,50,10] (25)   52191.7
[20,60]   [10,50,10] (30)   52161.8
[20,60]   [10,50,15] (0)   52069.2
[20,60]   [10,50,15] (5)   52129.8
[20,60]   [10,50,15] (10)   52185.4
[20,60]   [10,50,15] (15)   52120.9
[20,60]   [10,50,15] (20)   52160.3
[20,60]   [10,50,15] (25)   52206
[20,60]   [10,50,15] (30)   52219.4
[20,60]   [10,50,20] (0)   52142.8
[20,60]   [10,50,20] (5)   52159.2
[20,60]   [10,50,20] (10)   52192.8
[20,60]   [10,50,20] (15)   52112.7
[20,60]   [10,50,20] (20)   52102.2
[20,60]   [10,50,20] (25)   52183.4
[20,60]   [10,50,20] (30)   52134.1
[20,60]   [10,60,5] (0)   59148.7
[20,60]   [10,60,5] (5)   59143
[20,60]   [10,60,5] (10)   59108.6
[20,60]   [10,60,5] (15)   59141.7
[20,60]   [10,60,5] (20)   59094.3
[20,60]   [10,60,5] (25)   59135.2
[20,60]   [10,60,5] (30)   59103.7
[20,60]   [10,60,10] (0)   59115.2
[20,60]   [10,60,10] (5)   59213.9
[20,60]   [10,60,10] (10)   59078
[20,60]   [10,60,10] (15)   59162.5
[20,60]   [10,60,10] (20)   59035.5
[20,60]   [10,60,10] (25)   59096.9
[20,60]   [10,60,10] (30)   59208.9
[20,60]   [10,60,15] (0)   59164.8
[20,60]   [10,60,15] (5)   59148.3
[20,60]   [10,60,15] (10)   59180.4
[20,60]   [10,60,15] (15)   59153.1
[20,60]   [10,60,15] (20)   59046.5
[20,60]   [10,60,15] (25)   59088
[20,60]   [10,60,15] (30)   59048.5
[20,60]   [10,60,20] (0)   59131.9
[20,60]   [10,60,20] (5)   59139.4
[20,60]   [10,60,20] (10)   59058.7
[20,60]   [10,60,20] (15)   59173.7
[20,60]   [10,60,20] (20)   59118.6
[20,60]   [10,60,20] (25)   59099.9
[20,60]   [10,60,20] (30)   59162.5
[20,60]   [20,10,5] (0)   14309.3
[20,60]   [20,10,5] (5)   10126.9
[20,60]   [20,10,5] (10)   6797.95
[20,60]   [20,10,5] (15)   5758.12
[20,60]   [20,10,5] (20)   5565.78
[20,60]   [20,10,5] (25)   5626.82
[20,60]   [20,10,5] (30)   5682.91
[20,60]   [20,10,10] (0)   14264.4
[20,60]   [20,10,10] (5)   13664.1
[20,60]   [20,10,10] (10)   12964.6
[20,60]   [20,10,10] (15)   12639.6
[20,60]   [20,10,10] (20)   12691.6
[20,60]   [20,10,10] (25)   12718.3
[20,60]   [20,10,10] (30)   12720.2
[20,60]   [20,10,15] (0)   14208.7
[20,60]   [20,10,15] (5)   12216.7
[20,60]   [20,10,15] (10)   11462.8
[20,60]   [20,10,15] (15)   11414.3
[20,60]   [20,10,15] (20)   11481.7
[20,60]   [20,10,15] (25)   11472.9
[20,60]   [20,10,15] (30)   11548.8
[20,60]   [20,10,20] (0)   14371.7
[20,60]   [20,10,20] (5)   14619.9
[20,60]   [20,10,20] (10)   15381.2
[20,60]   [20,10,20] (15)   15411.6
[20,60]   [20,10,20] (20)   15254.6
[20,60]   [20,10,20] (25)   15405.9
[20,60]   [20,10,20] (30)   15437.3
[20,60]   [20,20,5] (0)   20054
[20,60]   [20,20,5] (5)   21603.9
[20,60]   [20,20,5] (10)   15465.2
[20,60]   [20,20,5] (15)   11475.8
[20,60]   [20,20,5] (20)   10916.7
[20,60]   [20,20,5] (25)   10842.2
[20,60]   [20,20,5] (30)   10952.4
[20,60]   [20,20,10] (0)   21990.4
[20,60]   [20,20,10] (5)   21559.5
[20,60]   [20,20,10] (10)   19160.7
[20,60]   [20,20,10] (15)   17322.4
[20,60]   [20,20,10] (20)   17153.7
[20,60]   [20,20,10] (25)   17181.6
[20,60]   [20,20,10] (30)   16745.2
[20,60]   [20,20,15] (0)   22123.8
[20,60]   [20,20,15] (5)   21724.6
[20,60]   [20,20,15] (10)   16665
[20,60]   [20,20,15] (15)   15238.5
[20,60]   [20,20,15] (20)   15253.8
[20,60]   [20,20,15] (25)   15226.3
[20,60]   [20,20,15] (30)   15283.4
[20,60]   [20,20,20] (0)   22066.5
[20,60]   [20,20,20] (5)   21833.4
[20,60]   [20,20,20] (10)   22470.4
[20,60]   [20,20,20] (15)   21800.3
[20,60]   [20,20,20] (20)   21918.1
[20,60]   [20,20,20] (25)   21626.9
[20,60]   [20,20,20] (30)   21369.3
[20,60]   [20,30,5] (0)   24951.5
[20,60]   [20,30,5] (5)   24836.2
[20,60]   [20,30,5] (10)   24739.7
[20,60]   [20,30,5] (15)   24833.7
[20,60]   [20,30,5] (20)   24655.9
[20,60]   [20,30,5] (25)   24690.1
[20,60]   [20,30,5] (30)   22905.1
[20,60]   [20,30,10] (0)   24740.7
[20,60]   [20,30,10] (5)   24683.8
[20,60]   [20,30,10] (10)   24710.2
[20,60]   [20,30,10] (15)   24912.1
[20,60]   [20,30,10] (20)   24772.9
[20,60]   [20,30,10] (25)   24751
[20,60]   [20,30,10] (30)   24790.8
[20,60]   [20,30,15] (0)   24754.4
[20,60]   [20,30,15] (5)   24688.9
[20,60]   [20,30,15] (10)   24701.8
[20,60]   [20,30,15] (15)   25012.9
[20,60]   [20,30,15] (20)   24727.7
[20,60]   [20,30,15] (25)   24725.3
[20,60]   [20,30,15] (30)   23543.6
[20,60]   [20,30,20] (0)   24963.6
[20,60]   [20,30,20] (5)   24763.1
[20,60]   [20,30,20] (10)   24835.6
[20,60]   [20,30,20] (15)   24847.8
[20,60]   [20,30,20] (20)   24799.9
[20,60]   [20,30,20] (25)   24827.2
[20,60]   [20,30,20] (30)   24850.1
[20,60]   [20,40,5] (0)   42945.7
[20,60]   [20,40,5] (5)   42901.5
[20,60]   [20,40,5] (10)   42885.7
[20,60]   [20,40,5] (15)   42902.3
[20,60]   [20,40,5] (20)   42847.7
[20,60]   [20,40,5] (25)   42920.3
[20,60]   [20,40,5] (30)   42710.4
[20,60]   [20,40,10] (0)   42840
[20,60]   [20,40,10] (5)   42968.2
[20,60]   [20,40,10] (10)   42905.6
[20,60]   [20,40,10] (15)   43028.8
[20,60]   [20,40,10] (20)   42715.2
[20,60]   [20,40,10] (25)   42825.9
[20,60]   [20,40,10] (30)   42907.7
[20,60]   [20,40,15] (0)   42944.9
[20,60]   [20,40,15] (5)   42991.3
[20,60]   [20,40,15] (10)   42861.9
[20,60]   [20,40,15] (15)   42908.8
[20,60]   [20,40,15] (20)   42868.6
[20,60]   [20,40,15] (25)   42943.4
[20,60]   [20,40,15] (30)   42699.9
[20,60]   [20,40,20] (0)   42872.7
[20,60]   [20,40,20] (5)   42857.8
[20,60]   [20,40,20] (10)   42883
[20,60]   [20,40,20] (15)   42881.4
[20,60]   [20,40,20] (20)   42978.2
[20,60]   [20,40,20] (25)   42863
[20,60]   [20,40,20] (30)   42934.3
[20,60]   [20,50,5] (0)   43011.5
[20,60]   [20,50,5] (5)   43079.2
[20,60]   [20,50,5] (10)   43199.1
[20,60]   [20,50,5] (15)   43111
[20,60]   [20,50,5] (20)   43065.1
[20,60]   [20,50,5] (25)   43057.6
[20,60]   [20,50,5] (30)   43113.7
[20,60]   [20,50,10] (0)   43053.6
[20,60]   [20,50,10] (5)   43048.8
[20,60]   [20,50,10] (10)   43008.7
[20,60]   [20,50,10] (15)   42985.6
[20,60]   [20,50,10] (20)   43102.9
[20,60]   [20,50,10] (25)   43067.9
[20,60]   [20,50,10] (30)   42986
[20,60]   [20,50,15] (0)   43200.9
[20,60]   [20,50,15] (5)   43076.9
[20,60]   [20,50,15] (10)   43023.7
[20,60]   [20,50,15] (15)   43143.7
[20,60]   [20,50,15] (20)   43024.6
[20,60]   [20,50,15] (25)   43043.7
[20,60]   [20,50,15] (30)   43042
[20,60]   [20,50,20] (0)   43048.1
[20,60]   [20,50,20] (5)   42946.6
[20,60]   [20,50,20] (10)   43121.7
[20,60]   [20,50,20] (15)   43070.7
[20,60]   [20,50,20] (20)   43073.5
[20,60]   [20,50,20] (25)   42979.6
[20,60]   [20,50,20] (30)   43105.3
[20,60]   [20,60,5] (0)   90369.5
[20,60]   [20,60,5] (5)   90486.1
[20,60]   [20,60,5] (10)   90485
[20,60]   [20,60,5] (15)   90393.7
[20,60]   [20,60,5] (20)   90504.2
[20,60]   [20,60,5] (25)   90484.8
[20,60]   [20,60,5] (30)   90414.6
[20,60]   [20,60,10] (0)   90523.3
[20,60]   [20,60,10] (5)   90451.6
[20,60]   [20,60,10] (10)   90474.5
[20,60]   [20,60,10] (15)   90478.8
[20,60]   [20,60,10] (20)   90576.5
[20,60]   [20,60,10] (25)   90464.9
[20,60]   [20,60,10] (30)   90412.1
[20,60]   [20,60,15] (0)   90535.6
[20,60]   [20,60,15] (5)   90402.3
[20,60]   [20,60,15] (10)   90409.1
[20,60]   [20,60,15] (15)   90486.7
[20,60]   [20,60,15] (20)   90500.3
[20,60]   [20,60,15] (25)   90397
[20,60]   [20,60,15] (30)   90505.7
[20,60]   [20,60,20] (0)   90294.2
[20,60]   [20,60,20] (5)   90502.6
[20,60]   [20,60,20] (10)   90598.2
[20,60]   [20,60,20] (15)   90464.1
[20,60]   [20,60,20] (20)   90514.2
[20,60]   [20,60,20] (25)   90497.9
[20,60]   [20,60,20] (30)   90365.2
[20,60]   [30,10,5] (0)   19028.1
[20,60]   [30,10,5] (5)   12742
[20,60]   [30,10,5] (10)   8347.33
[20,60]   [30,10,5] (15)   6502.54
[20,60]   [30,10,5] (20)   5567.1
[20,60]   [30,10,5] (25)   5467.75
[20,60]   [30,10,5] (30)   5383.73
[20,60]   [30,10,10] (0)   19023.3
[20,60]   [30,10,10] (5)   16172.3
[20,60]   [30,10,10] (10)   14806.7
[20,60]   [30,10,10] (15)   13951.9
[20,60]   [30,10,10] (20)   13667.1
[20,60]   [30,10,10] (25)   13401.6
[20,60]   [30,10,10] (30)   13550.5
[20,60]   [30,10,15] (0)   18965.9
[20,60]   [30,10,15] (5)   14393.5
[20,60]   [30,10,15] (10)   13656.5
[20,60]   [30,10,15] (15)   13323
[20,60]   [30,10,15] (20)   13003.8
[20,60]   [30,10,15] (25)   12992.7
[20,60]   [30,10,15] (30)   12864.2
[20,60]   [30,10,20] (0)   18779.1
[20,60]   [30,10,20] (5)   16698.2
[20,60]   [30,10,20] (10)   15969.7
[20,60]   [30,10,20] (15)   15992
[20,60]   [30,10,20] (20)   15709.8
[20,60]   [30,10,20] (25)   15713.6
[20,60]   [30,10,20] (30)   15770.5
[20,60]   [30,20,5] (0)   19501.3
[20,60]   [30,20,5] (5)   19534.1
[20,60]   [30,20,5] (10)   16039.5
[20,60]   [30,20,5] (15)   11286.7
[20,60]   [30,20,5] (20)   8346.52
[20,60]   [30,20,5] (25)   7579.36
[20,60]   [30,20,5] (30)   7513.9
[20,60]   [30,20,10] (0)   19495.5
[20,60]   [30,20,10] (5)   19465.7
[20,60]   [30,20,10] (10)   18490.4
[20,60]   [30,20,10] (15)   17329.2
[20,60]   [30,20,10] (20)   16344.1
[20,60]   [30,20,10] (25)   15906.4
[20,60]   [30,20,10] (30)   15905.3
[20,60]   [30,20,15] (0)   19478.9
[20,60]   [30,20,15] (5)   19503.9
[20,60]   [30,20,15] (10)   16968.4
[20,60]   [30,20,15] (15)   15505.3
[20,60]   [30,20,15] (20)   14950.9
[20,60]   [30,20,15] (25)   14951
[20,60]   [30,20,15] (30)   14858.4
[20,60]   [30,20,20] (0)   19366.6
[20,60]   [30,20,20] (5)   19457
[20,60]   [30,20,20] (10)   19538.3
[20,60]   [30,20,20] (15)   19085.6
[20,60]   [30,20,20] (20)   18899.7
[20,60]   [30,20,20] (25)   18880.8
[20,60]   [30,20,20] (30)   18926
[20,60]   [30,30,5] (0)   21392.4
[20,60]   [30,30,5] (5)   21258.1
[20,60]   [30,30,5] (10)   21406.6
[20,60]   [30,30,5] (15)   18639.9
[20,60]   [30,30,5] (20)   14283.5
[20,60]   [30,30,5] (25)   12154.2
[20,60]   [30,30,5] (30)   12263.4
[20,60]   [30,30,10] (0)   21124.9
[20,60]   [30,30,10] (5)   21455.5
[20,60]   [30,30,10] (10)   21406.8
[20,60]   [30,30,10] (15)   21060.3
[20,60]   [30,30,10] (20)   19447.1
[20,60]   [30,30,10] (25)   19320.6
[20,60]   [30,30,10] (30)   19394
[20,60]   [30,30,15] (0)   21495.5
[20,60]   [30,30,15] (5)   21441.4
[20,60]   [30,30,15] (10)   21341.9
[20,60]   [30,30,15] (15)   19427.6
[20,60]   [30,30,15] (20)   18162.1
[20,60]   [30,30,15] (25)   18123.9
[20,60]   [30,30,15] (30)   18010.5
[20,60]   [30,30,20] (0)   21465.9
[20,60]   [30,30,20] (5)   21390.5
[20,60]   [30,30,20] (10)   21439.8
[20,60]   [30,30,20] (15)   21606.1
[20,60]   [30,30,20] (20)   20473.4
[20,60]   [30,30,20] (25)   20213.1
[20,60]   [30,30,20] (30)   20345.8
[20,60]   [30,40,5] (0)   26525
[20,60]   [30,40,5] (5)   26480
[20,60]   [30,40,5] (10)   26801.4
[20,60]   [30,40,5] (15)   26581
[20,60]   [30,40,5] (20)   26683.8
[20,60]   [30,40,5] (25)   26540.9
[20,60]   [30,40,5] (30)   25261.6
[20,60]   [30,40,10] (0)   26687.9
[20,60]   [30,40,10] (5)   26386
[20,60]   [30,40,10] (10)   26533.1
[20,60]   [30,40,10] (15)   26604.9
[20,60]   [30,40,10] (20)   26623.4
[20,60]   [30,40,10] (25)   26580.3
[20,60]   [30,40,10] (30)   26700.7
[20,60]   [30,40,15] (0)   26499.3
[20,60]   [30,40,15] (5)   26572.4
[20,60]   [30,40,15] (10)   26813.9
[20,60]   [30,40,15] (15)   26718.1
[20,60]   [30,40,15] (20)   26535.5
[20,60]   [30,40,15] (25)   26465.1
[20,60]   [30,40,15] (30)   26452.9
[20,60]   [30,40,20] (0)   26911.2
[20,60]   [30,40,20] (5)   26682.5
[20,60]   [30,40,20] (10)   26465.2
[20,60]   [30,40,20] (15)   26600.9
[20,60]   [30,40,20] (20)   26660.2
[20,60]   [30,40,20] (25)   26546.8
[20,60]   [30,40,20] (30)   26381.7
[20,60]   [30,50,5] (0)   41652.1
[20,60]   [30,50,5] (5)   41570.1
[20,60]   [30,50,5] (10)   41699.6
[20,60]   [30,50,5] (15)   41646.4
[20,60]   [30,50,5] (20)   41731.5
[20,60]   [30,50,5] (25)   41503.1
[20,60]   [30,50,5] (30)   41504.3
[20,60]   [30,50,10] (0)   41575.3
[20,60]   [30,50,10] (5)   41755.5
[20,60]   [30,50,10] (10)   41677.8
[20,60]   [30,50,10] (15)   41551.8
[20,60]   [30,50,10] (20)   41727.9
[20,60]   [30,50,10] (25)   41534.5
[20,60]   [30,50,10] (30)   41825.2
[20,60]   [30,50,15] (0)   41692.6
[20,60]   [30,50,15] (5)   41669.6
[20,60]   [30,50,15] (10)   41762.7
[20,60]   [30,50,15] (15)   41554.3
[20,60]   [30,50,15] (20)   41644.7
[20,60]   [30,50,15] (25)   41650.1
[20,60]   [30,50,15] (30)   41629.5
[20,60]   [30,50,20] (0)   41769.3
[20,60]   [30,50,20] (5)   41640
[20,60]   [30,50,20] (10)   41736.9
[20,60]   [30,50,20] (15)   41595
[20,60]   [30,50,20] (20)   41763.4
[20,60]   [30,50,20] (25)   41557.1
[20,60]   [30,50,20] (30)   41510.9
[20,60]   [30,60,5] (0)   42042.2
[20,60]   [30,60,5] (5)   42003.5
[20,60]   [30,60,5] (10)   42072.7
[20,60]   [30,60,5] (15)   42024.2
[20,60]   [30,60,5] (20)   42063.9
[20,60]   [30,60,5] (25)   42014.5
[20,60]   [30,60,5] (30)   41834.8
[20,60]   [30,60,10] (0)   42206.2
[20,60]   [30,60,10] (5)   42013.7
[20,60]   [30,60,10] (10)   42075.9
[20,60]   [30,60,10] (15)   42087.1
[20,60]   [30,60,10] (20)   42127.7
[20,60]   [30,60,10] (25)   41926.4
[20,60]   [30,60,10] (30)   42019.7
[20,60]   [30,60,15] (0)   42079.2
[20,60]   [30,60,15] (5)   41864.4
[20,60]   [30,60,15] (10)   41973.8
[20,60]   [30,60,15] (15)   42012
[20,60]   [30,60,15] (20)   41950.7
[20,60]   [30,60,15] (25)   42014
[20,60]   [30,60,15] (30)   41973.8
[20,60]   [30,60,20] (0)   41865
[20,60]   [30,60,20] (5)   42137
[20,60]   [30,60,20] (10)   42069.2
[20,60]   [30,60,20] (15)   42036.1
[20,60]   [30,60,20] (20)   42071.9
[20,60]   [30,60,20] (25)   42089.9
[20,60]   [30,60,20] (30)   41849
[20,60]   [40,10,5] (0)   25693.8
[20,60]   [40,10,5] (5)   15374.1
[20,60]   [40,10,5] (10)   9809.51
[20,60]   [40,10,5] (15)   7479.27
[20,60]   [40,10,5] (20)   6482.87
[20,60]   [40,10,5] (25)   5761.16
[20,60]   [40,10,5] (30)   5424.09
[20,60]   [40,10,10] (0)   25906.2
[20,60]   [40,10,10] (5)   17946.4
[20,60]   [40,10,10] (10)   16628.9
[20,60]   [40,10,10] (15)   15544.9
[20,60]   [40,10,10] (20)   14792.1
[20,60]   [40,10,10] (25)   14384.5
[20,60]   [40,10,10] (30)   14159.9
[20,60]   [40,10,15] (0)   25854.8
[20,60]   [40,10,15] (5)   16968.8
[20,60]   [40,10,15] (10)   15438.9
[20,60]   [40,10,15] (15)   14618.9
[20,60]   [40,10,15] (20)   14438.7
[20,60]   [40,10,15] (25)   14206.8
[20,60]   [40,10,15] (30)   14140.6
[20,60]   [40,10,20] (0)   25890.6
[20,60]   [40,10,20] (5)   19381.7
[20,60]   [40,10,20] (10)   18482.7
[20,60]   [40,10,20] (15)   18772.9
[20,60]   [40,10,20] (20)   18310.4
[20,60]   [40,10,20] (25)   18244.7
[20,60]   [40,10,20] (30)   18260
[20,60]   [40,20,5] (0)   25720.5
[20,60]   [40,20,5] (5)   25719.9
[20,60]   [40,20,5] (10)   18906.8
[20,60]   [40,20,5] (15)   12649.6
[20,60]   [40,20,5] (20)   9452.71
[20,60]   [40,20,5] (25)   7768.3
[20,60]   [40,20,5] (30)   7142.18
[20,60]   [40,20,10] (0)   25678.7
[20,60]   [40,20,10] (5)   25569.7
[20,60]   [40,20,10] (10)   22176
[20,60]   [40,20,10] (15)   18782
[20,60]   [40,20,10] (20)   16807.3
[20,60]   [40,20,10] (25)   16373.6
[20,60]   [40,20,10] (30)   16034.7
[20,60]   [40,20,15] (0)   25620.5
[20,60]   [40,20,15] (5)   25569.3
[20,60]   [40,20,15] (10)   19622.1
[20,60]   [40,20,15] (15)   17344.2
[20,60]   [40,20,15] (20)   16120.6
[20,60]   [40,20,15] (25)   15648.4
[20,60]   [40,20,15] (30)   15587.4
[20,60]   [40,20,20] (0)   25475.2
[20,60]   [40,20,20] (5)   25726.8
[20,60]   [40,20,20] (10)   25309
[20,60]   [40,20,20] (15)   24528.7
[20,60]   [40,20,20] (20)   24494.9
[20,60]   [40,20,20] (25)   24263.4
[20,60]   [40,20,20] (30)   23993.4
[20,60]   [40,30,5] (0)   23062.2
[20,60]   [40,30,5] (5)   23085.2
[20,60]   [40,30,5] (10)   22906.5
[20,60]   [40,30,5] (15)   20784.1
[20,60]   [40,30,5] (20)   15085
[20,60]   [40,30,5] (25)   11162.4
[20,60]   [40,30,5] (30)   9552.13
[20,60]   [40,30,10] (0)   23059.4
[20,60]   [40,30,10] (5)   23045.8
[20,60]   [40,30,10] (10)   23080.6
[20,60]   [40,30,10] (15)   22755.1
[20,60]   [40,30,10] (20)   20483.2
[20,60]   [40,30,10] (25)   19072.1
[20,60]   [40,30,10] (30)   18459.8
[20,60]   [40,30,15] (0)   22987.8
[20,60]   [40,30,15] (5)   23101.7
[20,60]   [40,30,15] (10)   22916.7
[20,60]   [40,30,15] (15)   20864.8
[20,60]   [40,30,15] (20)   19072.2
[20,60]   [40,30,15] (25)   18064
[20,60]   [40,30,15] (30)   17817.8
[20,60]   [40,30,20] (0)   23122.2
[20,60]   [40,30,20] (5)   23114.3
[20,60]   [40,30,20] (10)   23079.7
[20,60]   [40,30,20] (15)   22872.1
[20,60]   [40,30,20] (20)   22168.2
[20,60]   [40,30,20] (25)   21789.3
[20,60]   [40,30,20] (30)   21637.3
[20,60]   [40,40,5] (0)   28771.8
[20,60]   [40,40,5] (5)   28796.2
[20,60]   [40,40,5] (10)   28670
[20,60]   [40,40,5] (15)   28884.7
[20,60]   [40,40,5] (20)   23954.6
[20,60]   [40,40,5] (25)   19517.7
[20,60]   [40,40,5] (30)   15537.8
[20,60]   [40,40,10] (0)   28523.2
[20,60]   [40,40,10] (5)   28612.5
[20,60]   [40,40,10] (10)   29359.9
[20,60]   [40,40,10] (15)   27928.4
[20,60]   [40,40,10] (20)   26668.9
[20,60]   [40,40,10] (25)   24054.7
[20,60]   [40,40,10] (30)   22647.7
[20,60]   [40,40,15] (0)   28663.4
[20,60]   [40,40,15] (5)   28606.5
[20,60]   [40,40,15] (10)   28500.8
[20,60]   [40,40,15] (15)   28812
[20,60]   [40,40,15] (20)   23858.2
[20,60]   [40,40,15] (25)   22268.5
[20,60]   [40,40,15] (30)   21540.7
[20,60]   [40,40,20] (0)   28702.9
[20,60]   [40,40,20] (5)   28748.7
[20,60]   [40,40,20] (10)   28505.3
[20,60]   [40,40,20] (15)   28585.8
[20,60]   [40,40,20] (20)   29022.2
[20,60]   [40,40,20] (25)   28652.4
[20,60]   [40,40,20] (30)   28133.3
[20,60]   [40,50,5] (0)   28906.6
[20,60]   [40,50,5] (5)   28556.1
[20,60]   [40,50,5] (10)   28549.8
[20,60]   [40,50,5] (15)   28916
[20,60]   [40,50,5] (20)   28948.8
[20,60]   [40,50,5] (25)   28615.3
[20,60]   [40,50,5] (30)   28384.2
[20,60]   [40,50,10] (0)   28566.9
[20,60]   [40,50,10] (5)   29336.4
[20,60]   [40,50,10] (10)   28275.1
[20,60]   [40,50,10] (15)   29241.5
[20,60]   [40,50,10] (20)   28268.6
[20,60]   [40,50,10] (25)   28417.9
[20,60]   [40,50,10] (30)   28577.2
[20,60]   [40,50,15] (0)   28313.9
[20,60]   [40,50,15] (5)   28847
[20,60]   [40,50,15] (10)   28584.9
[20,60]   [40,50,15] (15)   28599
[20,60]   [40,50,15] (20)   28386.4
[20,60]   [40,50,15] (25)   28812.6
[20,60]   [40,50,15] (30)   28186.8
[20,60]   [40,50,20] (0)   28580.1
[20,60]   [40,50,20] (5)   28509.6
[20,60]   [40,50,20] (10)   28434.8
[20,60]   [40,50,20] (15)   28445.3
[20,60]   [40,50,20] (20)   28429.5
[20,60]   [40,50,20] (25)   28356.8
[20,60]   [40,50,20] (30)   28583.6
[20,60]   [40,60,5] (0)   41808.2
[20,60]   [40,60,5] (5)   41820.9
[20,60]   [40,60,5] (10)   41656.4
[20,60]   [40,60,5] (15)   41805.9
[20,60]   [40,60,5] (20)   41840.5
[20,60]   [40,60,5] (25)   41822.9
[20,60]   [40,60,5] (30)   41738.8
[20,60]   [40,60,10] (0)   41897.7
[20,60]   [40,60,10] (5)   41871.9
[20,60]   [40,60,10] (10)   41924.9
[20,60]   [40,60,10] (15)   41811.7
[20,60]   [40,60,10] (20)   41760.1
[20,60]   [40,60,10] (25)   41916.9
[20,60]   [40,60,10] (30)   41757
[20,60]   [40,60,15] (0)   41904.8
[20,60]   [40,60,15] (5)   41804
[20,60]   [40,60,15] (10)   41842.5
[20,60]   [40,60,15] (15)   41850.8
[20,60]   [40,60,15] (20)   41715.7
[20,60]   [40,60,15] (25)   41678.4
[20,60]   [40,60,15] (30)   41739.9
[20,60]   [40,60,20] (0)   41719.7
[20,60]   [40,60,20] (5)   41578.7
[20,60]   [40,60,20] (10)   41680.7
[20,60]   [40,60,20] (15)   41858.4
[20,60]   [40,60,20] (20)   41674.1
[20,60]   [40,60,20] (25)   41773.7
[20,60]   [40,60,20] (30)   41771.6
[20,60]   [50,10,5] (0)   31995.2
[20,60]   [50,10,5] (5)   20912.6
[20,60]   [50,10,5] (10)   11247.5
[20,60]   [50,10,5] (15)   8828.59
[20,60]   [50,10,5] (20)   7418.94
[20,60]   [50,10,5] (25)   6553.51
[20,60]   [50,10,5] (30)   5868.42
[20,60]   [50,10,10] (0)   31959.4
[20,60]   [50,10,10] (5)   22587.9
[20,60]   [50,10,10] (10)   18248.2
[20,60]   [50,10,10] (15)   16950.3
[20,60]   [50,10,10] (20)   16004.6
[20,60]   [50,10,10] (25)   15432
[20,60]   [50,10,10] (30)   14992.8
[20,60]   [50,10,15] (0)   32137.3
[20,60]   [50,10,15] (5)   19128.5
[20,60]   [50,10,15] (10)   17428.7
[20,60]   [50,10,15] (15)   15917
[20,60]   [50,10,15] (20)   15712.2
[20,60]   [50,10,15] (25)   15162.1
[20,60]   [50,10,15] (30)   14769.6
[20,60]   [50,10,20] (0)   32245.9
[20,60]   [50,10,20] (5)   20978.9
[20,60]   [50,10,20] (10)   21697.3
[20,60]   [50,10,20] (15)   18675.7
[20,60]   [50,10,20] (20)   18280
[20,60]   [50,10,20] (25)   17835.6
[20,60]   [50,10,20] (30)   17415.6
[20,60]   [50,20,5] (0)   23423.9
[20,60]   [50,20,5] (5)   23484.5
[20,60]   [50,20,5] (10)   20081.4
[20,60]   [50,20,5] (15)   13952.1
[20,60]   [50,20,5] (20)   10683.2
[20,60]   [50,20,5] (25)   8693.32
[20,60]   [50,20,5] (30)   7565.02
[20,60]   [50,20,10] (0)   23406.5
[20,60]   [50,20,10] (5)   23446
[20,60]   [50,20,10] (10)   22582.7
[20,60]   [50,20,10] (15)   19212.8
[20,60]   [50,20,10] (20)   18677.7
[20,60]   [50,20,10] (25)   17245.6
[20,60]   [50,20,10] (30)   16827.1
[20,60]   [50,20,15] (0)   23458
[20,60]   [50,20,15] (5)   23291
[20,60]   [50,20,15] (10)   20751.3
[20,60]   [50,20,15] (15)   18416.9
[20,60]   [50,20,15] (20)   17406.2
[20,60]   [50,20,15] (25)   16914.4
[20,60]   [50,20,15] (30)   16491.1
[20,60]   [50,20,20] (0)   23443.6
[20,60]   [50,20,20] (5)   23459.4
[20,60]   [50,20,20] (10)   23211.1
[20,60]   [50,20,20] (15)   21549.7
[20,60]   [50,20,20] (20)   21474.3
[20,60]   [50,20,20] (25)   20963.3
[20,60]   [50,20,20] (30)   20742.6
[20,60]   [50,30,5] (0)   28340.3
[20,60]   [50,30,5] (5)   28533.3
[20,60]   [50,30,5] (10)   28562.3
[20,60]   [50,30,5] (15)   22135.1
[20,60]   [50,30,5] (20)   16693.3
[20,60]   [50,30,5] (25)   12105
[20,60]   [50,30,5] (30)   9855.57
[20,60]   [50,30,10] (0)   28409.8
[20,60]   [50,30,10] (5)   28569
[20,60]   [50,30,10] (10)   28535
[20,60]   [50,30,10] (15)   24406.8
[20,60]   [50,30,10] (20)   22198.7
[20,60]   [50,30,10] (25)   20043.6
[20,60]   [50,30,10] (30)   18947.7
[20,60]   [50,30,15] (0)   28614.2
[20,60]   [50,30,15] (5)   28526
[20,60]   [50,30,15] (10)   27780.5
[20,60]   [50,30,15] (15)   22253.3
[20,60]   [50,30,15] (20)   20492.7
[20,60]   [50,30,15] (25)   19336.4
[20,60]   [50,30,15] (30)   18128.6
[20,60]   [50,30,20] (0)   28413.1
[20,60]   [50,30,20] (5)   28550.2
[20,60]   [50,30,20] (10)   28651.5
[20,60]   [50,30,20] (15)   24073
[20,60]   [50,30,20] (20)   22348.4
[20,60]   [50,30,20] (25)   21407.9
[20,60]   [50,30,20] (30)   21225.3
[20,60]   [50,40,5] (0)   25844.4
[20,60]   [50,40,5] (5)   26023.1
[20,60]   [50,40,5] (10)   25885.8
[20,60]   [50,40,5] (15)   26067.2
[20,60]   [50,40,5] (20)   23870.1
[20,60]   [50,40,5] (25)   19843.8
[20,60]   [50,40,5] (30)   14538.7
[20,60]   [50,40,10] (0)   25992.4
[20,60]   [50,40,10] (5)   26077.6
[20,60]   [50,40,10] (10)   26007.9
[20,60]   [50,40,10] (15)   26029.9
[20,60]   [50,40,10] (20)   25654.9
[20,60]   [50,40,10] (25)   23824.1
[20,60]   [50,40,10] (30)   22120.7
[20,60]   [50,40,15] (0)   26024.6
[20,60]   [50,40,15] (5)   25956.2
[20,60]   [50,40,15] (10)   25996.5
[20,60]   [50,40,15] (15)   25433
[20,60]   [50,40,15] (20)   24055
[20,60]   [50,40,15] (25)   22211.9
[20,60]   [50,40,15] (30)   20766
[20,60]   [50,40,20] (0)   26021.6
[20,60]   [50,40,20] (5)   25922.3
[20,60]   [50,40,20] (10)   26035.6
[20,60]   [50,40,20] (15)   25987.2
[20,60]   [50,40,20] (20)   25873.4
[20,60]   [50,40,20] (25)   24839.8
[20,60]   [50,40,20] (30)   24083.6
[20,60]   [50,50,5] (0)   27380.5
[20,60]   [50,50,5] (5)   27238.3
[20,60]   [50,50,5] (10)   27413.7
[20,60]   [50,50,5] (15)   27262.9
[20,60]   [50,50,5] (20)   26929.6
[20,60]   [50,50,5] (25)   25555.5
[20,60]   [50,50,5] (30)   22995.8
[20,60]   [50,50,10] (0)   27309.8
[20,60]   [50,50,10] (5)   27428.3
[20,60]   [50,50,10] (10)   27398.4
[20,60]   [50,50,10] (15)   27327.6
[20,60]   [50,50,10] (20)   27377.9
[20,60]   [50,50,10] (25)   27188.4
[20,60]   [50,50,10] (30)   26158.9
[20,60]   [50,50,15] (0)   27324.4
[20,60]   [50,50,15] (5)   27430.1
[20,60]   [50,50,15] (10)   27217.2
[20,60]   [50,50,15] (15)   27375.9
[20,60]   [50,50,15] (20)   27343.8
[20,60]   [50,50,15] (25)   25631.4
[20,60]   [50,50,15] (30)   24483.2
[20,60]   [50,50,20] (0)   27317.6
[20,60]   [50,50,20] (5)   27386.6
[20,60]   [50,50,20] (10)   27381.3
[20,60]   [50,50,20] (15)   27348.6
[20,60]   [50,50,20] (20)   27339.9
[20,60]   [50,50,20] (25)   27330.6
[20,60]   [50,50,20] (30)   26326
[20,60]   [50,60,5] (0)   29802
[20,60]   [50,60,5] (5)   29879.8
[20,60]   [50,60,5] (10)   30675.9
[20,60]   [50,60,5] (15)   29826.2
[20,60]   [50,60,5] (20)   30353.8
[20,60]   [50,60,5] (25)   30048.9
[20,60]   [50,60,5] (30)   29673.8
[20,60]   [50,60,10] (0)   30239.9
[20,60]   [50,60,10] (5)   30032.2
[20,60]   [50,60,10] (10)   29608.4
[20,60]   [50,60,10] (15)   29976.5
[20,60]   [50,60,10] (20)   30166.1
[20,60]   [50,60,10] (25)   29897.6
[20,60]   [50,60,10] (30)   26807.3
[20,60]   [50,60,15] (0)   30124.2
[20,60]   [50,60,15] (5)   29958.6
[20,60]   [50,60,15] (10)   29914.8
[20,60]   [50,60,15] (15)   29669.9
[20,60]   [50,60,15] (20)   30054
[20,60]   [50,60,15] (25)   29651.5
[20,60]   [50,60,15] (30)   30120.9
[20,60]   [50,60,20] (0)   30487.4
[20,60]   [50,60,20] (5)   29918.4
[20,60]   [50,60,20] (10)   30002.1
[20,60]   [50,60,20] (15)   30338
[20,60]   [50,60,20] (20)   30743.3
[20,60]   [50,60,20] (25)   30518.5
[20,60]   [50,60,20] (30)   30370.2
[20,60]   [60,10,5] (0)   37045.8
[20,60]   [60,10,5] (5)   25336.4
[20,60]   [60,10,5] (10)   12645.5
[20,60]   [60,10,5] (15)   9667.02
[20,60]   [60,10,5] (20)   8250.83
[20,60]   [60,10,5] (25)   7283.15
[20,60]   [60,10,5] (30)   6500.64
[20,60]   [60,10,10] (0)   37020.8
[20,60]   [60,10,10] (5)   27898.6
[20,60]   [60,10,10] (10)   19635.7
[20,60]   [60,10,10] (15)   18197.8
[20,60]   [60,10,10] (20)   17295.1
[20,60]   [60,10,10] (25)   16473.7
[20,60]   [60,10,10] (30)   15892.5
[20,60]   [60,10,15] (0)   36570.7
[20,60]   [60,10,15] (5)   22273.8
[20,60]   [60,10,15] (10)   18554.6
[20,60]   [60,10,15] (15)   17394.7
[20,60]   [60,10,15] (20)   16924.5
[20,60]   [60,10,15] (25)   16022.3
[20,60]   [60,10,15] (30)   15633.1
[20,60]   [60,10,20] (0)   36717
[20,60]   [60,10,20] (5)   22710.6
[20,60]   [60,10,20] (10)   21660.4
[20,60]   [60,10,20] (15)   21452.3
[20,60]   [60,10,20] (20)   20681.4
[20,60]   [60,10,20] (25)   20685.4
[20,60]   [60,10,20] (30)   20131.2
[20,60]   [60,20,5] (0)   31415.2
[20,60]   [60,20,5] (5)   31474.3
[20,60]   [60,20,5] (10)   23832.7
[20,60]   [60,20,5] (15)   15536.1
[20,60]   [60,20,5] (20)   11568.4
[20,60]   [60,20,5] (25)   9469.06
[20,60]   [60,20,5] (30)   8150.42
[20,60]   [60,20,10] (0)   31548.2
[20,60]   [60,20,10] (5)   31500.1
[20,60]   [60,20,10] (10)   25407.6
[20,60]   [60,20,10] (15)   21696.1
[20,60]   [60,20,10] (20)   19735.9
[20,60]   [60,20,10] (25)   18703.1
[20,60]   [60,20,10] (30)   17457.4
[20,60]   [60,20,15] (0)   31492.7
[20,60]   [60,20,15] (5)   31424.6
[20,60]   [60,20,15] (10)   23071
[20,60]   [60,20,15] (15)   19939.8
[20,60]   [60,20,15] (20)   18936.7
[20,60]   [60,20,15] (25)   18204.9
[20,60]   [60,20,15] (30)   17377.1
[20,60]   [60,20,20] (0)   31551.8
[20,60]   [60,20,20] (5)   31469.9
[20,60]   [60,20,20] (10)   28865.5
[20,60]   [60,20,20] (15)   27385.6
[20,60]   [60,20,20] (20)   27023.2
[20,60]   [60,20,20] (25)   26423.5
[20,60]   [60,20,20] (30)   26019.8
[20,60]   [60,30,5] (0)   26055.5
[20,60]   [60,30,5] (5)   26166.7
[20,60]   [60,30,5] (10)   26052.6
[20,60]   [60,30,5] (15)   23527
[20,60]   [60,30,5] (20)   18054.9
[20,60]   [60,30,5] (25)   13327.8
[20,60]   [60,30,5] (30)   10649.9
[20,60]   [60,30,10] (0)   26098.3
[20,60]   [60,30,10] (5)   26132.1
[20,60]   [60,30,10] (10)   26011.3
[20,60]   [60,30,10] (15)   25722.9
[20,60]   [60,30,10] (20)   23428.2
[20,60]   [60,30,10] (25)   21199.7
[20,60]   [60,30,10] (30)   19932.4
[20,60]   [60,30,15] (0)   25945.5
[20,60]   [60,30,15] (5)   26115.6
[20,60]   [60,30,15] (10)   26174.2
[20,60]   [60,30,15] (15)   24204.3
[20,60]   [60,30,15] (20)   21679.9
[20,60]   [60,30,15] (25)   20428.9
[20,60]   [60,30,15] (30)   19126.5
[20,60]   [60,30,20] (0)   26007.3
[20,60]   [60,30,20] (5)   26036.5
[20,60]   [60,30,20] (10)   26163.7
[20,60]   [60,30,20] (15)   25688.2
[20,60]   [60,30,20] (20)   24221.6
[20,60]   [60,30,20] (25)   23383.9
[20,60]   [60,30,20] (30)   23002.4
[20,60]   [60,40,5] (0)   30774.8
[20,60]   [60,40,5] (5)   30935.3
[20,60]   [60,40,5] (10)   30946.2
[20,60]   [60,40,5] (15)   30089.7
[20,60]   [60,40,5] (20)   25616.9
[20,60]   [60,40,5] (25)   21219.6
[20,60]   [60,40,5] (30)   15457.8
[20,60]   [60,40,10] (0)   30957.3
[20,60]   [60,40,10] (5)   30605.3
[20,60]   [60,40,10] (10)   30939.2
[20,60]   [60,40,10] (15)   30921.8
[20,60]   [60,40,10] (20)   28614.2
[20,60]   [60,40,10] (25)   25763.3
[20,60]   [60,40,10] (30)   22640.8
[20,60]   [60,40,15] (0)   30874.2
[20,60]   [60,40,15] (5)   30786.4
[20,60]   [60,40,15] (10)   30959.5
[20,60]   [60,40,15] (15)   30880.6
[20,60]   [60,40,15] (20)   26417.6
[20,60]   [60,40,15] (25)   23697.5
[20,60]   [60,40,15] (30)   21932.6
[20,60]   [60,40,20] (0)   30913.4
[20,60]   [60,40,20] (5)   30713.3
[20,60]   [60,40,20] (10)   30783.8
[20,60]   [60,40,20] (15)   30544.9
[20,60]   [60,40,20] (20)   30706.3
[20,60]   [60,40,20] (25)   29960.2
[20,60]   [60,40,20] (30)   29122.2
[20,60]   [60,50,5] (0)   28336.8
[20,60]   [60,50,5] (5)   28389.1
[20,60]   [60,50,5] (10)   28452.4
[20,60]   [60,50,5] (15)   28157.8
[20,60]   [60,50,5] (20)   28270.9
[20,60]   [60,50,5] (25)   27048
[20,60]   [60,50,5] (30)   23415.3
[20,60]   [60,50,10] (0)   28304.9
[20,60]   [60,50,10] (5)   28458.1
[20,60]   [60,50,10] (10)   28478.5
[20,60]   [60,50,10] (15)   28515.8
[20,60]   [60,50,10] (20)   28300.5
[20,60]   [60,50,10] (25)   28307.1
[20,60]   [60,50,10] (30)   26976.4
[20,60]   [60,50,15] (0)   28151.1
[20,60]   [60,50,15] (5)   28187.1
[20,60]   [60,50,15] (10)   28349.7
[20,60]   [60,50,15] (15)   28455.8
[20,60]   [60,50,15] (20)   27858.9
[20,60]   [60,50,15] (25)   26892
[20,60]   [60,50,15] (30)   25153
[20,60]   [60,50,20] (0)   28336
[20,60]   [60,50,20] (5)   28221.3
[20,60]   [60,50,20] (10)   28437.5
[20,60]   [60,50,20] (15)   28417.9
[20,60]   [60,50,20] (20)   28233.7
[20,60]   [60,50,20] (25)   28172.5
[20,60]   [60,50,20] (30)   27348.3
[20,60]   [60,60,5] (0)   32446.7
[20,60]   [60,60,5] (5)   32605.9
[20,60]   [60,60,5] (10)   32708.1
[20,60]   [60,60,5] (15)   32525
[20,60]   [60,60,5] (20)   32839.4
[20,60]   [60,60,5] (25)   33011.8
[20,60]   [60,60,5] (30)   29412.1
[20,60]   [60,60,10] (0)   32755.6
[20,60]   [60,60,10] (5)   32764.1
[20,60]   [60,60,10] (10)   32533.2
[20,60]   [60,60,10] (15)   32791.4
[20,60]   [60,60,10] (20)   32654.8
[20,60]   [60,60,10] (25)   32624.6
[20,60]   [60,60,10] (30)   30866.2
[20,60]   [60,60,15] (0)   32676.4
[20,60]   [60,60,15] (5)   32593.7
[20,60]   [60,60,15] (10)   32570.5
[20,60]   [60,60,15] (15)   32639.4
[20,60]   [60,60,15] (20)   32683.9
[20,60]   [60,60,15] (25)   32707.8
[20,60]   [60,60,15] (30)   29133.6
[20,60]   [60,60,20] (0)   32900.2
[20,60]   [60,60,20] (5)   32764.9
[20,60]   [60,60,20] (10)   32849.5
[20,60]   [60,60,20] (15)   32694.9
[20,60]   [60,60,20] (20)   32732.8
[20,60]   [60,60,20] (25)   32873.8
[20,60]   [60,60,20] (30)   32680.3
