[70,10]   [10,10,5] (0)   62.184
[70,10]   [10,10,5] (5)   44.0549
[70,10]   [10,10,5] (10)   47.233
[70,10]   [10,10,5] (15)   57.3726
[70,10]   [10,10,5] (20)   67.3468
[70,10]   [10,10,5] (25)   77.167
[70,10]   [10,10,5] (30)   87.2575
[70,10]   [10,10,10] (0)   64.9417
[70,10]   [10,10,10] (5)   51.9678
[70,10]   [10,10,10] (10)   59.0356
[70,10]   [10,10,10] (15)   67.7645
[70,10]   [10,10,10] (20)   76.5725
[70,10]   [10,10,10] (25)   85.2803
[70,10]   [10,10,10] (30)   94.1386
[70,10]   [10,10,15] (0)   65.8742
[70,10]   [10,10,15] (5)   54.6553
[70,10]   [10,10,15] (10)   62.958
[70,10]   [10,10,15] (15)   71.7228
[70,10]   [10,10,15] (20)   80.8003
[70,10]   [10,10,15] (25)   89.7613
[70,10]   [10,10,15] (30)   98.8077
[70,10]   [10,10,20] (0)   64.4067
[70,10]   [10,10,20] (5)   63.4396
[70,10]   [10,10,20] (10)   71.7699
[70,10]   [10,10,20] (15)   80.392
[70,10]   [10,10,20] (20)   89.0365
[70,10]   [10,10,20] (25)   97.4938
[70,10]   [10,10,20] (30)   106.168
[70,10]   [10,20,5] (0)   7856.29
[70,10]   [10,20,5] (5)   7915.58
[70,10]   [10,20,5] (10)   7841.33
[70,10]   [10,20,5] (15)   7906.37
[70,10]   [10,20,5] (20)   7844.12
[70,10]   [10,20,5] (25)   5810.54
[70,10]   [10,20,5] (30)   6599.02
[70,10]   [10,20,10] (0)   8026.99
[70,10]   [10,20,10] (5)   7732.11
[70,10]   [10,20,10] (10)   7881.33
[70,10]   [10,20,10] (15)   7801.02
[70,10]   [10,20,10] (20)   7846.39
[70,10]   [10,20,10] (25)   7804.27
[70,10]   [10,20,10] (30)   7868.36
[70,10]   [10,20,15] (0)   7741.41
[70,10]   [10,20,15] (5)   7862.66
[70,10]   [10,20,15] (10)   7790.78
[70,10]   [10,20,15] (15)   7741.17
[70,10]   [10,20,15] (20)   7829.08
[70,10]   [10,20,15] (25)   5331.83
[70,10]   [10,20,15] (30)   6093.47
[70,10]   [10,20,20] (0)   7857.56
[70,10]   [10,20,20] (5)   7820.46
[70,10]   [10,20,20] (10)   7846.23
[70,10]   [10,20,20] (15)   7757.96
[70,10]   [10,20,20] (20)   7778.84
[70,10]   [10,20,20] (25)   7945.66
[70,10]   [10,20,20] (30)   7837.91
[70,10]   [10,30,5] (0)   16771
[70,10]   [10,30,5] (5)   16858
[70,10]   [10,30,5] (10)   16645
[70,10]   [10,30,5] (15)   16826.3
[70,10]   [10,30,5] (20)   16888.7
[70,10]   [10,30,5] (25)   16587.3
[70,10]   [10,30,5] (30)   15306.5
[70,10]   [10,30,10] (0)   16829
[70,10]   [10,30,10] (5)   16964.3
[70,10]   [10,30,10] (10)   16713.8
[70,10]   [10,30,10] (15)   16640.8
[70,10]   [10,30,10] (20)   16716
[70,10]   [10,30,10] (25)   17097.5
[70,10]   [10,30,10] (30)   18827.1
[70,10]   [10,30,15] (0)   16670.5
[70,10]   [10,30,15] (5)   16649.1
[70,10]   [10,30,15] (10)   16568.9
[70,10]   [10,30,15] (15)   16799.9
[70,10]   [10,30,15] (20)   17026
[70,10]   [10,30,15] (25)   16733.7
[70,10]   [10,30,15] (30)   14094.9
[70,10]   [10,30,20] (0)   17061.1
[70,10]   [10,30,20] (5)   16420.9
[70,10]   [10,30,20] (10)   16587.4
[70,10]   [10,30,20] (15)   16706.2
[70,10]   [10,30,20] (20)   16652.3
[70,10]   [10,30,20] (25)   16645
[70,10]   [10,30,20] (30)   16621.8
[70,10]   [10,40,5] (0)   24249.6
[70,10]   [10,40,5] (5)   24340.6
[70,10]   [10,40,5] (10)   24233
[70,10]   [10,40,5] (15)   24561.5
[70,10]   [10,40,5] (20)   24334
[70,10]   [10,40,5] (25)   24257.2
[70,10]   [10,40,5] (30)   24560.5
[70,10]   [10,40,10] (0)   24326.2
[70,10]   [10,40,10] (5)   24336.9
[70,10]   [10,40,10] (10)   24707.4
[70,10]   [10,40,10] (15)   24364.4
[70,10]   [10,40,10] (20)   24336
[70,10]   [10,40,10] (25)   24436.5
[70,10]   [10,40,10] (30)   24288.6
[70,10]   [10,40,15] (0)   24333.3
[70,10]   [10,40,15] (5)   24329.7
[70,10]   [10,40,15] (10)   24285.3
[70,10]   [10,40,15] (15)   24232.4
[70,10]   [10,40,15] (20)   24336.9
[70,10]   [10,40,15] (25)   24412.9
[70,10]   [10,40,15] (30)   24322.4
[70,10]   [10,40,20] (0)   24245
[70,10]   [10,40,20] (5)   24146.4
[70,10]   [10,40,20] (10)   24401.8
[70,10]   [10,40,20] (15)   24262.6
[70,10]   [10,40,20] (20)   24490.5
[70,10]   [10,40,20] (25)   24349.5
[70,10]   [10,40,20] (30)   24124.2
[70,10]   [10,50,5] (0)   30456.6
[70,10]   [10,50,5] (5)   30433.4
[70,10]   [10,50,5] (10)   30457.2
[70,10]   [10,50,5] (15)   30547
[70,10]   [10,50,5] (20)   30453.1
[70,10]   [10,50,5] (25)   30290
[70,10]   [10,50,5] (30)   30420.6
[70,10]   [10,50,10] (0)   30511.4
[70,10]   [10,50,10] (5)   30579.2
[70,10]   [10,50,10] (10)   30433.1
[70,10]   [10,50,10] (15)   30371.8
[70,10]   [10,50,10] (20)   30431
[70,10]   [10,50,10] (25)   30677.3
[70,10]   [10,50,10] (30)   30449
[70,10]   [10,50,15] (0)   30434.5
[70,10]   [10,50,15] (5)   30460.3
[70,10]   [10,50,15] (10)   30719.4
[70,10]   [10,50,15] (15)   30604.7
[70,10]   [10,50,15] (20)   30339.1
[70,10]   [10,50,15] (25)   30461.5
[70,10]   [10,50,15] (30)   30426
[70,10]   [10,50,20] (0)   30580.6
[70,10]   [10,50,20] (5)   30440.1
[70,10]   [10,50,20] (10)   30817.9
[70,10]   [10,50,20] (15)   30429.5
[70,10]   [10,50,20] (20)   30436.3
[70,10]   [10,50,20] (25)   30327.6
[70,10]   [10,50,20] (30)   30525.2
[70,10]   [10,60,5] (0)   35516.7
[70,10]   [10,60,5] (5)   35375.1
[70,10]   [10,60,5] (10)   35411.6
[70,10]   [10,60,5] (15)   35499.4
[70,10]   [10,60,5] (20)   35850
[70,10]   [10,60,5] (25)   35234.3
[70,10]   [10,60,5] (30)   35445.6
[70,10]   [10,60,10] (0)   35538.3
[70,10]   [10,60,10] (5)   35444.6
[70,10]   [10,60,10] (10)   35663
[70,10]   [10,60,10] (15)   35439.4
[70,10]   [10,60,10] (20)   35692.6
[70,10]   [10,60,10] (25)   35435.2
[70,10]   [10,60,10] (30)   35296.5
[70,10]   [10,60,15] (0)   35527.6
[70,10]   [10,60,15] (5)   35416.8
[70,10]   [10,60,15] (10)   35441.6
[70,10]   [10,60,15] (15)   35393.1
[70,10]   [10,60,15] (20)   35507.9
[70,10]   [10,60,15] (25)   35467.5
[70,10]   [10,60,15] (30)   35532.3
[70,10]   [10,60,20] (0)   35712.1
[70,10]   [10,60,20] (5)   34918.3
[70,10]   [10,60,20] (10)   35367.4
[70,10]   [10,60,20] (15)   35593.3
[70,10]   [10,60,20] (20)   35595.9
[70,10]   [10,60,20] (25)   35399.5
[70,10]   [10,60,20] (30)   35343.6
[70,10]   [20,10,5] (0)   7496.14
[70,10]   [20,10,5] (5)   1536.33
[70,10]   [20,10,5] (10)   49.2258
[70,10]   [20,10,5] (15)   53.7502
[70,10]   [20,10,5] (20)   63.091
[70,10]   [20,10,5] (25)   73.2307
[70,10]   [20,10,5] (30)   83.11
[70,10]   [20,10,10] (0)   7565.26
[70,10]   [20,10,10] (5)   1540.35
[70,10]   [20,10,10] (10)   64.1963
[70,10]   [20,10,10] (15)   69.4563
[70,10]   [20,10,10] (20)   77.5591
[70,10]   [20,10,10] (25)   85.9369
[70,10]   [20,10,10] (30)   94.1481
[70,10]   [20,10,15] (0)   7667.74
[70,10]   [20,10,15] (5)   85.0977
[70,10]   [20,10,15] (10)   69.4559
[70,10]   [20,10,15] (15)   75.9384
[70,10]   [20,10,15] (20)   84.0963
[70,10]   [20,10,15] (25)   92.7739
[70,10]   [20,10,15] (30)   101.064
[70,10]   [20,10,20] (0)   7518.26
[70,10]   [20,10,20] (5)   118.138
[70,10]   [20,10,20] (10)   82.5398
[70,10]   [20,10,20] (15)   88.1217
[70,10]   [20,10,20] (20)   96.0689
[70,10]   [20,10,20] (25)   104.044
[70,10]   [20,10,20] (30)   112.026
[70,10]   [20,20,5] (0)   97.9034
[70,10]   [20,20,5] (5)   98.0792
[70,10]   [20,20,5] (10)   88.2447
[70,10]   [20,20,5] (15)   76.8665
[70,10]   [20,20,5] (20)   82.6469
[70,10]   [20,20,5] (25)   91.6113
[70,10]   [20,20,5] (30)   99.7098
[70,10]   [20,20,10] (0)   97.2941
[70,10]   [20,20,10] (5)   99.3616
[70,10]   [20,20,10] (10)   91.7994
[70,10]   [20,20,10] (15)   90.1173
[70,10]   [20,20,10] (20)   97.4616
[70,10]   [20,20,10] (25)   104.845
[70,10]   [20,20,10] (30)   112.937
[70,10]   [20,20,15] (0)   99.7873
[70,10]   [20,20,15] (5)   99.098
[70,10]   [20,20,15] (10)   89.4876
[70,10]   [20,20,15] (15)   92.4553
[70,10]   [20,20,15] (20)   100.255
[70,10]   [20,20,15] (25)   108.124
[70,10]   [20,20,15] (30)   116.228
[70,10]   [20,20,20] (0)   100.361
[70,10]   [20,20,20] (5)   98.216
[70,10]   [20,20,20] (10)   94.6313
[70,10]   [20,20,20] (15)   100.023
[70,10]   [20,20,20] (20)   107.745
[70,10]   [20,20,20] (25)   115.432
[70,10]   [20,20,20] (30)   123.384
[70,10]   [20,30,5] (0)   5010.5
[70,10]   [20,30,5] (5)   5041.13
[70,10]   [20,30,5] (10)   5031.36
[70,10]   [20,30,5] (15)   4985.34
[70,10]   [20,30,5] (20)   5072.87
[70,10]   [20,30,5] (25)   4732.48
[70,10]   [20,30,5] (30)   4542.67
[70,10]   [20,30,10] (0)   4977.14
[70,10]   [20,30,10] (5)   5068.14
[70,10]   [20,30,10] (10)   5110.05
[70,10]   [20,30,10] (15)   4979.74
[70,10]   [20,30,10] (20)   5129.29
[70,10]   [20,30,10] (25)   4994.59
[70,10]   [20,30,10] (30)   5026.64
[70,10]   [20,30,15] (0)   5117.94
[70,10]   [20,30,15] (5)   5037.74
[70,10]   [20,30,15] (10)   5043.31
[70,10]   [20,30,15] (15)   5064.63
[70,10]   [20,30,15] (20)   5023.88
[70,10]   [20,30,15] (25)   5101.47
[70,10]   [20,30,15] (30)   4096.58
[70,10]   [20,30,20] (0)   4951.63
[70,10]   [20,30,20] (5)   5111.77
[70,10]   [20,30,20] (10)   5081.36
[70,10]   [20,30,20] (15)   5046.8
[70,10]   [20,30,20] (20)   5036.59
[70,10]   [20,30,20] (25)   5081.87
[70,10]   [20,30,20] (30)   4952.81
[70,10]   [20,40,5] (0)   13108.3
[70,10]   [20,40,5] (5)   13051.9
[70,10]   [20,40,5] (10)   13184.1
[70,10]   [20,40,5] (15)   13146.9
[70,10]   [20,40,5] (20)   13038.8
[70,10]   [20,40,5] (25)   13246.2
[70,10]   [20,40,5] (30)   12988.5
[70,10]   [20,40,10] (0)   13037.1
[70,10]   [20,40,10] (5)   13005
[70,10]   [20,40,10] (10)   13178
[70,10]   [20,40,10] (15)   13171.8
[70,10]   [20,40,10] (20)   13133.9
[70,10]   [20,40,10] (25)   13120.1
[70,10]   [20,40,10] (30)   13022.1
[70,10]   [20,40,15] (0)   13217.2
[70,10]   [20,40,15] (5)   13012
[70,10]   [20,40,15] (10)   13000.2
[70,10]   [20,40,15] (15)   12956.3
[70,10]   [20,40,15] (20)   13070.9
[70,10]   [20,40,15] (25)   13216.7
[70,10]   [20,40,15] (30)   13113.9
[70,10]   [20,40,20] (0)   12999.5
[70,10]   [20,40,20] (5)   13156
[70,10]   [20,40,20] (10)   13008.3
[70,10]   [20,40,20] (15)   13079.5
[70,10]   [20,40,20] (20)   13016
[70,10]   [20,40,20] (25)   13243.3
[70,10]   [20,40,20] (30)   13129.3
[70,10]   [20,50,5] (0)   18963.4
[70,10]   [20,50,5] (5)   19637.1
[70,10]   [20,50,5] (10)   19354.8
[70,10]   [20,50,5] (15)   19194.6
[70,10]   [20,50,5] (20)   19156
[70,10]   [20,50,5] (25)   19057.8
[70,10]   [20,50,5] (30)   19153.7
[70,10]   [20,50,10] (0)   19371.8
[70,10]   [20,50,10] (5)   19183.9
[70,10]   [20,50,10] (10)   19254.8
[70,10]   [20,50,10] (15)   19042
[70,10]   [20,50,10] (20)   19114.5
[70,10]   [20,50,10] (25)   19043.9
[70,10]   [20,50,10] (30)   19277.4
[70,10]   [20,50,15] (0)   19262
[70,10]   [20,50,15] (5)   19213.5
[70,10]   [20,50,15] (10)   19401.8
[70,10]   [20,50,15] (15)   19396.5
[70,10]   [20,50,15] (20)   19353.8
[70,10]   [20,50,15] (25)   19180.8
[70,10]   [20,50,15] (30)   19330.9
[70,10]   [20,50,20] (0)   19154
[70,10]   [20,50,20] (5)   19239.2
[70,10]   [20,50,20] (10)   19099.3
[70,10]   [20,50,20] (15)   19115.8
[70,10]   [20,50,20] (20)   19397.6
[70,10]   [20,50,20] (25)   19372.6
[70,10]   [20,50,20] (30)   19279.9
[70,10]   [20,60,5] (0)   28932.9
[70,10]   [20,60,5] (5)   29116.5
[70,10]   [20,60,5] (10)   28917
[70,10]   [20,60,5] (15)   29331.7
[70,10]   [20,60,5] (20)   29158.5
[70,10]   [20,60,5] (25)   29067.9
[70,10]   [20,60,5] (30)   29268.8
[70,10]   [20,60,10] (0)   29193.8
[70,10]   [20,60,10] (5)   28975
[70,10]   [20,60,10] (10)   29382
[70,10]   [20,60,10] (15)   29149.8
[70,10]   [20,60,10] (20)   29267.3
[70,10]   [20,60,10] (25)   29178.4
[70,10]   [20,60,10] (30)   29089.1
[70,10]   [20,60,15] (0)   29231.6
[70,10]   [20,60,15] (5)   28959.8
[70,10]   [20,60,15] (10)   29175
[70,10]   [20,60,15] (15)   29173.9
[70,10]   [20,60,15] (20)   29232.8
[70,10]   [20,60,15] (25)   29209.2
[70,10]   [20,60,15] (30)   29302.2
[70,10]   [20,60,20] (0)   28858.8
[70,10]   [20,60,20] (5)   29494.6
[70,10]   [20,60,20] (10)   29251
[70,10]   [20,60,20] (15)   29248.7
[70,10]   [20,60,20] (20)   29288.7
[70,10]   [20,60,20] (25)   29129.7
[70,10]   [20,60,20] (30)   29087.5
[70,10]   [30,10,5] (0)   16895.6
[70,10]   [30,10,5] (5)   7148.79
[70,10]   [30,10,5] (10)   60.5992
[70,10]   [30,10,5] (15)   59.5459
[70,10]   [30,10,5] (20)   64.122
[70,10]   [30,10,5] (25)   72.6947
[70,10]   [30,10,5] (30)   83.0417
[70,10]   [30,10,10] (0)   17130.8
[70,10]   [30,10,10] (5)   7277.02
[70,10]   [30,10,10] (10)   97.9535
[70,10]   [30,10,10] (15)   74.4687
[70,10]   [30,10,10] (20)   77.9462
[70,10]   [30,10,10] (25)   84.7711
[70,10]   [30,10,10] (30)   93.2214
[70,10]   [30,10,15] (0)   17055.8
[70,10]   [30,10,15] (5)   3420.43
[70,10]   [30,10,15] (10)   79.5731
[70,10]   [30,10,15] (15)   81.839
[70,10]   [30,10,15] (20)   86.4122
[70,10]   [30,10,15] (25)   93.8823
[70,10]   [30,10,15] (30)   102.203
[70,10]   [30,10,20] (0)   17298.7
[70,10]   [30,10,20] (5)   3170.09
[70,10]   [30,10,20] (10)   89.0029
[70,10]   [30,10,20] (15)   90.6251
[70,10]   [30,10,20] (20)   98.4891
[70,10]   [30,10,20] (25)   105.519
[70,10]   [30,10,20] (30)   113.625
[70,10]   [30,20,5] (0)   6003.06
[70,10]   [30,20,5] (5)   5872.4
[70,10]   [30,20,5] (10)   3398.42
[70,10]   [30,20,5] (15)   83.2764
[70,10]   [30,20,5] (20)   71.8231
[70,10]   [30,20,5] (25)   76.3873
[70,10]   [30,20,5] (30)   86.111
[70,10]   [30,20,10] (0)   5941.36
[70,10]   [30,20,10] (5)   6064.17
[70,10]   [30,20,10] (10)   4111.43
[70,10]   [30,20,10] (15)   95.0335
[70,10]   [30,20,10] (20)   90.0129
[70,10]   [30,20,10] (25)   95.7179
[70,10]   [30,20,10] (30)   103.698
[70,10]   [30,20,15] (0)   5896.14
[70,10]   [30,20,15] (5)   5968.29
[70,10]   [30,20,15] (10)   2230.79
[70,10]   [30,20,15] (15)   95.2226
[70,10]   [30,20,15] (20)   96.8644
[70,10]   [30,20,15] (25)   103.206
[70,10]   [30,20,15] (30)   111.315
[70,10]   [30,20,20] (0)   6079.23
[70,10]   [30,20,20] (5)   6081.15
[70,10]   [30,20,20] (10)   2620.9
[70,10]   [30,20,20] (15)   106.268
[70,10]   [30,20,20] (20)   108.501
[70,10]   [30,20,20] (25)   115.622
[70,10]   [30,20,20] (30)   123.482
[70,10]   [30,30,5] (0)   135.155
[70,10]   [30,30,5] (5)   137.642
[70,10]   [30,30,5] (10)   137.129
[70,10]   [30,30,5] (15)   122.818
[70,10]   [30,30,5] (20)   99.7527
[70,10]   [30,30,5] (25)   97.969
[70,10]   [30,30,5] (30)   105.866
[70,10]   [30,30,10] (0)   137.314
[70,10]   [30,30,10] (5)   138.38
[70,10]   [30,30,10] (10)   136.503
[70,10]   [30,30,10] (15)   125.782
[70,10]   [30,30,10] (20)   111.586
[70,10]   [30,30,10] (25)   115.694
[70,10]   [30,30,10] (30)   123.428
[70,10]   [30,30,15] (0)   140.407
[70,10]   [30,30,15] (5)   136.439
[70,10]   [30,30,15] (10)   135.777
[70,10]   [30,30,15] (15)   121.497
[70,10]   [30,30,15] (20)   114.135
[70,10]   [30,30,15] (25)   119.632
[70,10]   [30,30,15] (30)   127.626
[70,10]   [30,30,20] (0)   137.085
[70,10]   [30,30,20] (5)   138.467
[70,10]   [30,30,20] (10)   136.405
[70,10]   [30,30,20] (15)   128.176
[70,10]   [30,30,20] (20)   123.103
[70,10]   [30,30,20] (25)   129.277
[70,10]   [30,30,20] (30)   136.795
[70,10]   [30,40,5] (0)   2861.62
[70,10]   [30,40,5] (5)   2885.43
[70,10]   [30,40,5] (10)   2801.23
[70,10]   [30,40,5] (15)   2747.47
[70,10]   [30,40,5] (20)   2751.63
[70,10]   [30,40,5] (25)   2941.09
[70,10]   [30,40,5] (30)   2777.6
[70,10]   [30,40,10] (0)   2916.31
[70,10]   [30,40,10] (5)   2891.4
[70,10]   [30,40,10] (10)   2873.03
[70,10]   [30,40,10] (15)   2875.28
[70,10]   [30,40,10] (20)   2824.95
[70,10]   [30,40,10] (25)   2812.36
[70,10]   [30,40,10] (30)   2981.27
[70,10]   [30,40,15] (0)   2852.69
[70,10]   [30,40,15] (5)   2852.58
[70,10]   [30,40,15] (10)   2818.64
[70,10]   [30,40,15] (15)   2812.23
[70,10]   [30,40,15] (20)   2884.47
[70,10]   [30,40,15] (25)   2561.54
[70,10]   [30,40,15] (30)   2781.91
[70,10]   [30,40,20] (0)   2885.75
[70,10]   [30,40,20] (5)   2933.71
[70,10]   [30,40,20] (10)   2721.46
[70,10]   [30,40,20] (15)   2671.5
[70,10]   [30,40,20] (20)   2921.03
[70,10]   [30,40,20] (25)   2782.3
[70,10]   [30,40,20] (30)   2848.88
[70,10]   [30,50,5] (0)   11737.9
[70,10]   [30,50,5] (5)   11361.8
[70,10]   [30,50,5] (10)   11671.3
[70,10]   [30,50,5] (15)   11588.6
[70,10]   [30,50,5] (20)   11762.6
[70,10]   [30,50,5] (25)   11696.7
[70,10]   [30,50,5] (30)   11549.5
[70,10]   [30,50,10] (0)   11674.3
[70,10]   [30,50,10] (5)   11531.3
[70,10]   [30,50,10] (10)   11570.6
[70,10]   [30,50,10] (15)   11533.5
[70,10]   [30,50,10] (20)   11523.4
[70,10]   [30,50,10] (25)   11628.9
[70,10]   [30,50,10] (30)   11540.1
[70,10]   [30,50,15] (0)   11541.3
[70,10]   [30,50,15] (5)   11480.3
[70,10]   [30,50,15] (10)   11514
[70,10]   [30,50,15] (15)   11649.8
[70,10]   [30,50,15] (20)   11764.5
[70,10]   [30,50,15] (25)   11669.3
[70,10]   [30,50,15] (30)   11635.9
[70,10]   [30,50,20] (0)   11698.8
[70,10]   [30,50,20] (5)   11511.6
[70,10]   [30,50,20] (10)   11464.8
[70,10]   [30,50,20] (15)   11511.1
[70,10]   [30,50,20] (20)   11614.1
[70,10]   [30,50,20] (25)   11426
[70,10]   [30,50,20] (30)   11509.8
[70,10]   [30,60,5] (0)   15326.8
[70,10]   [30,60,5] (5)   15313.7
[70,10]   [30,60,5] (10)   15460.6
[70,10]   [30,60,5] (15)   15340.6
[70,10]   [30,60,5] (20)   15352.4
[70,10]   [30,60,5] (25)   15303.9
[70,10]   [30,60,5] (30)   15210.2
[70,10]   [30,60,10] (0)   15234
[70,10]   [30,60,10] (5)   15149.5
[70,10]   [30,60,10] (10)   15406.3
[70,10]   [30,60,10] (15)   15244.3
[70,10]   [30,60,10] (20)   15318.2
[70,10]   [30,60,10] (25)   15411.9
[70,10]   [30,60,10] (30)   15156.3
[70,10]   [30,60,15] (0)   15335.1
[70,10]   [30,60,15] (5)   15471.8
[70,10]   [30,60,15] (10)   15507
[70,10]   [30,60,15] (15)   15402.5
[70,10]   [30,60,15] (20)   15596.1
[70,10]   [30,60,15] (25)   15699.9
[70,10]   [30,60,15] (30)   15145
[70,10]   [30,60,20] (0)   15377.8
[70,10]   [30,60,20] (5)   15628.4
[70,10]   [30,60,20] (10)   15710.2
[70,10]   [30,60,20] (15)   15456.4
[70,10]   [30,60,20] (20)   15472.8
[70,10]   [30,60,20] (25)   15221.5
[70,10]   [30,60,20] (30)   15524.5
[70,10]   [40,10,5] (0)   19134.2
[70,10]   [40,10,5] (5)   11123.9
[70,10]   [40,10,5] (10)   105.239
[70,10]   [40,10,5] (15)   64.3048
[70,10]   [40,10,5] (20)   70.3369
[70,10]   [40,10,5] (25)   75.293
[70,10]   [40,10,5] (30)   82.1311
[70,10]   [40,10,10] (0)   19140.3
[70,10]   [40,10,10] (5)   12669.5
[70,10]   [40,10,10] (10)   3660.61
[70,10]   [40,10,10] (15)   86.4485
[70,10]   [40,10,10] (20)   84.5375
[70,10]   [40,10,10] (25)   88.1093
[70,10]   [40,10,10] (30)   94.4837
[70,10]   [40,10,15] (0)   19149.3
[70,10]   [40,10,15] (5)   8147.2
[70,10]   [40,10,15] (10)   957.272
[70,10]   [40,10,15] (15)   93.0474
[70,10]   [40,10,15] (20)   91.5843
[70,10]   [40,10,15] (25)   96.5173
[70,10]   [40,10,15] (30)   103.153
[70,10]   [40,10,20] (0)   18835.1
[70,10]   [40,10,20] (5)   8714.02
[70,10]   [40,10,20] (10)   105.955
[70,10]   [40,10,20] (15)   104.624
[70,10]   [40,10,20] (20)   106.979
[70,10]   [40,10,20] (25)   109.878
[70,10]   [40,10,20] (30)   116.37
[70,10]   [40,20,5] (0)   11146
[70,10]   [40,20,5] (5)   11349.4
[70,10]   [40,20,5] (10)   8487.06
[70,10]   [40,20,5] (15)   118.823
[70,10]   [40,20,5] (20)   80.5236
[70,10]   [40,20,5] (25)   81.7149
[70,10]   [40,20,5] (30)   87.318
[70,10]   [40,20,10] (0)   11322
[70,10]   [40,20,10] (5)   11496.3
[70,10]   [40,20,10] (10)   9319.25
[70,10]   [40,20,10] (15)   1428.83
[70,10]   [40,20,10] (20)   94.4137
[70,10]   [40,20,10] (25)   96.6054
[70,10]   [40,20,10] (30)   101.457
[70,10]   [40,20,15] (0)   11390.1
[70,10]   [40,20,15] (5)   11236.9
[70,10]   [40,20,15] (10)   6950.7
[70,10]   [40,20,15] (15)   113.273
[70,10]   [40,20,15] (20)   102.791
[70,10]   [40,20,15] (25)   103.4
[70,10]   [40,20,15] (30)   109.005
[70,10]   [40,20,20] (0)   11230.3
[70,10]   [40,20,20] (5)   11096.8
[70,10]   [40,20,20] (10)   7656.19
[70,10]   [40,20,20] (15)   115.009
[70,10]   [40,20,20] (20)   110.486
[70,10]   [40,20,20] (25)   115.734
[70,10]   [40,20,20] (30)   122.497
[70,10]   [40,30,5] (0)   4894.25
[70,10]   [40,30,5] (5)   4788.63
[70,10]   [40,30,5] (10)   4776.22
[70,10]   [40,30,5] (15)   3374.88
[70,10]   [40,30,5] (20)   108.68
[70,10]   [40,30,5] (25)   96.3326
[70,10]   [40,30,5] (30)   95.9193
[70,10]   [40,30,10] (0)   4824.33
[70,10]   [40,30,10] (5)   4775.33
[70,10]   [40,30,10] (10)   4739.81
[70,10]   [40,30,10] (15)   3733.7
[70,10]   [40,30,10] (20)   122.568
[70,10]   [40,30,10] (25)   113.098
[70,10]   [40,30,10] (30)   114.988
[70,10]   [40,30,15] (0)   4825.66
[70,10]   [40,30,15] (5)   4851.76
[70,10]   [40,30,15] (10)   4741.78
[70,10]   [40,30,15] (15)   2598.16
[70,10]   [40,30,15] (20)   121.629
[70,10]   [40,30,15] (25)   116.968
[70,10]   [40,30,15] (30)   120.744
[70,10]   [40,30,20] (0)   4796.49
[70,10]   [40,30,20] (5)   4917.09
[70,10]   [40,30,20] (10)   4781.81
[70,10]   [40,30,20] (15)   2844.99
[70,10]   [40,30,20] (20)   129.304
[70,10]   [40,30,20] (25)   128.064
[70,10]   [40,30,20] (30)   133.482
[70,10]   [40,40,5] (0)   143.056
[70,10]   [40,40,5] (5)   143.705
[70,10]   [40,40,5] (10)   141.785
[70,10]   [40,40,5] (15)   143.74
[70,10]   [40,40,5] (20)   148.967
[70,10]   [40,40,5] (25)   131.468
[70,10]   [40,40,5] (30)   120.653
[70,10]   [40,40,10] (0)   143.108
[70,10]   [40,40,10] (5)   141.253
[70,10]   [40,40,10] (10)   144.129
[70,10]   [40,40,10] (15)   145.224
[70,10]   [40,40,10] (20)   148.004
[70,10]   [40,40,10] (25)   137.518
[70,10]   [40,40,10] (30)   136.119
[70,10]   [40,40,15] (0)   141.418
[70,10]   [40,40,15] (5)   142.672
[70,10]   [40,40,15] (10)   141.928
[70,10]   [40,40,15] (15)   143.975
[70,10]   [40,40,15] (20)   146.358
[70,10]   [40,40,15] (25)   136.514
[70,10]   [40,40,15] (30)   138.554
[70,10]   [40,40,20] (0)   142.58
[70,10]   [40,40,20] (5)   142.539
[70,10]   [40,40,20] (10)   141.65
[70,10]   [40,40,20] (15)   142.945
[70,10]   [40,40,20] (20)   149.384
[70,10]   [40,40,20] (25)   143.375
[70,10]   [40,40,20] (30)   148.085
[70,10]   [40,50,5] (0)   1498.42
[70,10]   [40,50,5] (5)   1547.66
[70,10]   [40,50,5] (10)   1609.71
[70,10]   [40,50,5] (15)   1646.35
[70,10]   [40,50,5] (20)   1533.22
[70,10]   [40,50,5] (25)   1479.46
[70,10]   [40,50,5] (30)   1463.27
[70,10]   [40,50,10] (0)   1577.08
[70,10]   [40,50,10] (5)   1577.11
[70,10]   [40,50,10] (10)   1421.76
[70,10]   [40,50,10] (15)   1457.11
[70,10]   [40,50,10] (20)   1547.5
[70,10]   [40,50,10] (25)   1691.12
[70,10]   [40,50,10] (30)   1587.28
[70,10]   [40,50,15] (0)   1640.84
[70,10]   [40,50,15] (5)   1536.89
[70,10]   [40,50,15] (10)   1541.29
[70,10]   [40,50,15] (15)   1691.35
[70,10]   [40,50,15] (20)   1616.74
[70,10]   [40,50,15] (25)   1593.89
[70,10]   [40,50,15] (30)   1518.32
[70,10]   [40,50,20] (0)   1528.06
[70,10]   [40,50,20] (5)   1599.43
[70,10]   [40,50,20] (10)   1460.25
[70,10]   [40,50,20] (15)   1655.18
[70,10]   [40,50,20] (20)   1611.1
[70,10]   [40,50,20] (25)   1509.2
[70,10]   [40,50,20] (30)   1505.9
[70,10]   [40,60,5] (0)   7662.21
[70,10]   [40,60,5] (5)   7605.52
[70,10]   [40,60,5] (10)   7601.62
[70,10]   [40,60,5] (15)   7555.03
[70,10]   [40,60,5] (20)   7769.77
[70,10]   [40,60,5] (25)   7767.56
[70,10]   [40,60,5] (30)   7630.6
[70,10]   [40,60,10] (0)   7573.59
[70,10]   [40,60,10] (5)   7607.42
[70,10]   [40,60,10] (10)   7655.99
[70,10]   [40,60,10] (15)   7782.18
[70,10]   [40,60,10] (20)   7755.55
[70,10]   [40,60,10] (25)   7833.61
[70,10]   [40,60,10] (30)   7694.95
[70,10]   [40,60,15] (0)   7710.36
[70,10]   [40,60,15] (5)   7683.56
[70,10]   [40,60,15] (10)   7650.69
[70,10]   [40,60,15] (15)   7753.56
[70,10]   [40,60,15] (20)   7794.84
[70,10]   [40,60,15] (25)   7619.82
[70,10]   [40,60,15] (30)   7669.42
[70,10]   [40,60,20] (0)   7764.75
[70,10]   [40,60,20] (5)   7621.34
[70,10]   [40,60,20] (10)   7789.51
[70,10]   [40,60,20] (15)   7667.52
[70,10]   [40,60,20] (20)   7544.18
[70,10]   [40,60,20] (25)   7663.63
[70,10]   [40,60,20] (30)   7788.63
[70,10]   [50,10,5] (0)   23504.3
[70,10]   [50,10,5] (5)   15428
[70,10]   [50,10,5] (10)   2656.47
[70,10]   [50,10,5] (15)   76.624
[70,10]   [50,10,5] (20)   77.5238
[70,10]   [50,10,5] (25)   81.6662
[70,10]   [50,10,5] (30)   86.3595
[70,10]   [50,10,10] (0)   24164.4
[70,10]   [50,10,10] (5)   17010.4
[70,10]   [50,10,10] (10)   7832.81
[70,10]   [50,10,10] (15)   1823.7
[70,10]   [50,10,10] (20)   95.0347
[70,10]   [50,10,10] (25)   94.8326
[70,10]   [50,10,10] (30)   97.8527
[70,10]   [50,10,15] (0)   23505.6
[70,10]   [50,10,15] (5)   12708.6
[70,10]   [50,10,15] (10)   5141.02
[70,10]   [50,10,15] (15)   152.226
[70,10]   [50,10,15] (20)   99.9698
[70,10]   [50,10,15] (25)   102.402
[70,10]   [50,10,15] (30)   105.628
[70,10]   [50,10,20] (0)   25146.8
[70,10]   [50,10,20] (5)   13052.2
[70,10]   [50,10,20] (10)   5207.38
[70,10]   [50,10,20] (15)   2269.31
[70,10]   [50,10,20] (20)   117.976
[70,10]   [50,10,20] (25)   115.961
[70,10]   [50,10,20] (30)   119.807
[70,10]   [50,20,5] (0)   16476.9
[70,10]   [50,20,5] (5)   16162.8
[70,10]   [50,20,5] (10)   13238.1
[70,10]   [50,20,5] (15)   3210.14
[70,10]   [50,20,5] (20)   93.5413
[70,10]   [50,20,5] (25)   88.1652
[70,10]   [50,20,5] (30)   91.7454
[70,10]   [50,20,10] (0)   16289.2
[70,10]   [50,20,10] (5)   16241.4
[70,10]   [50,20,10] (10)   14171.9
[70,10]   [50,20,10] (15)   5976.64
[70,10]   [50,20,10] (20)   410.061
[70,10]   [50,20,10] (25)   104.79
[70,10]   [50,20,10] (30)   103.889
[70,10]   [50,20,15] (0)   16067.1
[70,10]   [50,20,15] (5)   16047.5
[70,10]   [50,20,15] (10)   12101.8
[70,10]   [50,20,15] (15)   2782.87
[70,10]   [50,20,15] (20)   123.641
[70,10]   [50,20,15] (25)   109.453
[70,10]   [50,20,15] (30)   110.815
[70,10]   [50,20,20] (0)   16122.8
[70,10]   [50,20,20] (5)   16018.4
[70,10]   [50,20,20] (10)   12982.2
[70,10]   [50,20,20] (15)   1191.32
[70,10]   [50,20,20] (20)   132.231
[70,10]   [50,20,20] (25)   122.956
[70,10]   [50,20,20] (30)   124.812
[70,10]   [50,30,5] (0)   12211.2
[70,10]   [50,30,5] (5)   12386.9
[70,10]   [50,30,5] (10)   12129.5
[70,10]   [50,30,5] (15)   8979.06
[70,10]   [50,30,5] (20)   1195.12
[70,10]   [50,30,5] (25)   106.196
[70,10]   [50,30,5] (30)   99.2396
[70,10]   [50,30,10] (0)   12520
[70,10]   [50,30,10] (5)   12382.7
[70,10]   [50,30,10] (10)   12370.2
[70,10]   [50,30,10] (15)   8964.73
[70,10]   [50,30,10] (20)   2832.8
[70,10]   [50,30,10] (25)   126.167
[70,10]   [50,30,10] (30)   114.728
[70,10]   [50,30,15] (0)   12237.6
[70,10]   [50,30,15] (5)   12267.3
[70,10]   [50,30,15] (10)   12234.8
[70,10]   [50,30,15] (15)   7880.77
[70,10]   [50,30,15] (20)   292.533
[70,10]   [50,30,15] (25)   125.147
[70,10]   [50,30,15] (30)   120.881
[70,10]   [50,30,20] (0)   12308.3
[70,10]   [50,30,20] (5)   12226.8
[70,10]   [50,30,20] (10)   11931.2
[70,10]   [50,30,20] (15)   8346.52
[70,10]   [50,30,20] (20)   189.339
[70,10]   [50,30,20] (25)   131.106
[70,10]   [50,30,20] (30)   131.983
[70,10]   [50,40,5] (0)   4534.82
[70,10]   [50,40,5] (5)   4521.89
[70,10]   [50,40,5] (10)   4523.77
[70,10]   [50,40,5] (15)   4541.74
[70,10]   [50,40,5] (20)   3973.45
[70,10]   [50,40,5] (25)   286.688
[70,10]   [50,40,5] (30)   123.56
[70,10]   [50,40,10] (0)   4511.4
[70,10]   [50,40,10] (5)   4503.07
[70,10]   [50,40,10] (10)   4468.28
[70,10]   [50,40,10] (15)   4512.56
[70,10]   [50,40,10] (20)   4071.28
[70,10]   [50,40,10] (25)   612.275
[70,10]   [50,40,10] (30)   137.546
[70,10]   [50,40,15] (0)   4470.2
[70,10]   [50,40,15] (5)   4522.49
[70,10]   [50,40,15] (10)   4514.11
[70,10]   [50,40,15] (15)   4445.4
[70,10]   [50,40,15] (20)   3556.66
[70,10]   [50,40,15] (25)   160.378
[70,10]   [50,40,15] (30)   138.629
[70,10]   [50,40,20] (0)   4469.21
[70,10]   [50,40,20] (5)   4456.69
[70,10]   [50,40,20] (10)   4550.54
[70,10]   [50,40,20] (15)   4565.38
[70,10]   [50,40,20] (20)   3784.28
[70,10]   [50,40,20] (25)   164.154
[70,10]   [50,40,20] (30)   147.349
[70,10]   [50,50,5] (0)   400.784
[70,10]   [50,50,5] (5)   489.958
[70,10]   [50,50,5] (10)   450.818
[70,10]   [50,50,5] (15)   517.139
[70,10]   [50,50,5] (20)   446.491
[70,10]   [50,50,5] (25)   350.617
[70,10]   [50,50,5] (30)   160.059
[70,10]   [50,50,10] (0)   441.814
[70,10]   [50,50,10] (5)   413.954
[70,10]   [50,50,10] (10)   441.469
[70,10]   [50,50,10] (15)   468.643
[70,10]   [50,50,10] (20)   488.981
[70,10]   [50,50,10] (25)   319.195
[70,10]   [50,50,10] (30)   163.576
[70,10]   [50,50,15] (0)   486.657
[70,10]   [50,50,15] (5)   463.921
[70,10]   [50,50,15] (10)   512.389
[70,10]   [50,50,15] (15)   508.529
[70,10]   [50,50,15] (20)   469.882
[70,10]   [50,50,15] (25)   325.103
[70,10]   [50,50,15] (30)   158.764
[70,10]   [50,50,20] (0)   481.935
[70,10]   [50,50,20] (5)   410.772
[70,10]   [50,50,20] (10)   506.441
[70,10]   [50,50,20] (15)   405.662
[70,10]   [50,50,20] (20)   412.143
[70,10]   [50,50,20] (25)   282.639
[70,10]   [50,50,20] (30)   162.189
[70,10]   [50,60,5] (0)   508.354
[70,10]   [50,60,5] (5)   515.541
[70,10]   [50,60,5] (10)   417.127
[70,10]   [50,60,5] (15)   425.383
[70,10]   [50,60,5] (20)   471.983
[70,10]   [50,60,5] (25)   528.389
[70,10]   [50,60,5] (30)   436.257
[70,10]   [50,60,10] (0)   466.034
[70,10]   [50,60,10] (5)   455.497
[70,10]   [50,60,10] (10)   487.989
[70,10]   [50,60,10] (15)   452.605
[70,10]   [50,60,10] (20)   406.77
[70,10]   [50,60,10] (25)   397.969
[70,10]   [50,60,10] (30)   447.409
[70,10]   [50,60,15] (0)   438.569
[70,10]   [50,60,15] (5)   444.164
[70,10]   [50,60,15] (10)   423.472
[70,10]   [50,60,15] (15)   465.526
[70,10]   [50,60,15] (20)   507.027
[70,10]   [50,60,15] (25)   451
[70,10]   [50,60,15] (30)   446.867
[70,10]   [50,60,20] (0)   375.51
[70,10]   [50,60,20] (5)   416.48
[70,10]   [50,60,20] (10)   452.174
[70,10]   [50,60,20] (15)   424.372
[70,10]   [50,60,20] (20)   472.256
[70,10]   [50,60,20] (25)   400.904
[70,10]   [50,60,20] (30)   406.947
[70,10]   [60,10,5] (0)   27526.8
[70,10]   [60,10,5] (5)   18983.6
[70,10]   [60,10,5] (10)   5766.48
[70,10]   [60,10,5] (15)   98.8218
[70,10]   [60,10,5] (20)   84.5767
[70,10]   [60,10,5] (25)   87.4499
[70,10]   [60,10,5] (30)   92.0497
[70,10]   [60,10,10] (0)   27363.2
[70,10]   [60,10,10] (5)   20628
[70,10]   [60,10,10] (10)   11105
[70,10]   [60,10,10] (15)   4983.75
[70,10]   [60,10,10] (20)   546.246
[70,10]   [60,10,10] (25)   103.988
[70,10]   [60,10,10] (30)   104.752
[70,10]   [60,10,15] (0)   27540.6
[70,10]   [60,10,15] (5)   16930.2
[70,10]   [60,10,15] (10)   8476.31
[70,10]   [60,10,15] (15)   2833.59
[70,10]   [60,10,15] (20)   117.429
[70,10]   [60,10,15] (25)   110.473
[70,10]   [60,10,15] (30)   112.173
[70,10]   [60,10,20] (0)   27088.3
[70,10]   [60,10,20] (5)   16211.4
[70,10]   [60,10,20] (10)   7459.9
[70,10]   [60,10,20] (15)   5557.85
[70,10]   [60,10,20] (20)   142.126
[70,10]   [60,10,20] (25)   124.403
[70,10]   [60,10,20] (30)   126.073
[70,10]   [60,20,5] (0)   24202.3
[70,10]   [60,20,5] (5)   23547.6
[70,10]   [60,20,5] (10)   17078.4
[70,10]   [60,20,5] (15)   6391.27
[70,10]   [60,20,5] (20)   118.202
[70,10]   [60,20,5] (25)   94.7298
[70,10]   [60,20,5] (30)   96.9395
[70,10]   [60,20,10] (0)   23534.4
[70,10]   [60,20,10] (5)   24540.4
[70,10]   [60,20,10] (10)   18058.6
[70,10]   [60,20,10] (15)   9433.14
[70,10]   [60,20,10] (20)   3669.43
[70,10]   [60,20,10] (25)   126.146
[70,10]   [60,20,10] (30)   110.418
[70,10]   [60,20,15] (0)   23960.6
[70,10]   [60,20,15] (5)   23932.2
[70,10]   [60,20,15] (10)   16309
[70,10]   [60,20,15] (15)   6394.41
[70,10]   [60,20,15] (20)   1829.98
[70,10]   [60,20,15] (25)   119.512
[70,10]   [60,20,15] (30)   117.159
[70,10]   [60,20,20] (0)   23795.3
[70,10]   [60,20,20] (5)   23759.4
[70,10]   [60,20,20] (10)   16748
[70,10]   [60,20,20] (15)   4919.64
[70,10]   [60,20,20] (20)   2658.55
[70,10]   [60,20,20] (25)   142.851
[70,10]   [60,20,20] (30)   129.957
[70,10]   [60,30,5] (0)   13834.9
[70,10]   [60,30,5] (5)   13911.7
[70,10]   [60,30,5] (10)   13644.8
[70,10]   [60,30,5] (15)   11777.2
[70,10]   [60,30,5] (20)   3986.17
[70,10]   [60,30,5] (25)   119.165
[70,10]   [60,30,5] (30)   105.515
[70,10]   [60,30,10] (0)   13851.9
[70,10]   [60,30,10] (5)   13826.7
[70,10]   [60,30,10] (10)   13929.4
[70,10]   [60,30,10] (15)   12389.6
[70,10]   [60,30,10] (20)   6486.5
[70,10]   [60,30,10] (25)   1033.82
[70,10]   [60,30,10] (30)   122.825
[70,10]   [60,30,15] (0)   13849.8
[70,10]   [60,30,15] (5)   13853.9
[70,10]   [60,30,15] (10)   13745.7
[70,10]   [60,30,15] (15)   11482.3
[70,10]   [60,30,15] (20)   3640.7
[70,10]   [60,30,15] (25)   157.405
[70,10]   [60,30,15] (30)   126.435
[70,10]   [60,30,20] (0)   13847.3
[70,10]   [60,30,20] (5)   13940.5
[70,10]   [60,30,20] (10)   13922.5
[70,10]   [60,30,20] (15)   11894.2
[70,10]   [60,30,20] (20)   2625.47
[70,10]   [60,30,20] (25)   156.341
[70,10]   [60,30,20] (30)   141.259
[70,10]   [60,40,5] (0)   8639.22
[70,10]   [60,40,5] (5)   8642.67
[70,10]   [60,40,5] (10)   8850.82
[70,10]   [60,40,5] (15)   8485.28
[70,10]   [60,40,5] (20)   7682.52
[70,10]   [60,40,5] (25)   3343.78
[70,10]   [60,40,5] (30)   136.844
[70,10]   [60,40,10] (0)   8643.34
[70,10]   [60,40,10] (5)   8750.39
[70,10]   [60,40,10] (10)   8645.94
[70,10]   [60,40,10] (15)   8605.83
[70,10]   [60,40,10] (20)   8083.75
[70,10]   [60,40,10] (25)   4687.66
[70,10]   [60,40,10] (30)   188.26
[70,10]   [60,40,15] (0)   8532.9
[70,10]   [60,40,15] (5)   8598.06
[70,10]   [60,40,15] (10)   8714.57
[70,10]   [60,40,15] (15)   8617.99
[70,10]   [60,40,15] (20)   7323.35
[70,10]   [60,40,15] (25)   2445.35
[70,10]   [60,40,15] (30)   150.201
[70,10]   [60,40,20] (0)   8549.74
[70,10]   [60,40,20] (5)   8593.67
[70,10]   [60,40,20] (10)   8631.7
[70,10]   [60,40,20] (15)   8508.64
[70,10]   [60,40,20] (20)   7825.12
[70,10]   [60,40,20] (25)   1711.71
[70,10]   [60,40,20] (30)   156.62
[70,10]   [60,50,5] (0)   4536.93
[70,10]   [60,50,5] (5)   4518.48
[70,10]   [60,50,5] (10)   4521.98
[70,10]   [60,50,5] (15)   4465.9
[70,10]   [60,50,5] (20)   4440.01
[70,10]   [60,50,5] (25)   4201.11
[70,10]   [60,50,5] (30)   1257.43
[70,10]   [60,50,10] (0)   4466.29
[70,10]   [60,50,10] (5)   4494.14
[70,10]   [60,50,10] (10)   4568.26
[70,10]   [60,50,10] (15)   4537.52
[70,10]   [60,50,10] (20)   4412.46
[70,10]   [60,50,10] (25)   4183.79
[70,10]   [60,50,10] (30)   1881.8
[70,10]   [60,50,15] (0)   4505.25
[70,10]   [60,50,15] (5)   4480.84
[70,10]   [60,50,15] (10)   4400.78
[70,10]   [60,50,15] (15)   4513.82
[70,10]   [60,50,15] (20)   4430.51
[70,10]   [60,50,15] (25)   4035.03
[70,10]   [60,50,15] (30)   390.65
[70,10]   [60,50,20] (0)   4382.33
[70,10]   [60,50,20] (5)   4426.29
[70,10]   [60,50,20] (10)   4497.72
[70,10]   [60,50,20] (15)   4440.85
[70,10]   [60,50,20] (20)   4456.67
[70,10]   [60,50,20] (25)   3916.94
[70,10]   [60,50,20] (30)   301.313
[70,10]   [60,60,5] (0)   653.827
[70,10]   [60,60,5] (5)   601.403
[70,10]   [60,60,5] (10)   632.748
[70,10]   [60,60,5] (15)   623.551
[70,10]   [60,60,5] (20)   641.72
[70,10]   [60,60,5] (25)   620.282
[70,10]   [60,60,5] (30)   436.428
[70,10]   [60,60,10] (0)   589.471
[70,10]   [60,60,10] (5)   535.166
[70,10]   [60,60,10] (10)   622.539
[70,10]   [60,60,10] (15)   634.15
[70,10]   [60,60,10] (20)   602.651
[70,10]   [60,60,10] (25)   592.34
[70,10]   [60,60,10] (30)   519.057
[70,10]   [60,60,15] (0)   610.653
[70,10]   [60,60,15] (5)   614.256
[70,10]   [60,60,15] (10)   572.286
[70,10]   [60,60,15] (15)   562.497
[70,10]   [60,60,15] (20)   557.99
[70,10]   [60,60,15] (25)   627.979
[70,10]   [60,60,15] (30)   380.205
[70,10]   [60,60,20] (0)   597.26
[70,10]   [60,60,20] (5)   616.733
[70,10]   [60,60,20] (10)   746.715
[70,10]   [60,60,20] (15)   627.521
[70,10]   [60,60,20] (20)   582.135
[70,10]   [60,60,20] (25)   622.66
[70,10]   [60,60,20] (30)   535.868
