[40,60]   [10,10,5] (0)   2743.54
[40,60]   [10,10,5] (5)   882.335
[40,60]   [10,10,5] (10)   125.593
[40,60]   [10,10,5] (15)   126.908
[40,60]   [10,10,5] (20)   137.801
[40,60]   [10,10,5] (25)   133.961
[40,60]   [10,10,5] (30)   148.747
[40,60]   [10,10,10] (0)   2718.07
[40,60]   [10,10,10] (5)   2783.38
[40,60]   [10,10,10] (10)   2714.45
[40,60]   [10,10,10] (15)   2678.23
[40,60]   [10,10,10] (20)   2711.15
[40,60]   [10,10,10] (25)   2698.41
[40,60]   [10,10,10] (30)   2751.69
[40,60]   [10,10,15] (0)   2760.18
[40,60]   [10,10,15] (5)   1753.23
[40,60]   [10,10,15] (10)   1648.4
[40,60]   [10,10,15] (15)   1666.5
[40,60]   [10,10,15] (20)   1554.49
[40,60]   [10,10,15] (25)   1659.76
[40,60]   [10,10,15] (30)   1702.51
[40,60]   [10,10,20] (0)   2648.69
[40,60]   [10,10,20] (5)   2908.76
[40,60]   [10,10,20] (10)   2923.94
[40,60]   [10,10,20] (15)   2861.94
[40,60]   [10,10,20] (20)   2893.09
[40,60]   [10,10,20] (25)   2820.87
[40,60]   [10,10,20] (30)   2892.89
[40,60]   [10,20,5] (0)   11870.2
[40,60]   [10,20,5] (5)   11750.9
[40,60]   [10,20,5] (10)   11911.6
[40,60]   [10,20,5] (15)   11888.6
[40,60]   [10,20,5] (20)   11940.5
[40,60]   [10,20,5] (25)   9337.69
[40,60]   [10,20,5] (30)   9259.18
[40,60]   [10,20,10] (0)   11985.5
[40,60]   [10,20,10] (5)   11924.4
[40,60]   [10,20,10] (10)   11938.5
[40,60]   [10,20,10] (15)   11830.5
[40,60]   [10,20,10] (20)   11805.9
[40,60]   [10,20,10] (25)   11772.9
[40,60]   [10,20,10] (30)   12009.2
[40,60]   [10,20,15] (0)   11817.2
[40,60]   [10,20,15] (5)   11690
[40,60]   [10,20,15] (10)   11816.5
[40,60]   [10,20,15] (15)   11752.4
[40,60]   [10,20,15] (20)   11803.6
[40,60]   [10,20,15] (25)   9586.61
[40,60]   [10,20,15] (30)   7746.31
[40,60]   [10,20,20] (0)   11709.7
[40,60]   [10,20,20] (5)   11819.4
[40,60]   [10,20,20] (10)   11658.1
[40,60]   [10,20,20] (15)   11919.3
[40,60]   [10,20,20] (20)   11807.7
[40,60]   [10,20,20] (25)   11815.2
[40,60]   [10,20,20] (30)   11743.2
[40,60]   [10,30,5] (0)   21772.8
[40,60]   [10,30,5] (5)   21975.3
[40,60]   [10,30,5] (10)   22075.6
[40,60]   [10,30,5] (15)   21740.1
[40,60]   [10,30,5] (20)   21984.5
[40,60]   [10,30,5] (25)   21106.5
[40,60]   [10,30,5] (30)   19192.5
[40,60]   [10,30,10] (0)   21888.4
[40,60]   [10,30,10] (5)   21770.6
[40,60]   [10,30,10] (10)   21956.3
[40,60]   [10,30,10] (15)   21754.9
[40,60]   [10,30,10] (20)   21858.7
[40,60]   [10,30,10] (25)   21840.7
[40,60]   [10,30,10] (30)   21946
[40,60]   [10,30,15] (0)   21842.9
[40,60]   [10,30,15] (5)   21753.1
[40,60]   [10,30,15] (10)   21952.2
[40,60]   [10,30,15] (15)   22076.9
[40,60]   [10,30,15] (20)   21907.3
[40,60]   [10,30,15] (25)   21815.2
[40,60]   [10,30,15] (30)   20210.7
[40,60]   [10,30,20] (0)   21790.3
[40,60]   [10,30,20] (5)   21929.6
[40,60]   [10,30,20] (10)   21896.6
[40,60]   [10,30,20] (15)   21753.4
[40,60]   [10,30,20] (20)   21912.2
[40,60]   [10,30,20] (25)   21859.4
[40,60]   [10,30,20] (30)   22003.3
[40,60]   [10,40,5] (0)   32216.4
[40,60]   [10,40,5] (5)   32192
[40,60]   [10,40,5] (10)   32065
[40,60]   [10,40,5] (15)   32040.9
[40,60]   [10,40,5] (20)   31868.3
[40,60]   [10,40,5] (25)   32225.4
[40,60]   [10,40,5] (30)   32365.8
[40,60]   [10,40,10] (0)   32032.1
[40,60]   [10,40,10] (5)   32053.8
[40,60]   [10,40,10] (10)   32050.5
[40,60]   [10,40,10] (15)   32256.8
[40,60]   [10,40,10] (20)   32081.4
[40,60]   [10,40,10] (25)   32100
[40,60]   [10,40,10] (30)   32263.3
[40,60]   [10,40,15] (0)   31921.1
[40,60]   [10,40,15] (5)   31933.4
[40,60]   [10,40,15] (10)   32266.9
[40,60]   [10,40,15] (15)   32093.8
[40,60]   [10,40,15] (20)   32144.9
[40,60]   [10,40,15] (25)   32382.6
[40,60]   [10,40,15] (30)   32189.4
[40,60]   [10,40,20] (0)   32276
[40,60]   [10,40,20] (5)   32038.6
[40,60]   [10,40,20] (10)   32037.6
[40,60]   [10,40,20] (15)   32204.3
[40,60]   [10,40,20] (20)   32060.7
[40,60]   [10,40,20] (25)   32145.3
[40,60]   [10,40,20] (30)   32171.8
[40,60]   [10,50,5] (0)   38979
[40,60]   [10,50,5] (5)   39037.9
[40,60]   [10,50,5] (10)   38831.2
[40,60]   [10,50,5] (15)   39185.3
[40,60]   [10,50,5] (20)   39011.3
[40,60]   [10,50,5] (25)   38813
[40,60]   [10,50,5] (30)   38960.7
[40,60]   [10,50,10] (0)   38818.9
[40,60]   [10,50,10] (5)   39142
[40,60]   [10,50,10] (10)   39184.4
[40,60]   [10,50,10] (15)   38793.6
[40,60]   [10,50,10] (20)   38849.2
[40,60]   [10,50,10] (25)   39223.2
[40,60]   [10,50,10] (30)   38978.6
[40,60]   [10,50,15] (0)   38963.9
[40,60]   [10,50,15] (5)   39159.6
[40,60]   [10,50,15] (10)   39194
[40,60]   [10,50,15] (15)   38961.7
[40,60]   [10,50,15] (20)   39106.6
[40,60]   [10,50,15] (25)   38699.1
[40,60]   [10,50,15] (30)   39077.4
[40,60]   [10,50,20] (0)   38889.1
[40,60]   [10,50,20] (5)   38668.7
[40,60]   [10,50,20] (10)   38890
[40,60]   [10,50,20] (15)   38823.7
[40,60]   [10,50,20] (20)   38836.5
[40,60]   [10,50,20] (25)   38845.4
[40,60]   [10,50,20] (30)   38843.8
[40,60]   [10,60,5] (0)   45874.9
[40,60]   [10,60,5] (5)   45762.2
[40,60]   [10,60,5] (10)   45621.4
[40,60]   [10,60,5] (15)   45539.8
[40,60]   [10,60,5] (20)   45688.5
[40,60]   [10,60,5] (25)   45519.4
[40,60]   [10,60,5] (30)   45529.2
[40,60]   [10,60,10] (0)   45751.2
[40,60]   [10,60,10] (5)   45647.9
[40,60]   [10,60,10] (10)   45485.8
[40,60]   [10,60,10] (15)   45542.9
[40,60]   [10,60,10] (20)   45785
[40,60]   [10,60,10] (25)   45488.7
[40,60]   [10,60,10] (30)   45459.4
[40,60]   [10,60,15] (0)   45582
[40,60]   [10,60,15] (5)   45752.9
[40,60]   [10,60,15] (10)   45555.9
[40,60]   [10,60,15] (15)   45575.8
[40,60]   [10,60,15] (20)   45447.1
[40,60]   [10,60,15] (25)   45483.4
[40,60]   [10,60,15] (30)   45498
[40,60]   [10,60,20] (0)   45465.7
[40,60]   [10,60,20] (5)   45621.3
[40,60]   [10,60,20] (10)   45815.1
[40,60]   [10,60,20] (15)   45509.2
[40,60]   [10,60,20] (20)   45508.3
[40,60]   [10,60,20] (25)   45689.9
[40,60]   [10,60,20] (30)   45720.9
[40,60]   [20,10,5] (0)   10485.1
[40,60]   [20,10,5] (5)   1989
[40,60]   [20,10,5] (10)   94.8476
[40,60]   [20,10,5] (15)   90.7344
[40,60]   [20,10,5] (20)   99.2957
[40,60]   [20,10,5] (25)   109.164
[40,60]   [20,10,5] (30)   119.599
[40,60]   [20,10,10] (0)   10335.8
[40,60]   [20,10,10] (5)   3432.27
[40,60]   [20,10,10] (10)   3196.29
[40,60]   [20,10,10] (15)   3281.78
[40,60]   [20,10,10] (20)   3257.24
[40,60]   [20,10,10] (25)   3333.39
[40,60]   [20,10,10] (30)   3300.21
[40,60]   [20,10,15] (0)   10324
[40,60]   [20,10,15] (5)   2111.2
[40,60]   [20,10,15] (10)   1734.41
[40,60]   [20,10,15] (15)   1642.37
[40,60]   [20,10,15] (20)   1696.76
[40,60]   [20,10,15] (25)   1571.07
[40,60]   [20,10,15] (30)   1625.56
[40,60]   [20,10,20] (0)   10375.5
[40,60]   [20,10,20] (5)   3899.04
[40,60]   [20,10,20] (10)   3942.11
[40,60]   [20,10,20] (15)   3813.68
[40,60]   [20,10,20] (20)   3816.17
[40,60]   [20,10,20] (25)   3877.98
[40,60]   [20,10,20] (30)   3844.47
[40,60]   [20,20,5] (0)   5504.77
[40,60]   [20,20,5] (5)   5532.28
[40,60]   [20,20,5] (10)   3041.4
[40,60]   [20,20,5] (15)   1448.68
[40,60]   [20,20,5] (20)   1274.65
[40,60]   [20,20,5] (25)   1219.38
[40,60]   [20,20,5] (30)   1276.14
[40,60]   [20,20,10] (0)   5673.95
[40,60]   [20,20,10] (5)   5564.73
[40,60]   [20,20,10] (10)   4827.54
[40,60]   [20,20,10] (15)   4424.47
[40,60]   [20,20,10] (20)   4423.74
[40,60]   [20,20,10] (25)   4442.21
[40,60]   [20,20,10] (30)   4387.2
[40,60]   [20,20,15] (0)   5672.53
[40,60]   [20,20,15] (5)   5552.25
[40,60]   [20,20,15] (10)   3640.67
[40,60]   [20,20,15] (15)   3111.34
[40,60]   [20,20,15] (20)   3044.85
[40,60]   [20,20,15] (25)   3085
[40,60]   [20,20,15] (30)   2998.4
[40,60]   [20,20,20] (0)   5488.12
[40,60]   [20,20,20] (5)   5617.72
[40,60]   [20,20,20] (10)   5718.33
[40,60]   [20,20,20] (15)   5536.63
[40,60]   [20,20,20] (20)   5498.6
[40,60]   [20,20,20] (25)   5239.74
[40,60]   [20,20,20] (30)   5456.6
[40,60]   [20,30,5] (0)   11660.6
[40,60]   [20,30,5] (5)   11749.3
[40,60]   [20,30,5] (10)   11977.4
[40,60]   [20,30,5] (15)   11829.4
[40,60]   [20,30,5] (20)   11814.7
[40,60]   [20,30,5] (25)   11258.2
[40,60]   [20,30,5] (30)   9897.17
[40,60]   [20,30,10] (0)   11883.1
[40,60]   [20,30,10] (5)   11810.8
[40,60]   [20,30,10] (10)   11842.6
[40,60]   [20,30,10] (15)   11936.3
[40,60]   [20,30,10] (20)   11782.8
[40,60]   [20,30,10] (25)   11884.5
[40,60]   [20,30,10] (30)   11629.2
[40,60]   [20,30,15] (0)   11888.4
[40,60]   [20,30,15] (5)   11941.6
[40,60]   [20,30,15] (10)   11918.9
[40,60]   [20,30,15] (15)   11920
[40,60]   [20,30,15] (20)   11822.6
[40,60]   [20,30,15] (25)   11844.2
[40,60]   [20,30,15] (30)   9892.65
[40,60]   [20,30,20] (0)   11855.4
[40,60]   [20,30,20] (5)   11854.1
[40,60]   [20,30,20] (10)   11898.7
[40,60]   [20,30,20] (15)   11745.3
[40,60]   [20,30,20] (20)   11945.8
[40,60]   [20,30,20] (25)   11797.9
[40,60]   [20,30,20] (30)   11227
[40,60]   [20,40,5] (0)   24713.7
[40,60]   [20,40,5] (5)   24484.9
[40,60]   [20,40,5] (10)   24672.8
[40,60]   [20,40,5] (15)   24821
[40,60]   [20,40,5] (20)   24738.3
[40,60]   [20,40,5] (25)   24737.8
[40,60]   [20,40,5] (30)   24681.5
[40,60]   [20,40,10] (0)   24274.2
[40,60]   [20,40,10] (5)   24643.5
[40,60]   [20,40,10] (10)   24504.3
[40,60]   [20,40,10] (15)   24722.3
[40,60]   [20,40,10] (20)   24677.3
[40,60]   [20,40,10] (25)   24504.2
[40,60]   [20,40,10] (30)   24656.4
[40,60]   [20,40,15] (0)   24753.6
[40,60]   [20,40,15] (5)   24648.6
[40,60]   [20,40,15] (10)   24809.4
[40,60]   [20,40,15] (15)   24302.5
[40,60]   [20,40,15] (20)   24812.8
[40,60]   [20,40,15] (25)   24581.2
[40,60]   [20,40,15] (30)   24864.2
[40,60]   [20,40,20] (0)   24576.2
[40,60]   [20,40,20] (5)   24757.9
[40,60]   [20,40,20] (10)   24780
[40,60]   [20,40,20] (15)   24894.1
[40,60]   [20,40,20] (20)   24692.7
[40,60]   [20,40,20] (25)   24417.4
[40,60]   [20,40,20] (30)   24851.4
[40,60]   [20,50,5] (0)   28208.5
[40,60]   [20,50,5] (5)   28177.6
[40,60]   [20,50,5] (10)   28282
[40,60]   [20,50,5] (15)   28229.3
[40,60]   [20,50,5] (20)   28316.2
[40,60]   [20,50,5] (25)   28205.6
[40,60]   [20,50,5] (30)   28291.7
[40,60]   [20,50,10] (0)   28146.6
[40,60]   [20,50,10] (5)   28245.5
[40,60]   [20,50,10] (10)   28128
[40,60]   [20,50,10] (15)   28146.3
[40,60]   [20,50,10] (20)   27877.1
[40,60]   [20,50,10] (25)   28106.6
[40,60]   [20,50,10] (30)   28199.6
[40,60]   [20,50,15] (0)   28050.6
[40,60]   [20,50,15] (5)   28230.8
[40,60]   [20,50,15] (10)   27882.7
[40,60]   [20,50,15] (15)   28225.9
[40,60]   [20,50,15] (20)   28075.7
[40,60]   [20,50,15] (25)   28156.2
[40,60]   [20,50,15] (30)   28232.3
[40,60]   [20,50,20] (0)   27956.6
[40,60]   [20,50,20] (5)   27991
[40,60]   [20,50,20] (10)   28195.7
[40,60]   [20,50,20] (15)   28314.1
[40,60]   [20,50,20] (20)   28124.4
[40,60]   [20,50,20] (25)   28270.9
[40,60]   [20,50,20] (30)   28165.5
[40,60]   [20,60,5] (0)   40811.6
[40,60]   [20,60,5] (5)   40950.1
[40,60]   [20,60,5] (10)   40904.7
[40,60]   [20,60,5] (15)   40744.9
[40,60]   [20,60,5] (20)   40837.3
[40,60]   [20,60,5] (25)   40738.3
[40,60]   [20,60,5] (30)   40822.9
[40,60]   [20,60,10] (0)   40856.5
[40,60]   [20,60,10] (5)   40972.7
[40,60]   [20,60,10] (10)   40660.1
[40,60]   [20,60,10] (15)   40716.6
[40,60]   [20,60,10] (20)   40776
[40,60]   [20,60,10] (25)   40922.3
[40,60]   [20,60,10] (30)   40918.7
[40,60]   [20,60,15] (0)   41066.2
[40,60]   [20,60,15] (5)   40669.4
[40,60]   [20,60,15] (10)   40838.6
[40,60]   [20,60,15] (15)   40794.4
[40,60]   [20,60,15] (20)   40794.6
[40,60]   [20,60,15] (25)   40921.4
[40,60]   [20,60,15] (30)   40862.2
[40,60]   [20,60,20] (0)   40714.4
[40,60]   [20,60,20] (5)   40809.8
[40,60]   [20,60,20] (10)   40842.6
[40,60]   [20,60,20] (15)   40938.7
[40,60]   [20,60,20] (20)   40677.1
[40,60]   [20,60,20] (25)   40733.8
[40,60]   [20,60,20] (30)   40875.3
[40,60]   [30,10,5] (0)   18880.3
[40,60]   [30,10,5] (5)   10108.8
[40,60]   [30,10,5] (10)   180.459
[40,60]   [30,10,5] (15)   97.563
[40,60]   [30,10,5] (20)   96.6264
[40,60]   [30,10,5] (25)   103.577
[40,60]   [30,10,5] (30)   114.021
[40,60]   [30,10,10] (0)   18782.3
[40,60]   [30,10,10] (5)   10240.6
[40,60]   [30,10,10] (10)   3938.27
[40,60]   [30,10,10] (15)   3634.47
[40,60]   [30,10,10] (20)   3550.45
[40,60]   [30,10,10] (25)   3497.83
[40,60]   [30,10,10] (30)   3431.86
[40,60]   [30,10,15] (0)   19394.1
[40,60]   [30,10,15] (5)   5172.53
[40,60]   [30,10,15] (10)   2580.2
[40,60]   [30,10,15] (15)   2155.06
[40,60]   [30,10,15] (20)   1814.2
[40,60]   [30,10,15] (25)   1980.42
[40,60]   [30,10,15] (30)   2000.44
[40,60]   [30,10,20] (0)   18780.3
[40,60]   [30,10,20] (5)   4626.65
[40,60]   [30,10,20] (10)   4192.37
[40,60]   [30,10,20] (15)   4194.55
[40,60]   [30,10,20] (20)   4159.36
[40,60]   [30,10,20] (25)   4211.91
[40,60]   [30,10,20] (30)   4273.96
[40,60]   [30,20,5] (0)   8977.85
[40,60]   [30,20,5] (5)   8800.28
[40,60]   [30,20,5] (10)   5744.98
[40,60]   [30,20,5] (15)   1196.98
[40,60]   [30,20,5] (20)   143.461
[40,60]   [30,20,5] (25)   124.098
[40,60]   [30,20,5] (30)   134.497
[40,60]   [30,20,10] (0)   8943.12
[40,60]   [30,20,10] (5)   8953.33
[40,60]   [30,20,10] (10)   6325.86
[40,60]   [30,20,10] (15)   4437.06
[40,60]   [30,20,10] (20)   4419.16
[40,60]   [30,20,10] (25)   4229.24
[40,60]   [30,20,10] (30)   4303.07
[40,60]   [30,20,15] (0)   8920.34
[40,60]   [30,20,15] (5)   8826.57
[40,60]   [30,20,15] (10)   4250.49
[40,60]   [30,20,15] (15)   2955.54
[40,60]   [30,20,15] (20)   2743.48
[40,60]   [30,20,15] (25)   2843.61
[40,60]   [30,20,15] (30)   2768.25
[40,60]   [30,20,20] (0)   8802.83
[40,60]   [30,20,20] (5)   8821.51
[40,60]   [30,20,20] (10)   5264.88
[40,60]   [30,20,20] (15)   5076.74
[40,60]   [30,20,20] (20)   4978.97
[40,60]   [30,20,20] (25)   5022.98
[40,60]   [30,20,20] (30)   5031.22
[40,60]   [30,30,5] (0)   5770.26
[40,60]   [30,30,5] (5)   5674.93
[40,60]   [30,30,5] (10)   5602.4
[40,60]   [30,30,5] (15)   4729.09
[40,60]   [30,30,5] (20)   2589.87
[40,60]   [30,30,5] (25)   1633.49
[40,60]   [30,30,5] (30)   1599.6
[40,60]   [30,30,10] (0)   5828.06
[40,60]   [30,30,10] (5)   5878.73
[40,60]   [30,30,10] (10)   5852.1
[40,60]   [30,30,10] (15)   5610.12
[40,60]   [30,30,10] (20)   5224.63
[40,60]   [30,30,10] (25)   5143.29
[40,60]   [30,30,10] (30)   5233.21
[40,60]   [30,30,15] (0)   5744.88
[40,60]   [30,30,15] (5)   5883.34
[40,60]   [30,30,15] (10)   5868.65
[40,60]   [30,30,15] (15)   4881.03
[40,60]   [30,30,15] (20)   4268.08
[40,60]   [30,30,15] (25)   4145.61
[40,60]   [30,30,15] (30)   4185.32
[40,60]   [30,30,20] (0)   5738.28
[40,60]   [30,30,20] (5)   5678.77
[40,60]   [30,30,20] (10)   5804.68
[40,60]   [30,30,20] (15)   5731.89
[40,60]   [30,30,20] (20)   5587.4
[40,60]   [30,30,20] (25)   5421.07
[40,60]   [30,30,20] (30)   5473.93
[40,60]   [30,40,5] (0)   9961.78
[40,60]   [30,40,5] (5)   10088.2
[40,60]   [30,40,5] (10)   9945.09
[40,60]   [30,40,5] (15)   9754.47
[40,60]   [30,40,5] (20)   9969.5
[40,60]   [30,40,5] (25)   9545.24
[40,60]   [30,40,5] (30)   10055.1
[40,60]   [30,40,10] (0)   10073.5
[40,60]   [30,40,10] (5)   9815.24
[40,60]   [30,40,10] (10)   10037.5
[40,60]   [30,40,10] (15)   9970.4
[40,60]   [30,40,10] (20)   9924.89
[40,60]   [30,40,10] (25)   9977.2
[40,60]   [30,40,10] (30)   10116.7
[40,60]   [30,40,15] (0)   10095.3
[40,60]   [30,40,15] (5)   9886.36
[40,60]   [30,40,15] (10)   10103
[40,60]   [30,40,15] (15)   9961.92
[40,60]   [30,40,15] (20)   10021.2
[40,60]   [30,40,15] (25)   10098.5
[40,60]   [30,40,15] (30)   9843.62
[40,60]   [30,40,20] (0)   9762.66
[40,60]   [30,40,20] (5)   9896.86
[40,60]   [30,40,20] (10)   9748.98
[40,60]   [30,40,20] (15)   10058.6
[40,60]   [30,40,20] (20)   9981.76
[40,60]   [30,40,20] (25)   10008.5
[40,60]   [30,40,20] (30)   9845.96
[40,60]   [30,50,5] (0)   18033.3
[40,60]   [30,50,5] (5)   18201.7
[40,60]   [30,50,5] (10)   18158.5
[40,60]   [30,50,5] (15)   18036.8
[40,60]   [30,50,5] (20)   18274.8
[40,60]   [30,50,5] (25)   18281.3
[40,60]   [30,50,5] (30)   18263.7
[40,60]   [30,50,10] (0)   18003.1
[40,60]   [30,50,10] (5)   18002.9
[40,60]   [30,50,10] (10)   18211.7
[40,60]   [30,50,10] (15)   18074.3
[40,60]   [30,50,10] (20)   18203.9
[40,60]   [30,50,10] (25)   17870.2
[40,60]   [30,50,10] (30)   18014.4
[40,60]   [30,50,15] (0)   18173.3
[40,60]   [30,50,15] (5)   18046.3
[40,60]   [30,50,15] (10)   18003.6
[40,60]   [30,50,15] (15)   18121.4
[40,60]   [30,50,15] (20)   18019.5
[40,60]   [30,50,15] (25)   18312.7
[40,60]   [30,50,15] (30)   17924.8
[40,60]   [30,50,20] (0)   18051.3
[40,60]   [30,50,20] (5)   18230.5
[40,60]   [30,50,20] (10)   18211
[40,60]   [30,50,20] (15)   18045.5
[40,60]   [30,50,20] (20)   17976.3
[40,60]   [30,50,20] (25)   18202.2
[40,60]   [30,50,20] (30)   17914.6
[40,60]   [30,60,5] (0)   25326.4
[40,60]   [30,60,5] (5)   25387
[40,60]   [30,60,5] (10)   25500.3
[40,60]   [30,60,5] (15)   25434.4
[40,60]   [30,60,5] (20)   25279.7
[40,60]   [30,60,5] (25)   25483.7
[40,60]   [30,60,5] (30)   25284.1
[40,60]   [30,60,10] (0)   25374.4
[40,60]   [30,60,10] (5)   25346.7
[40,60]   [30,60,10] (10)   25206.6
[40,60]   [30,60,10] (15)   25371.8
[40,60]   [30,60,10] (20)   25187.5
[40,60]   [30,60,10] (25)   25389.5
[40,60]   [30,60,10] (30)   25055.9
[40,60]   [30,60,15] (0)   25446.1
[40,60]   [30,60,15] (5)   25410.9
[40,60]   [30,60,15] (10)   25201.9
[40,60]   [30,60,15] (15)   25452.3
[40,60]   [30,60,15] (20)   25364.8
[40,60]   [30,60,15] (25)   25268.6
[40,60]   [30,60,15] (30)   25272.1
[40,60]   [30,60,20] (0)   25575.8
[40,60]   [30,60,20] (5)   25273.8
[40,60]   [30,60,20] (10)   25228.4
[40,60]   [30,60,20] (15)   25162.5
[40,60]   [30,60,20] (20)   25263.5
[40,60]   [30,60,20] (25)   25317.6
[40,60]   [30,60,20] (30)   25160.3
[40,60]   [40,10,5] (0)   35363.2
[40,60]   [40,10,5] (5)   15760.5
[40,60]   [40,10,5] (10)   780.96
[40,60]   [40,10,5] (15)   115.754
[40,60]   [40,10,5] (20)   103.838
[40,60]   [40,10,5] (25)   105.069
[40,60]   [40,10,5] (30)   110.722
[40,60]   [40,10,10] (0)   35035
[40,60]   [40,10,10] (5)   17263.4
[40,60]   [40,10,10] (10)   5043.76
[40,60]   [40,10,10] (15)   4076.33
[40,60]   [40,10,10] (20)   3752.88
[40,60]   [40,10,10] (25)   3810.54
[40,60]   [40,10,10] (30)   3588.28
[40,60]   [40,10,15] (0)   35371.6
[40,60]   [40,10,15] (5)   12311.9
[40,60]   [40,10,15] (10)   3296.2
[40,60]   [40,10,15] (15)   2833.41
[40,60]   [40,10,15] (20)   2593.01
[40,60]   [40,10,15] (25)   2288.88
[40,60]   [40,10,15] (30)   2304.86
[40,60]   [40,10,20] (0)   35062.1
[40,60]   [40,10,20] (5)   11584.8
[40,60]   [40,10,20] (10)   5041.16
[40,60]   [40,10,20] (15)   4994.55
[40,60]   [40,10,20] (20)   4956.72
[40,60]   [40,10,20] (25)   4856.02
[40,60]   [40,10,20] (30)   4855.05
[40,60]   [40,20,5] (0)   18658
[40,60]   [40,20,5] (5)   19071
[40,60]   [40,20,5] (10)   13307.9
[40,60]   [40,20,5] (15)   1983.74
[40,60]   [40,20,5] (20)   380.486
[40,60]   [40,20,5] (25)   124.371
[40,60]   [40,20,5] (30)   121.805
[40,60]   [40,20,10] (0)   18928.4
[40,60]   [40,20,10] (5)   19327.5
[40,60]   [40,20,10] (10)   14341.1
[40,60]   [40,20,10] (15)   5001.08
[40,60]   [40,20,10] (20)   4564.23
[40,60]   [40,20,10] (25)   4249.08
[40,60]   [40,20,10] (30)   4142.77
[40,60]   [40,20,15] (0)   19496.5
[40,60]   [40,20,15] (5)   19239.9
[40,60]   [40,20,15] (10)   11551.1
[40,60]   [40,20,15] (15)   3670.89
[40,60]   [40,20,15] (20)   3505.81
[40,60]   [40,20,15] (25)   2952.62
[40,60]   [40,20,15] (30)   2820.14
[40,60]   [40,20,20] (0)   19148.6
[40,60]   [40,20,20] (5)   18879
[40,60]   [40,20,20] (10)   15239.4
[40,60]   [40,20,20] (15)   6470.41
[40,60]   [40,20,20] (20)   6331.43
[40,60]   [40,20,20] (25)   6450.14
[40,60]   [40,20,20] (30)   6273.15
[40,60]   [40,30,5] (0)   7073.33
[40,60]   [40,30,5] (5)   7174.67
[40,60]   [40,30,5] (10)   7212.98
[40,60]   [40,30,5] (15)   5623.85
[40,60]   [40,30,5] (20)   2835.48
[40,60]   [40,30,5] (25)   980.208
[40,60]   [40,30,5] (30)   390.35
[40,60]   [40,30,10] (0)   7373.35
[40,60]   [40,30,10] (5)   7093.34
[40,60]   [40,30,10] (10)   7107.42
[40,60]   [40,30,10] (15)   6227.26
[40,60]   [40,30,10] (20)   5535.55
[40,60]   [40,30,10] (25)   5187.16
[40,60]   [40,30,10] (30)   4909.41
[40,60]   [40,30,15] (0)   7155.9
[40,60]   [40,30,15] (5)   7163.61
[40,60]   [40,30,15] (10)   7188.39
[40,60]   [40,30,15] (15)   5687.12
[40,60]   [40,30,15] (20)   4634.1
[40,60]   [40,30,15] (25)   4206.06
[40,60]   [40,30,15] (30)   3989.86
[40,60]   [40,30,20] (0)   7272.6
[40,60]   [40,30,20] (5)   7113.14
[40,60]   [40,30,20] (10)   7204.53
[40,60]   [40,30,20] (15)   6125.37
[40,60]   [40,30,20] (20)   6064.09
[40,60]   [40,30,20] (25)   6006.7
[40,60]   [40,30,20] (30)   5862.02
[40,60]   [40,40,5] (0)   7795.18
[40,60]   [40,40,5] (5)   7697.37
[40,60]   [40,40,5] (10)   7658.59
[40,60]   [40,40,5] (15)   7794.06
[40,60]   [40,40,5] (20)   6715.8
[40,60]   [40,40,5] (25)   4888.8
[40,60]   [40,40,5] (30)   2928.43
[40,60]   [40,40,10] (0)   7717.98
[40,60]   [40,40,10] (5)   7852.26
[40,60]   [40,40,10] (10)   7780.22
[40,60]   [40,40,10] (15)   7659.9
[40,60]   [40,40,10] (20)   7384.6
[40,60]   [40,40,10] (25)   6606.67
[40,60]   [40,40,10] (30)   6081.95
[40,60]   [40,40,15] (0)   7696.23
[40,60]   [40,40,15] (5)   7705.64
[40,60]   [40,40,15] (10)   7647.73
[40,60]   [40,40,15] (15)   7693.54
[40,60]   [40,40,15] (20)   6938.23
[40,60]   [40,40,15] (25)   5887.09
[40,60]   [40,40,15] (30)   5454.56
[40,60]   [40,40,20] (0)   7757.08
[40,60]   [40,40,20] (5)   7652.57
[40,60]   [40,40,20] (10)   7902.28
[40,60]   [40,40,20] (15)   7682.36
[40,60]   [40,40,20] (20)   7592.46
[40,60]   [40,40,20] (25)   7595.57
[40,60]   [40,40,20] (30)   7505.12
[40,60]   [40,50,5] (0)   10111.2
[40,60]   [40,50,5] (5)   9839.91
[40,60]   [40,50,5] (10)   10266.5
[40,60]   [40,50,5] (15)   9980.04
[40,60]   [40,50,5] (20)   9926.03
[40,60]   [40,50,5] (25)   10104.3
[40,60]   [40,50,5] (30)   10099.5
[40,60]   [40,50,10] (0)   10109.3
[40,60]   [40,50,10] (5)   9979.37
[40,60]   [40,50,10] (10)   10151.5
[40,60]   [40,50,10] (15)   9978.24
[40,60]   [40,50,10] (20)   10094
[40,60]   [40,50,10] (25)   10068.6
[40,60]   [40,50,10] (30)   9913.56
[40,60]   [40,50,15] (0)   10314.1
[40,60]   [40,50,15] (5)   10243.6
[40,60]   [40,50,15] (10)   9879.52
[40,60]   [40,50,15] (15)   9958.49
[40,60]   [40,50,15] (20)   10061.9
[40,60]   [40,50,15] (25)   10024.6
[40,60]   [40,50,15] (30)   9904.14
[40,60]   [40,50,20] (0)   10322.4
[40,60]   [40,50,20] (5)   10103.8
[40,60]   [40,50,20] (10)   9905.27
[40,60]   [40,50,20] (15)   10040.1
[40,60]   [40,50,20] (20)   10066.7
[40,60]   [40,50,20] (25)   9892.43
[40,60]   [40,50,20] (30)   9971.53
[40,60]   [40,60,5] (0)   35935.2
[40,60]   [40,60,5] (5)   36137
[40,60]   [40,60,5] (10)   35771.8
[40,60]   [40,60,5] (15)   35797.1
[40,60]   [40,60,5] (20)   36064
[40,60]   [40,60,5] (25)   35999.1
[40,60]   [40,60,5] (30)   35832.7
[40,60]   [40,60,10] (0)   35982.1
[40,60]   [40,60,10] (5)   35929
[40,60]   [40,60,10] (10)   35922.1
[40,60]   [40,60,10] (15)   35471.6
[40,60]   [40,60,10] (20)   36162.5
[40,60]   [40,60,10] (25)   36159.1
[40,60]   [40,60,10] (30)   35912.3
[40,60]   [40,60,15] (0)   35907.3
[40,60]   [40,60,15] (5)   35737.4
[40,60]   [40,60,15] (10)   35884.2
[40,60]   [40,60,15] (15)   36064.8
[40,60]   [40,60,15] (20)   35971
[40,60]   [40,60,15] (25)   35972.9
[40,60]   [40,60,15] (30)   35916.3
[40,60]   [40,60,20] (0)   35759.3
[40,60]   [40,60,20] (5)   35981.1
[40,60]   [40,60,20] (10)   35838.5
[40,60]   [40,60,20] (15)   36050.8
[40,60]   [40,60,20] (20)   35904.6
[40,60]   [40,60,20] (25)   36088.6
[40,60]   [40,60,20] (30)   35976.2
[40,60]   [50,10,5] (0)   33412.9
[40,60]   [50,10,5] (5)   22172.2
[40,60]   [50,10,5] (10)   3491.87
[40,60]   [50,10,5] (15)   249.273
[40,60]   [50,10,5] (20)   115.313
[40,60]   [50,10,5] (25)   111.096
[40,60]   [50,10,5] (30)   114.457
[40,60]   [50,10,10] (0)   33385.3
[40,60]   [50,10,10] (5)   23937.1
[40,60]   [50,10,10] (10)   10932
[40,60]   [50,10,10] (15)   4626.08
[40,60]   [50,10,10] (20)   4438.83
[40,60]   [50,10,10] (25)   4317.63
[40,60]   [50,10,10] (30)   3955.3
[40,60]   [50,10,15] (0)   33379.7
[40,60]   [50,10,15] (5)   19037.5
[40,60]   [50,10,15] (10)   8191.89
[40,60]   [50,10,15] (15)   3426.91
[40,60]   [50,10,15] (20)   3279.82
[40,60]   [50,10,15] (25)   2811.73
[40,60]   [50,10,15] (30)   2662.92
[40,60]   [50,10,20] (0)   33251.4
[40,60]   [50,10,20] (5)   17682.9
[40,60]   [50,10,20] (10)   5512.62
[40,60]   [50,10,20] (15)   5182.55
[40,60]   [50,10,20] (20)   4979.24
[40,60]   [50,10,20] (25)   5042.58
[40,60]   [50,10,20] (30)   5032.51
[40,60]   [50,20,5] (0)   23475.6
[40,60]   [50,20,5] (5)   23280.3
[40,60]   [50,20,5] (10)   19063.6
[40,60]   [50,20,5] (15)   4443.07
[40,60]   [50,20,5] (20)   819.676
[40,60]   [50,20,5] (25)   209.73
[40,60]   [50,20,5] (30)   126.576
[40,60]   [50,20,10] (0)   23190.1
[40,60]   [50,20,10] (5)   23415.6
[40,60]   [50,20,10] (10)   20076.1
[40,60]   [50,20,10] (15)   8480.98
[40,60]   [50,20,10] (20)   5275.69
[40,60]   [50,20,10] (25)   5002.3
[40,60]   [50,20,10] (30)   4545.73
[40,60]   [50,20,15] (0)   23910.1
[40,60]   [50,20,15] (5)   23388.3
[40,60]   [50,20,15] (10)   17404.7
[40,60]   [50,20,15] (15)   4523.41
[40,60]   [50,20,15] (20)   3836.3
[40,60]   [50,20,15] (25)   3416.4
[40,60]   [50,20,15] (30)   3312.2
[40,60]   [50,20,20] (0)   23614.5
[40,60]   [50,20,20] (5)   23481
[40,60]   [50,20,20] (10)   18536.7
[40,60]   [50,20,20] (15)   6185.11
[40,60]   [50,20,20] (20)   6065.54
[40,60]   [50,20,20] (25)   5999.04
[40,60]   [50,20,20] (30)   5698.59
[40,60]   [50,30,5] (0)   14443.2
[40,60]   [50,30,5] (5)   14398.3
[40,60]   [50,30,5] (10)   14467.5
[40,60]   [50,30,5] (15)   12325.8
[40,60]   [50,30,5] (20)   3693.51
[40,60]   [50,30,5] (25)   1643.8
[40,60]   [50,30,5] (30)   522.511
[40,60]   [50,30,10] (0)   14266.9
[40,60]   [50,30,10] (5)   14527.7
[40,60]   [50,30,10] (10)   14355
[40,60]   [50,30,10] (15)   12955.4
[40,60]   [50,30,10] (20)   6329.65
[40,60]   [50,30,10] (25)   5571.13
[40,60]   [50,30,10] (30)   5182.37
[40,60]   [50,30,15] (0)   14631.4
[40,60]   [50,30,15] (5)   14298
[40,60]   [50,30,15] (10)   14320
[40,60]   [50,30,15] (15)   11378.1
[40,60]   [50,30,15] (20)   5328.75
[40,60]   [50,30,15] (25)   4679.66
[40,60]   [50,30,15] (30)   4019.05
[40,60]   [50,30,20] (0)   14415.3
[40,60]   [50,30,20] (5)   14647
[40,60]   [50,30,20] (10)   14457.3
[40,60]   [50,30,20] (15)   11907.3
[40,60]   [50,30,20] (20)   6356.91
[40,60]   [50,30,20] (25)   5992.81
[40,60]   [50,30,20] (30)   5983.3
[40,60]   [50,40,5] (0)   7513.13
[40,60]   [50,40,5] (5)   7530.12
[40,60]   [50,40,5] (10)   7478.67
[40,60]   [50,40,5] (15)   7698.36
[40,60]   [50,40,5] (20)   7177.3
[40,60]   [50,40,5] (25)   5106.98
[40,60]   [50,40,5] (30)   2635.4
[40,60]   [50,40,10] (0)   7541.82
[40,60]   [50,40,10] (5)   7553.6
[40,60]   [50,40,10] (10)   7537.56
[40,60]   [50,40,10] (15)   7648.14
[40,60]   [50,40,10] (20)   7446.17
[40,60]   [50,40,10] (25)   6824.16
[40,60]   [50,40,10] (30)   6311.3
[40,60]   [50,40,15] (0)   7541.55
[40,60]   [50,40,15] (5)   7493.73
[40,60]   [50,40,15] (10)   7551.99
[40,60]   [50,40,15] (15)   7543.22
[40,60]   [50,40,15] (20)   7167.01
[40,60]   [50,40,15] (25)   6170.3
[40,60]   [50,40,15] (30)   5347.85
[40,60]   [50,40,20] (0)   7540.31
[40,60]   [50,40,20] (5)   7485.48
[40,60]   [50,40,20] (10)   7593.77
[40,60]   [50,40,20] (15)   7561.69
[40,60]   [50,40,20] (20)   7506.09
[40,60]   [50,40,20] (25)   7145.63
[40,60]   [50,40,20] (30)   6795.72
[40,60]   [50,50,5] (0)   11468.4
[40,60]   [50,50,5] (5)   11265.9
[40,60]   [50,50,5] (10)   11283.5
[40,60]   [50,50,5] (15)   11345.9
[40,60]   [50,50,5] (20)   11332.3
[40,60]   [50,50,5] (25)   7835.58
[40,60]   [50,50,5] (30)   6574.42
[40,60]   [50,50,10] (0)   11366.7
[40,60]   [50,50,10] (5)   11195
[40,60]   [50,50,10] (10)   11228.3
[40,60]   [50,50,10] (15)   11328.5
[40,60]   [50,50,10] (20)   11075.4
[40,60]   [50,50,10] (25)   8197.05
[40,60]   [50,50,10] (30)   7818.03
[40,60]   [50,50,15] (0)   11276.3
[40,60]   [50,50,15] (5)   11214.9
[40,60]   [50,50,15] (10)   11216.9
[40,60]   [50,50,15] (15)   11466.7
[40,60]   [50,50,15] (20)   10708.2
[40,60]   [50,50,15] (25)   8272.84
[40,60]   [50,50,15] (30)   7135.07
[40,60]   [50,50,20] (0)   11406.7
[40,60]   [50,50,20] (5)   11199.3
[40,60]   [50,50,20] (10)   11327.9
[40,60]   [50,50,20] (15)   11482.3
[40,60]   [50,50,20] (20)   11300.5
[40,60]   [50,50,20] (25)   8512.77
[40,60]   [50,50,20] (30)   7811.9
[40,60]   [50,60,5] (0)   9989.86
[40,60]   [50,60,5] (5)   10215.6
[40,60]   [50,60,5] (10)   10028.6
[40,60]   [50,60,5] (15)   10264.7
[40,60]   [50,60,5] (20)   10255.7
[40,60]   [50,60,5] (25)   10407.2
[40,60]   [50,60,5] (30)   10351.7
[40,60]   [50,60,10] (0)   10182.5
[40,60]   [50,60,10] (5)   10029.2
[40,60]   [50,60,10] (10)   10131.5
[40,60]   [50,60,10] (15)   10226.6
[40,60]   [50,60,10] (20)   10111.1
[40,60]   [50,60,10] (25)   10016.2
[40,60]   [50,60,10] (30)   10145.6
[40,60]   [50,60,15] (0)   10404.7
[40,60]   [50,60,15] (5)   10202.3
[40,60]   [50,60,15] (10)   10118.2
[40,60]   [50,60,15] (15)   10224
[40,60]   [50,60,15] (20)   10198.1
[40,60]   [50,60,15] (25)   10320.6
[40,60]   [50,60,15] (30)   10222.1
[40,60]   [50,60,20] (0)   10425.2
[40,60]   [50,60,20] (5)   10188.5
[40,60]   [50,60,20] (10)   10492.1
[40,60]   [50,60,20] (15)   10030.7
[40,60]   [50,60,20] (20)   10544.7
[40,60]   [50,60,20] (25)   10099.7
[40,60]   [50,60,20] (30)   10140.7
[40,60]   [60,10,5] (0)   39429.7
[40,60]   [60,10,5] (5)   27565.6
[40,60]   [60,10,5] (10)   7420.42
[40,60]   [60,10,5] (15)   506.452
[40,60]   [60,10,5] (20)   139.053
[40,60]   [60,10,5] (25)   119.934
[40,60]   [60,10,5] (30)   118.746
[40,60]   [60,10,10] (0)   39530.9
[40,60]   [60,10,10] (5)   29647.4
[40,60]   [60,10,10] (10)   15683
[40,60]   [60,10,10] (15)   6675.65
[40,60]   [60,10,10] (20)   4882.55
[40,60]   [60,10,10] (25)   4541.98
[40,60]   [60,10,10] (30)   4289.96
[40,60]   [60,10,15] (0)   39250.2
[40,60]   [60,10,15] (5)   23683.9
[40,60]   [60,10,15] (10)   12755.8
[40,60]   [60,10,15] (15)   3739.38
[40,60]   [60,10,15] (20)   3970.16
[40,60]   [60,10,15] (25)   3252.19
[40,60]   [60,10,15] (30)   3079.02
[40,60]   [60,10,20] (0)   39334.2
[40,60]   [60,10,20] (5)   24608.5
[40,60]   [60,10,20] (10)   10754.4
[40,60]   [60,10,20] (15)   8025.14
[40,60]   [60,10,20] (20)   5899.23
[40,60]   [60,10,20] (25)   5918.59
[40,60]   [60,10,20] (30)   5802.76
[40,60]   [60,20,5] (0)   33278
[40,60]   [60,20,5] (5)   33563.5
[40,60]   [60,20,5] (10)   25172.8
[40,60]   [60,20,5] (15)   8842.87
[40,60]   [60,20,5] (20)   1313.06
[40,60]   [60,20,5] (25)   373.035
[40,60]   [60,20,5] (30)   139.725
[40,60]   [60,20,10] (0)   33114.5
[40,60]   [60,20,10] (5)   33474.6
[40,60]   [60,20,10] (10)   27598.2
[40,60]   [60,20,10] (15)   13414.3
[40,60]   [60,20,10] (20)   5630.84
[40,60]   [60,20,10] (25)   5190.72
[40,60]   [60,20,10] (30)   4893.26
[40,60]   [60,20,15] (0)   33342.3
[40,60]   [60,20,15] (5)   33342.2
[40,60]   [60,20,15] (10)   24399.1
[40,60]   [60,20,15] (15)   9225.42
[40,60]   [60,20,15] (20)   4382.59
[40,60]   [60,20,15] (25)   3932.14
[40,60]   [60,20,15] (30)   3559.16
[40,60]   [60,20,20] (0)   34187.2
[40,60]   [60,20,20] (5)   33294.9
[40,60]   [60,20,20] (10)   29842.7
[40,60]   [60,20,20] (15)   8824.74
[40,60]   [60,20,20] (20)   7581.73
[40,60]   [60,20,20] (25)   7209.74
[40,60]   [60,20,20] (30)   7061.97
[40,60]   [60,30,5] (0)   20690.4
[40,60]   [60,30,5] (5)   20904.7
[40,60]   [60,30,5] (10)   20547.2
[40,60]   [60,30,5] (15)   18005.3
[40,60]   [60,30,5] (20)   6167.88
[40,60]   [60,30,5] (25)   1974.78
[40,60]   [60,30,5] (30)   696.452
[40,60]   [60,30,10] (0)   20587.9
[40,60]   [60,30,10] (5)   20903.9
[40,60]   [60,30,10] (10)   20681.2
[40,60]   [60,30,10] (15)   19109
[40,60]   [60,30,10] (20)   9791.81
[40,60]   [60,30,10] (25)   6086.99
[40,60]   [60,30,10] (30)   5688.64
[40,60]   [60,30,15] (0)   20927.8
[40,60]   [60,30,15] (5)   20622.2
[40,60]   [60,30,15] (10)   20465.2
[40,60]   [60,30,15] (15)   17217.6
[40,60]   [60,30,15] (20)   5702.91
[40,60]   [60,30,15] (25)   5127.22
[40,60]   [60,30,15] (30)   4424.92
[40,60]   [60,30,20] (0)   20745.3
[40,60]   [60,30,20] (5)   20597.9
[40,60]   [60,30,20] (10)   20291
[40,60]   [60,30,20] (15)   18369.2
[40,60]   [60,30,20] (20)   6920.14
[40,60]   [60,30,20] (25)   6862.16
[40,60]   [60,30,20] (30)   6663.03
[40,60]   [60,40,5] (0)   15089.2
[40,60]   [60,40,5] (5)   14588.3
[40,60]   [60,40,5] (10)   14704.8
[40,60]   [60,40,5] (15)   14925.9
[40,60]   [60,40,5] (20)   12067.2
[40,60]   [60,40,5] (25)   5955.46
[40,60]   [60,40,5] (30)   3028.76
[40,60]   [60,40,10] (0)   14766
[40,60]   [60,40,10] (5)   14992.6
[40,60]   [60,40,10] (10)   14764.2
[40,60]   [60,40,10] (15)   14811.8
[40,60]   [60,40,10] (20)   12646.1
[40,60]   [60,40,10] (25)   7724.64
[40,60]   [60,40,10] (30)   6527.81
[40,60]   [60,40,15] (0)   14653.9
[40,60]   [60,40,15] (5)   14741.1
[40,60]   [60,40,15] (10)   14914.1
[40,60]   [60,40,15] (15)   14805.2
[40,60]   [60,40,15] (20)   11860.5
[40,60]   [60,40,15] (25)   6570.06
[40,60]   [60,40,15] (30)   5801.46
[40,60]   [60,40,20] (0)   14778.9
[40,60]   [60,40,20] (5)   14493.2
[40,60]   [60,40,20] (10)   14872
[40,60]   [60,40,20] (15)   14761
[40,60]   [60,40,20] (20)   14135.2
[40,60]   [60,40,20] (25)   8730.35
[40,60]   [60,40,20] (30)   8022.24
[40,60]   [60,50,5] (0)   8752
[40,60]   [60,50,5] (5)   8682.43
[40,60]   [60,50,5] (10)   8734.27
[40,60]   [60,50,5] (15)   8823.21
[40,60]   [60,50,5] (20)   8647.96
[40,60]   [60,50,5] (25)   8333.74
[40,60]   [60,50,5] (30)   6934.73
[40,60]   [60,50,10] (0)   8740.59
[40,60]   [60,50,10] (5)   8595.56
[40,60]   [60,50,10] (10)   8680.44
[40,60]   [60,50,10] (15)   8659.95
[40,60]   [60,50,10] (20)   8797.44
[40,60]   [60,50,10] (25)   8560.77
[40,60]   [60,50,10] (30)   8391.4
[40,60]   [60,50,15] (0)   8801.72
[40,60]   [60,50,15] (5)   8596.76
[40,60]   [60,50,15] (10)   8696.54
[40,60]   [60,50,15] (15)   8832.25
[40,60]   [60,50,15] (20)   8777.87
[40,60]   [60,50,15] (25)   8211.09
[40,60]   [60,50,15] (30)   7626.71
[40,60]   [60,50,20] (0)   8671.55
[40,60]   [60,50,20] (5)   8723.43
[40,60]   [60,50,20] (10)   8711.65
[40,60]   [60,50,20] (15)   8672.21
[40,60]   [60,50,20] (20)   8622.26
[40,60]   [60,50,20] (25)   8719.88
[40,60]   [60,50,20] (30)   8637.17
[40,60]   [60,60,5] (0)   9719
[40,60]   [60,60,5] (5)   9819.51
[40,60]   [60,60,5] (10)   9658.82
[40,60]   [60,60,5] (15)   9796.05
[40,60]   [60,60,5] (20)   9678.06
[40,60]   [60,60,5] (25)   9807.34
[40,60]   [60,60,5] (30)   9418.32
[40,60]   [60,60,10] (0)   9856.63
[40,60]   [60,60,10] (5)   9702.13
[40,60]   [60,60,10] (10)   9904.65
[40,60]   [60,60,10] (15)   9778.23
[40,60]   [60,60,10] (20)   9693.56
[40,60]   [60,60,10] (25)   9912.75
[40,60]   [60,60,10] (30)   9609.51
[40,60]   [60,60,15] (0)   9792.34
[40,60]   [60,60,15] (5)   9843.18
[40,60]   [60,60,15] (10)   9949.3
[40,60]   [60,60,15] (15)   9671.11
[40,60]   [60,60,15] (20)   9796.62
[40,60]   [60,60,15] (25)   9837.14
[40,60]   [60,60,15] (30)   9018.45
[40,60]   [60,60,20] (0)   9771.93
[40,60]   [60,60,20] (5)   9831.97
[40,60]   [60,60,20] (10)   9857.39
[40,60]   [60,60,20] (15)   9787.01
[40,60]   [60,60,20] (20)   9681.34
[40,60]   [60,60,20] (25)   9820.92
[40,60]   [60,60,20] (30)   9698.39
