[30,30]   [10,10,5] (0)   83.1871
[30,30]   [10,10,5] (5)   59.1619
[30,30]   [10,10,5] (10)   60.8887
[30,30]   [10,10,5] (15)   70.988
[30,30]   [10,10,5] (20)   81.2033
[30,30]   [10,10,5] (25)   91.5197
[30,30]   [10,10,5] (30)   101.554
[30,30]   [10,10,10] (0)   83.4706
[30,30]   [10,10,10] (5)   69.2642
[30,30]   [10,10,10] (10)   75.7487
[30,30]   [10,10,10] (15)   84.3936
[30,30]   [10,10,10] (20)   93.1476
[30,30]   [10,10,10] (25)   101.958
[30,30]   [10,10,10] (30)   110.81
[30,30]   [10,10,15] (0)   83.3334
[30,30]   [10,10,15] (5)   70.2041
[30,30]   [10,10,15] (10)   77.8212
[30,30]   [10,10,15] (15)   87.1211
[30,30]   [10,10,15] (20)   95.9301
[30,30]   [10,10,15] (25)   104.941
[30,30]   [10,10,15] (30)   113.907
[30,30]   [10,10,20] (0)   82.9438
[30,30]   [10,10,20] (5)   78.8445
[30,30]   [10,10,20] (10)   86.6755
[30,30]   [10,10,20] (15)   94.9811
[30,30]   [10,10,20] (20)   103.518
[30,30]   [10,10,20] (25)   112.285
[30,30]   [10,10,20] (30)   120.914
[30,30]   [10,20,5] (0)   9502.49
[30,30]   [10,20,5] (5)   9494.26
[30,30]   [10,20,5] (10)   9499.46
[30,30]   [10,20,5] (15)   9460.21
[30,30]   [10,20,5] (20)   9591.25
[30,30]   [10,20,5] (25)   7803.99
[30,30]   [10,20,5] (30)   6434.39
[30,30]   [10,20,10] (0)   9549.68
[30,30]   [10,20,10] (5)   9410.36
[30,30]   [10,20,10] (10)   9421.8
[30,30]   [10,20,10] (15)   9533.45
[30,30]   [10,20,10] (20)   9429.08
[30,30]   [10,20,10] (25)   9537.87
[30,30]   [10,20,10] (30)   6884.2
[30,30]   [10,20,15] (0)   9448.64
[30,30]   [10,20,15] (5)   9501.1
[30,30]   [10,20,15] (10)   9472.23
[30,30]   [10,20,15] (15)   9498.74
[30,30]   [10,20,15] (20)   9374.34
[30,30]   [10,20,15] (25)   6424.6
[30,30]   [10,20,15] (30)   5351
[30,30]   [10,20,20] (0)   9366.22
[30,30]   [10,20,20] (5)   9442.75
[30,30]   [10,20,20] (10)   9383.47
[30,30]   [10,20,20] (15)   9460.51
[30,30]   [10,20,20] (20)   9431.23
[30,30]   [10,20,20] (25)   7020.4
[30,30]   [10,20,20] (30)   4442.69
[30,30]   [10,30,5] (0)   15544.5
[30,30]   [10,30,5] (5)   15609.1
[30,30]   [10,30,5] (10)   15553.8
[30,30]   [10,30,5] (15)   15722.4
[30,30]   [10,30,5] (20)   15666.6
[30,30]   [10,30,5] (25)   15654.5
[30,30]   [10,30,5] (30)   14613.6
[30,30]   [10,30,10] (0)   15649.2
[30,30]   [10,30,10] (5)   15716.4
[30,30]   [10,30,10] (10)   15615.8
[30,30]   [10,30,10] (15)   15651.6
[30,30]   [10,30,10] (20)   15535
[30,30]   [10,30,10] (25)   15736.1
[30,30]   [10,30,10] (30)   15739.9
[30,30]   [10,30,15] (0)   15706.6
[30,30]   [10,30,15] (5)   15579.1
[30,30]   [10,30,15] (10)   15477.3
[30,30]   [10,30,15] (15)   15464.3
[30,30]   [10,30,15] (20)   15610.6
[30,30]   [10,30,15] (25)   15628.1
[30,30]   [10,30,15] (30)   13913.8
[30,30]   [10,30,20] (0)   15523.3
[30,30]   [10,30,20] (5)   15571.1
[30,30]   [10,30,20] (10)   15655
[30,30]   [10,30,20] (15)   15694.9
[30,30]   [10,30,20] (20)   15717.1
[30,30]   [10,30,20] (25)   15605.8
[30,30]   [10,30,20] (30)   15548.6
[30,30]   [10,40,5] (0)   22054.1
[30,30]   [10,40,5] (5)   22126.9
[30,30]   [10,40,5] (10)   22002.9
[30,30]   [10,40,5] (15)   22046.6
[30,30]   [10,40,5] (20)   22091.3
[30,30]   [10,40,5] (25)   21990.2
[30,30]   [10,40,5] (30)   22014
[30,30]   [10,40,10] (0)   21927.7
[30,30]   [10,40,10] (5)   21991.3
[30,30]   [10,40,10] (10)   22113.4
[30,30]   [10,40,10] (15)   22052.4
[30,30]   [10,40,10] (20)   22026.8
[30,30]   [10,40,10] (25)   22120.3
[30,30]   [10,40,10] (30)   21880.7
[30,30]   [10,40,15] (0)   22065.6
[30,30]   [10,40,15] (5)   22141.3
[30,30]   [10,40,15] (10)   22088.9
[30,30]   [10,40,15] (15)   21904.1
[30,30]   [10,40,15] (20)   22058.1
[30,30]   [10,40,15] (25)   22003.4
[30,30]   [10,40,15] (30)   22032.1
[30,30]   [10,40,20] (0)   22066.8
[30,30]   [10,40,20] (5)   21914.9
[30,30]   [10,40,20] (10)   21989.6
[30,30]   [10,40,20] (15)   22093.3
[30,30]   [10,40,20] (20)   22221
[30,30]   [10,40,20] (25)   21973.2
[30,30]   [10,40,20] (30)   22065.3
[30,30]   [10,50,5] (0)   30301.3
[30,30]   [10,50,5] (5)   30395.7
[30,30]   [10,50,5] (10)   30443.8
[30,30]   [10,50,5] (15)   30542.6
[30,30]   [10,50,5] (20)   30361
[30,30]   [10,50,5] (25)   30456.8
[30,30]   [10,50,5] (30)   30438.7
[30,30]   [10,50,10] (0)   30436.5
[30,30]   [10,50,10] (5)   30445.1
[30,30]   [10,50,10] (10)   30341.8
[30,30]   [10,50,10] (15)   30551
[30,30]   [10,50,10] (20)   30364.9
[30,30]   [10,50,10] (25)   30410.3
[30,30]   [10,50,10] (30)   30460.9
[30,30]   [10,50,15] (0)   30439.3
[30,30]   [10,50,15] (5)   30448.2
[30,30]   [10,50,15] (10)   30475.7
[30,30]   [10,50,15] (15)   30890.3
[30,30]   [10,50,15] (20)   30434.2
[30,30]   [10,50,15] (25)   30435.1
[30,30]   [10,50,15] (30)   30428.3
[30,30]   [10,50,20] (0)   30310.2
[30,30]   [10,50,20] (5)   30456.9
[30,30]   [10,50,20] (10)   30441.4
[30,30]   [10,50,20] (15)   30463.3
[30,30]   [10,50,20] (20)   30472
[30,30]   [10,50,20] (25)   30420.5
[30,30]   [10,50,20] (30)   30431.7
[30,30]   [10,60,5] (0)   31141.5
[30,30]   [10,60,5] (5)   31442.9
[30,30]   [10,60,5] (10)   31256.7
[30,30]   [10,60,5] (15)   31303.3
[30,30]   [10,60,5] (20)   31281.4
[30,30]   [10,60,5] (25)   31292.9
[30,30]   [10,60,5] (30)   31311
[30,30]   [10,60,10] (0)   31286.4
[30,30]   [10,60,10] (5)   31252.2
[30,30]   [10,60,10] (10)   31244.3
[30,30]   [10,60,10] (15)   31296
[30,30]   [10,60,10] (20)   31146
[30,30]   [10,60,10] (25)   31263.6
[30,30]   [10,60,10] (30)   31252.6
[30,30]   [10,60,15] (0)   31231.5
[30,30]   [10,60,15] (5)   31243.5
[30,30]   [10,60,15] (10)   31307.9
[30,30]   [10,60,15] (15)   31269.7
[30,30]   [10,60,15] (20)   31384
[30,30]   [10,60,15] (25)   31295
[30,30]   [10,60,15] (30)   31264.5
[30,30]   [10,60,20] (0)   31273.1
[30,30]   [10,60,20] (5)   31300.1
[30,30]   [10,60,20] (10)   31276.8
[30,30]   [10,60,20] (15)   31106.8
[30,30]   [10,60,20] (20)   31268.2
[30,30]   [10,60,20] (25)   31341.3
[30,30]   [10,60,20] (30)   31269.9
[30,30]   [20,10,5] (0)   8397.14
[30,30]   [20,10,5] (5)   1128.83
[30,30]   [20,10,5] (10)   62.5442
[30,30]   [20,10,5] (15)   65.3413
[30,30]   [20,10,5] (20)   74.6984
[30,30]   [20,10,5] (25)   85.0603
[30,30]   [20,10,5] (30)   94.8236
[30,30]   [20,10,10] (0)   8367.06
[30,30]   [20,10,10] (5)   1476.24
[30,30]   [20,10,10] (10)   79.5343
[30,30]   [20,10,10] (15)   84.2441
[30,30]   [20,10,10] (20)   91.9076
[30,30]   [20,10,10] (25)   100.474
[30,30]   [20,10,10] (30)   108.743
[30,30]   [20,10,15] (0)   8286.75
[30,30]   [20,10,15] (5)   98.3536
[30,30]   [20,10,15] (10)   79.701
[30,30]   [20,10,15] (15)   85.7274
[30,30]   [20,10,15] (20)   94.0292
[30,30]   [20,10,15] (25)   102.622
[30,30]   [20,10,15] (30)   110.908
[30,30]   [20,10,20] (0)   8317.31
[30,30]   [20,10,20] (5)   123.347
[30,30]   [20,10,20] (10)   94.6495
[30,30]   [20,10,20] (15)   99.8528
[30,30]   [20,10,20] (20)   107.901
[30,30]   [20,10,20] (25)   116.21
[30,30]   [20,10,20] (30)   124.162
[30,30]   [20,20,5] (0)   118.692
[30,30]   [20,20,5] (5)   115.877
[30,30]   [20,20,5] (10)   92.5808
[30,30]   [20,20,5] (15)   83.6124
[30,30]   [20,20,5] (20)   90.6953
[30,30]   [20,20,5] (25)   98.7319
[30,30]   [20,20,5] (30)   108.395
[30,30]   [20,20,10] (0)   115.037
[30,30]   [20,20,10] (5)   115.712
[30,30]   [20,20,10] (10)   99.6571
[30,30]   [20,20,10] (15)   100.312
[30,30]   [20,20,10] (20)   107.803
[30,30]   [20,20,10] (25)   115.603
[30,30]   [20,20,10] (30)   123.634
[30,30]   [20,20,15] (0)   115.066
[30,30]   [20,20,15] (5)   114.826
[30,30]   [20,20,15] (10)   95.2894
[30,30]   [20,20,15] (15)   98.8974
[30,30]   [20,20,15] (20)   106.407
[30,30]   [20,20,15] (25)   114.525
[30,30]   [20,20,15] (30)   122.765
[30,30]   [20,20,20] (0)   118.225
[30,30]   [20,20,20] (5)   114.53
[30,30]   [20,20,20] (10)   109.114
[30,30]   [20,20,20] (15)   114.85
[30,30]   [20,20,20] (20)   122.683
[30,30]   [20,20,20] (25)   130.771
[30,30]   [20,20,20] (30)   138.494
[30,30]   [20,30,5] (0)   4705.05
[30,30]   [20,30,5] (5)   4570.32
[30,30]   [20,30,5] (10)   4654.41
[30,30]   [20,30,5] (15)   4688.89
[30,30]   [20,30,5] (20)   4658.55
[30,30]   [20,30,5] (25)   4620.72
[30,30]   [20,30,5] (30)   3560.02
[30,30]   [20,30,10] (0)   4576.53
[30,30]   [20,30,10] (5)   4568.99
[30,30]   [20,30,10] (10)   4707.98
[30,30]   [20,30,10] (15)   4573.1
[30,30]   [20,30,10] (20)   4692.99
[30,30]   [20,30,10] (25)   4580.14
[30,30]   [20,30,10] (30)   4748.41
[30,30]   [20,30,15] (0)   4696.26
[30,30]   [20,30,15] (5)   4709.35
[30,30]   [20,30,15] (10)   4717.37
[30,30]   [20,30,15] (15)   4636.18
[30,30]   [20,30,15] (20)   4701.42
[30,30]   [20,30,15] (25)   4120.6
[30,30]   [20,30,15] (30)   3769.15
[30,30]   [20,30,20] (0)   4678.96
[30,30]   [20,30,20] (5)   4738.75
[30,30]   [20,30,20] (10)   4643.45
[30,30]   [20,30,20] (15)   4639.51
[30,30]   [20,30,20] (20)   4614.47
[30,30]   [20,30,20] (25)   4691.84
[30,30]   [20,30,20] (30)   4660.99
[30,30]   [20,40,5] (0)   12623.4
[30,30]   [20,40,5] (5)   12712.2
[30,30]   [20,40,5] (10)   12686.1
[30,30]   [20,40,5] (15)   12552.2
[30,30]   [20,40,5] (20)   12570.3
[30,30]   [20,40,5] (25)   12550.1
[30,30]   [20,40,5] (30)   12560.3
[30,30]   [20,40,10] (0)   12876.4
[30,30]   [20,40,10] (5)   12717.3
[30,30]   [20,40,10] (10)   12717
[30,30]   [20,40,10] (15)   12688.4
[30,30]   [20,40,10] (20)   12523.9
[30,30]   [20,40,10] (25)   12676
[30,30]   [20,40,10] (30)   12578.6
[30,30]   [20,40,15] (0)   12596
[30,30]   [20,40,15] (5)   12568.6
[30,30]   [20,40,15] (10)   12646.4
[30,30]   [20,40,15] (15)   12536.7
[30,30]   [20,40,15] (20)   12647
[30,30]   [20,40,15] (25)   12835.5
[30,30]   [20,40,15] (30)   12556.7
[30,30]   [20,40,20] (0)   12658.9
[30,30]   [20,40,20] (5)   12476.3
[30,30]   [20,40,20] (10)   12622
[30,30]   [20,40,20] (15)   12638.2
[30,30]   [20,40,20] (20)   12704.6
[30,30]   [20,40,20] (25)   12728
[30,30]   [20,40,20] (30)   12645.5
[30,30]   [20,50,5] (0)   16852.8
[30,30]   [20,50,5] (5)   16924.8
[30,30]   [20,50,5] (10)   16938.8
[30,30]   [20,50,5] (15)   17051.1
[30,30]   [20,50,5] (20)   16916
[30,30]   [20,50,5] (25)   17012.6
[30,30]   [20,50,5] (30)   16979.5
[30,30]   [20,50,10] (0)   16938.4
[30,30]   [20,50,10] (5)   16871.6
[30,30]   [20,50,10] (10)   16973.8
[30,30]   [20,50,10] (15)   16895.6
[30,30]   [20,50,10] (20)   16788.4
[30,30]   [20,50,10] (25)   16802.3
[30,30]   [20,50,10] (30)   16872.5
[30,30]   [20,50,15] (0)   16916.4
[30,30]   [20,50,15] (5)   16982.6
[30,30]   [20,50,15] (10)   16980.9
[30,30]   [20,50,15] (15)   16945.5
[30,30]   [20,50,15] (20)   17068.6
[30,30]   [20,50,15] (25)   16805.1
[30,30]   [20,50,15] (30)   16761.1
[30,30]   [20,50,20] (0)   17035.9
[30,30]   [20,50,20] (5)   16806.2
[30,30]   [20,50,20] (10)   16742.3
[30,30]   [20,50,20] (15)   16924.7
[30,30]   [20,50,20] (20)   16874
[30,30]   [20,50,20] (25)   16752.1
[30,30]   [20,50,20] (30)   16903.3
[30,30]   [20,60,5] (0)   21602.2
[30,30]   [20,60,5] (5)   21545
[30,30]   [20,60,5] (10)   21539.5
[30,30]   [20,60,5] (15)   21395.6
[30,30]   [20,60,5] (20)   21553.3
[30,30]   [20,60,5] (25)   21703.5
[30,30]   [20,60,5] (30)   21692.6
[30,30]   [20,60,10] (0)   21350.2
[30,30]   [20,60,10] (5)   21535.3
[30,30]   [20,60,10] (10)   21633.4
[30,30]   [20,60,10] (15)   21536.5
[30,30]   [20,60,10] (20)   21656.1
[30,30]   [20,60,10] (25)   21656.6
[30,30]   [20,60,10] (30)   21530.3
[30,30]   [20,60,15] (0)   21566.5
[30,30]   [20,60,15] (5)   21504.8
[30,30]   [20,60,15] (10)   21623.2
[30,30]   [20,60,15] (15)   21603.2
[30,30]   [20,60,15] (20)   21482.2
[30,30]   [20,60,15] (25)   21464.3
[30,30]   [20,60,15] (30)   21456.9
[30,30]   [20,60,20] (0)   21540.8
[30,30]   [20,60,20] (5)   21486.3
[30,30]   [20,60,20] (10)   21526.6
[30,30]   [20,60,20] (15)   21516.5
[30,30]   [20,60,20] (20)   21507.4
[30,30]   [20,60,20] (25)   21559.1
[30,30]   [20,60,20] (30)   21648.8
[30,30]   [30,10,5] (0)   12827.1
[30,30]   [30,10,5] (5)   5669.06
[30,30]   [30,10,5] (10)   71.6247
[30,30]   [30,10,5] (15)   68.5351
[30,30]   [30,10,5] (20)   72.8667
[30,30]   [30,10,5] (25)   80.8278
[30,30]   [30,10,5] (30)   90.9632
[30,30]   [30,10,10] (0)   12790.3
[30,30]   [30,10,10] (5)   6816.79
[30,30]   [30,10,10] (10)   105.139
[30,30]   [30,10,10] (15)   87.2751
[30,30]   [30,10,10] (20)   90.7423
[30,30]   [30,10,10] (25)   97.9764
[30,30]   [30,10,10] (30)   106.409
[30,30]   [30,10,15] (0)   12740.3
[30,30]   [30,10,15] (5)   2708.04
[30,30]   [30,10,15] (10)   88.0854
[30,30]   [30,10,15] (15)   90.847
[30,30]   [30,10,15] (20)   94.7631
[30,30]   [30,10,15] (25)   102.331
[30,30]   [30,10,15] (30)   110.818
[30,30]   [30,10,20] (0)   12986.1
[30,30]   [30,10,20] (5)   2740.02
[30,30]   [30,10,20] (10)   84.9849
[30,30]   [30,10,20] (15)   101.006
[30,30]   [30,10,20] (20)   106.773
[30,30]   [30,10,20] (25)   113.641
[30,30]   [30,10,20] (30)   121.763
[30,30]   [30,20,5] (0)   5417.64
[30,30]   [30,20,5] (5)   5394.16
[30,30]   [30,20,5] (10)   2873.45
[30,30]   [30,20,5] (15)   92.1696
[30,30]   [30,20,5] (20)   81.6374
[30,30]   [30,20,5] (25)   86.7801
[30,30]   [30,20,5] (30)   96.2777
[30,30]   [30,20,10] (0)   5326.41
[30,30]   [30,20,10] (5)   5358.69
[30,30]   [30,20,10] (10)   3244.57
[30,30]   [30,20,10] (15)   108.828
[30,30]   [30,20,10] (20)   102.747
[30,30]   [30,20,10] (25)   108.531
[30,30]   [30,20,10] (30)   116.897
[30,30]   [30,20,15] (0)   5301.55
[30,30]   [30,20,15] (5)   5315.1
[30,30]   [30,20,15] (10)   1464.64
[30,30]   [30,20,15] (15)   103.163
[30,30]   [30,20,15] (20)   103.032
[30,30]   [30,20,15] (25)   109.615
[30,30]   [30,20,15] (30)   118.149
[30,30]   [30,20,20] (0)   5394.17
[30,30]   [30,20,20] (5)   5414.19
[30,30]   [30,20,20] (10)   2019.68
[30,30]   [30,20,20] (15)   115.492
[30,30]   [30,20,20] (20)   117.863
[30,30]   [30,20,20] (25)   124.94
[30,30]   [30,20,20] (30)   133.002
[30,30]   [30,30,5] (0)   171.34
[30,30]   [30,30,5] (5)   171.281
[30,30]   [30,30,5] (10)   164.749
[30,30]   [30,30,5] (15)   118.383
[30,30]   [30,30,5] (20)   104.115
[30,30]   [30,30,5] (25)   103.347
[30,30]   [30,30,5] (30)   112.489
[30,30]   [30,30,10] (0)   168.796
[30,30]   [30,30,10] (5)   172.239
[30,30]   [30,30,10] (10)   160.552
[30,30]   [30,30,10] (15)   128.488
[30,30]   [30,30,10] (20)   123.413
[30,30]   [30,30,10] (25)   127.142
[30,30]   [30,30,10] (30)   135.207
[30,30]   [30,30,15] (0)   171.227
[30,30]   [30,30,15] (5)   170.877
[30,30]   [30,30,15] (10)   167.434
[30,30]   [30,30,15] (15)   130.504
[30,30]   [30,30,15] (20)   133.322
[30,30]   [30,30,15] (25)   140.395
[30,30]   [30,30,15] (30)   148.264
[30,30]   [30,30,20] (0)   172.137
[30,30]   [30,30,20] (5)   170.76
[30,30]   [30,30,20] (10)   169.416
[30,30]   [30,30,20] (15)   130.495
[30,30]   [30,30,20] (20)   131.473
[30,30]   [30,30,20] (25)   138.464
[30,30]   [30,30,20] (30)   144.75
[30,30]   [30,40,5] (0)   2516.54
[30,30]   [30,40,5] (5)   2528.6
[30,30]   [30,40,5] (10)   2489.34
[30,30]   [30,40,5] (15)   2452.43
[30,30]   [30,40,5] (20)   2443.85
[30,30]   [30,40,5] (25)   2474.22
[30,30]   [30,40,5] (30)   2476.92
[30,30]   [30,40,10] (0)   2480.96
[30,30]   [30,40,10] (5)   2545.52
[30,30]   [30,40,10] (10)   2460.43
[30,30]   [30,40,10] (15)   2457.14
[30,30]   [30,40,10] (20)   2493.15
[30,30]   [30,40,10] (25)   2499.58
[30,30]   [30,40,10] (30)   2541.77
[30,30]   [30,40,15] (0)   2456.48
[30,30]   [30,40,15] (5)   2405.35
[30,30]   [30,40,15] (10)   2521.37
[30,30]   [30,40,15] (15)   2412.5
[30,30]   [30,40,15] (20)   2440.17
[30,30]   [30,40,15] (25)   2497.2
[30,30]   [30,40,15] (30)   2414.61
[30,30]   [30,40,20] (0)   2538.11
[30,30]   [30,40,20] (5)   2550.16
[30,30]   [30,40,20] (10)   2449.78
[30,30]   [30,40,20] (15)   2427.95
[30,30]   [30,40,20] (20)   2528.28
[30,30]   [30,40,20] (25)   2495.81
[30,30]   [30,40,20] (30)   2382.62
[30,30]   [30,50,5] (0)   8196.67
[30,30]   [30,50,5] (5)   8150.35
[30,30]   [30,50,5] (10)   8299.41
[30,30]   [30,50,5] (15)   8147.95
[30,30]   [30,50,5] (20)   8329.52
[30,30]   [30,50,5] (25)   8264.06
[30,30]   [30,50,5] (30)   8372.2
[30,30]   [30,50,10] (0)   8166.24
[30,30]   [30,50,10] (5)   8107.24
[30,30]   [30,50,10] (10)   8293.71
[30,30]   [30,50,10] (15)   8066.71
[30,30]   [30,50,10] (20)   8243.47
[30,30]   [30,50,10] (25)   8146.6
[30,30]   [30,50,10] (30)   8266.25
[30,30]   [30,50,15] (0)   8271.57
[30,30]   [30,50,15] (5)   8108.83
[30,30]   [30,50,15] (10)   8222.21
[30,30]   [30,50,15] (15)   8332.93
[30,30]   [30,50,15] (20)   8188.73
[30,30]   [30,50,15] (25)   8141.69
[30,30]   [30,50,15] (30)   8135.8
[30,30]   [30,50,20] (0)   8121.26
[30,30]   [30,50,20] (5)   8166.2
[30,30]   [30,50,20] (10)   8241.98
[30,30]   [30,50,20] (15)   8330.74
[30,30]   [30,50,20] (20)   8262.35
[30,30]   [30,50,20] (25)   8233.56
[30,30]   [30,50,20] (30)   8298
[30,30]   [30,60,5] (0)   18785.7
[30,30]   [30,60,5] (5)   19042.2
[30,30]   [30,60,5] (10)   18739.7
[30,30]   [30,60,5] (15)   18887.7
[30,30]   [30,60,5] (20)   19055
[30,30]   [30,60,5] (25)   18943.7
[30,30]   [30,60,5] (30)   19014.5
[30,30]   [30,60,10] (0)   19153.6
[30,30]   [30,60,10] (5)   18915.4
[30,30]   [30,60,10] (10)   18825.8
[30,30]   [30,60,10] (15)   18837.7
[30,30]   [30,60,10] (20)   19040.3
[30,30]   [30,60,10] (25)   18898.7
[30,30]   [30,60,10] (30)   18814.4
[30,30]   [30,60,15] (0)   18983.4
[30,30]   [30,60,15] (5)   18929.5
[30,30]   [30,60,15] (10)   19070.9
[30,30]   [30,60,15] (15)   18791.1
[30,30]   [30,60,15] (20)   18940.9
[30,30]   [30,60,15] (25)   19158.8
[30,30]   [30,60,15] (30)   18997.3
[30,30]   [30,60,20] (0)   18879
[30,30]   [30,60,20] (5)   19027.5
[30,30]   [30,60,20] (10)   18955.7
[30,30]   [30,60,20] (15)   18828.2
[30,30]   [30,60,20] (20)   18881.2
[30,30]   [30,60,20] (25)   18963.2
[30,30]   [30,60,20] (30)   18835.5
[30,30]   [40,10,5] (0)   17269.7
[30,30]   [40,10,5] (5)   9485.45
[30,30]   [40,10,5] (10)   101.933
[30,30]   [40,10,5] (15)   72.5095
[30,30]   [40,10,5] (20)   75.5532
[30,30]   [40,10,5] (25)   80.2853
[30,30]   [40,10,5] (30)   86.7377
[30,30]   [40,10,10] (0)   17412.6
[30,30]   [40,10,10] (5)   11187.6
[30,30]   [40,10,10] (10)   3309.18
[30,30]   [40,10,10] (15)   97.1026
[30,30]   [40,10,10] (20)   94.49
[30,30]   [40,10,10] (25)   98.3054
[30,30]   [40,10,10] (30)   103.722
[30,30]   [40,10,15] (0)   17440
[30,30]   [40,10,15] (5)   6828.78
[30,30]   [40,10,15] (10)   775.165
[30,30]   [40,10,15] (15)   97.9114
[30,30]   [40,10,15] (20)   98.7182
[30,30]   [40,10,15] (25)   102.773
[30,30]   [40,10,15] (30)   109.139
[30,30]   [40,10,20] (0)   17172.1
[30,30]   [40,10,20] (5)   7210.66
[30,30]   [40,10,20] (10)   115.246
[30,30]   [40,10,20] (15)   113.14
[30,30]   [40,10,20] (20)   112.665
[30,30]   [40,10,20] (25)   116.655
[30,30]   [40,10,20] (30)   125.69
[30,30]   [40,20,5] (0)   11147.5
[30,30]   [40,20,5] (5)   11059.4
[30,30]   [40,20,5] (10)   7908.12
[30,30]   [40,20,5] (15)   123.269
[30,30]   [40,20,5] (20)   84.3762
[30,30]   [40,20,5] (25)   85.8307
[30,30]   [40,20,5] (30)   91.2992
[30,30]   [40,20,10] (0)   11076.7
[30,30]   [40,20,10] (5)   11042.3
[30,30]   [40,20,10] (10)   9520.35
[30,30]   [40,20,10] (15)   1197.33
[30,30]   [40,20,10] (20)   105.777
[30,30]   [40,20,10] (25)   103.931
[30,30]   [40,20,10] (30)   109.177
[30,30]   [40,20,15] (0)   11065.9
[30,30]   [40,20,15] (5)   10975.8
[30,30]   [40,20,15] (10)   7616.41
[30,30]   [40,20,15] (15)   116.615
[30,30]   [40,20,15] (20)   105.735
[30,30]   [40,20,15] (25)   106.51
[30,30]   [40,20,15] (30)   112.901
[30,30]   [40,20,20] (0)   10980
[30,30]   [40,20,20] (5)   11131.9
[30,30]   [40,20,20] (10)   8060.23
[30,30]   [40,20,20] (15)   126.558
[30,30]   [40,20,20] (20)   122.387
[30,30]   [40,20,20] (25)   127.327
[30,30]   [40,20,20] (30)   133.299
[30,30]   [40,30,5] (0)   4242.7
[30,30]   [40,30,5] (5)   4314.62
[30,30]   [40,30,5] (10)   4243.91
[30,30]   [40,30,5] (15)   3157.11
[30,30]   [40,30,5] (20)   117.81
[30,30]   [40,30,5] (25)   98.008
[30,30]   [40,30,5] (30)   98.616
[30,30]   [40,30,10] (0)   4242.44
[30,30]   [40,30,10] (5)   4264.13
[30,30]   [40,30,10] (10)   4192.73
[30,30]   [40,30,10] (15)   3483.08
[30,30]   [40,30,10] (20)   139.872
[30,30]   [40,30,10] (25)   119.656
[30,30]   [40,30,10] (30)   119.688
[30,30]   [40,30,15] (0)   4222.01
[30,30]   [40,30,15] (5)   4261.9
[30,30]   [40,30,15] (10)   4257.57
[30,30]   [40,30,15] (15)   2446.99
[30,30]   [40,30,15] (20)   121.398
[30,30]   [40,30,15] (25)   117.833
[30,30]   [40,30,15] (30)   121.263
[30,30]   [40,30,20] (0)   4288.33
[30,30]   [40,30,20] (5)   4213.08
[30,30]   [40,30,20] (10)   4159.16
[30,30]   [40,30,20] (15)   2737.26
[30,30]   [40,30,20] (20)   132.92
[30,30]   [40,30,20] (25)   129.902
[30,30]   [40,30,20] (30)   136.443
[30,30]   [40,40,5] (0)   154.551
[30,30]   [40,40,5] (5)   152.717
[30,30]   [40,40,5] (10)   153.573
[30,30]   [40,40,5] (15)   153.26
[30,30]   [40,40,5] (20)   139.741
[30,30]   [40,40,5] (25)   123.827
[30,30]   [40,40,5] (30)   115.644
[30,30]   [40,40,10] (0)   153.157
[30,30]   [40,40,10] (5)   153.517
[30,30]   [40,40,10] (10)   153.354
[30,30]   [40,40,10] (15)   153.209
[30,30]   [40,40,10] (20)   145.498
[30,30]   [40,40,10] (25)   134.336
[30,30]   [40,40,10] (30)   133.726
[30,30]   [40,40,15] (0)   153.733
[30,30]   [40,40,15] (5)   152.393
[30,30]   [40,40,15] (10)   154.257
[30,30]   [40,40,15] (15)   149.759
[30,30]   [40,40,15] (20)   140.551
[30,30]   [40,40,15] (25)   130.473
[30,30]   [40,40,15] (30)   131.915
[30,30]   [40,40,20] (0)   158.141
[30,30]   [40,40,20] (5)   153.788
[30,30]   [40,40,20] (10)   151.686
[30,30]   [40,40,20] (15)   152.753
[30,30]   [40,40,20] (20)   149.244
[30,30]   [40,40,20] (25)   145.287
[30,30]   [40,40,20] (30)   148.959
[30,30]   [40,50,5] (0)   996.72
[30,30]   [40,50,5] (5)   966.142
[30,30]   [40,50,5] (10)   1020.4
[30,30]   [40,50,5] (15)   1165.15
[30,30]   [40,50,5] (20)   1042.64
[30,30]   [40,50,5] (25)   1068.57
[30,30]   [40,50,5] (30)   930.542
[30,30]   [40,50,10] (0)   1030.06
[30,30]   [40,50,10] (5)   1031.68
[30,30]   [40,50,10] (10)   1029.77
[30,30]   [40,50,10] (15)   980.162
[30,30]   [40,50,10] (20)   1060.17
[30,30]   [40,50,10] (25)   1087.18
[30,30]   [40,50,10] (30)   1031.56
[30,30]   [40,50,15] (0)   1022.81
[30,30]   [40,50,15] (5)   957.255
[30,30]   [40,50,15] (10)   948.301
[30,30]   [40,50,15] (15)   955.344
[30,30]   [40,50,15] (20)   985.092
[30,30]   [40,50,15] (25)   917.201
[30,30]   [40,50,15] (30)   947.109
[30,30]   [40,50,20] (0)   1008.9
[30,30]   [40,50,20] (5)   962.114
[30,30]   [40,50,20] (10)   969.792
[30,30]   [40,50,20] (15)   950.745
[30,30]   [40,50,20] (20)   1063.87
[30,30]   [40,50,20] (25)   977.779
[30,30]   [40,50,20] (30)   956.302
[30,30]   [40,60,5] (0)   5899.53
[30,30]   [40,60,5] (5)   6123.05
[30,30]   [40,60,5] (10)   6012.17
[30,30]   [40,60,5] (15)   6043.21
[30,30]   [40,60,5] (20)   5883.98
[30,30]   [40,60,5] (25)   6187.49
[30,30]   [40,60,5] (30)   5937.88
[30,30]   [40,60,10] (0)   6071.93
[30,30]   [40,60,10] (5)   6005.24
[30,30]   [40,60,10] (10)   6043.72
[30,30]   [40,60,10] (15)   6038.7
[30,30]   [40,60,10] (20)   6148.06
[30,30]   [40,60,10] (25)   6017.18
[30,30]   [40,60,10] (30)   6002.45
[30,30]   [40,60,15] (0)   5998.78
[30,30]   [40,60,15] (5)   5984.94
[30,30]   [40,60,15] (10)   6090.68
[30,30]   [40,60,15] (15)   6014.07
[30,30]   [40,60,15] (20)   6004.66
[30,30]   [40,60,15] (25)   6103.5
[30,30]   [40,60,15] (30)   6029.17
[30,30]   [40,60,20] (0)   6049.12
[30,30]   [40,60,20] (5)   6013
[30,30]   [40,60,20] (10)   6042.49
[30,30]   [40,60,20] (15)   5940.4
[30,30]   [40,60,20] (20)   5911.3
[30,30]   [40,60,20] (25)   6011.33
[30,30]   [40,60,20] (30)   6136.6
[30,30]   [50,10,5] (0)   22828.8
[30,30]   [50,10,5] (5)   13570.1
[30,30]   [50,10,5] (10)   2062.82
[30,30]   [50,10,5] (15)   78.2913
[30,30]   [50,10,5] (20)   78.7005
[30,30]   [50,10,5] (25)   83.0812
[30,30]   [50,10,5] (30)   88.1697
[30,30]   [50,10,10] (0)   22945.5
[30,30]   [50,10,10] (5)   14899.4
[30,30]   [50,10,10] (10)   6857.03
[30,30]   [50,10,10] (15)   1231.02
[30,30]   [50,10,10] (20)   102.938
[30,30]   [50,10,10] (25)   102.321
[30,30]   [50,10,10] (30)   105.404
[30,30]   [50,10,15] (0)   22666.1
[30,30]   [50,10,15] (5)   11622.2
[30,30]   [50,10,15] (10)   3832.11
[30,30]   [50,10,15] (15)   111.466
[30,30]   [50,10,15] (20)   101.772
[30,30]   [50,10,15] (25)   103.191
[30,30]   [50,10,15] (30)   106.706
[30,30]   [50,10,20] (0)   23203.6
[30,30]   [50,10,20] (5)   11392.5
[30,30]   [50,10,20] (10)   2952.35
[30,30]   [50,10,20] (15)   1273.3
[30,30]   [50,10,20] (20)   114.928
[30,30]   [50,10,20] (25)   115.328
[30,30]   [50,10,20] (30)   119.602
[30,30]   [50,20,5] (0)   13647.7
[30,30]   [50,20,5] (5)   13824.3
[30,30]   [50,20,5] (10)   10556.9
[30,30]   [50,20,5] (15)   1877.16
[30,30]   [50,20,5] (20)   90.4141
[30,30]   [50,20,5] (25)   87.7013
[30,30]   [50,20,5] (30)   92.6492
[30,30]   [50,20,10] (0)   13835.8
[30,30]   [50,20,10] (5)   13833.4
[30,30]   [50,20,10] (10)   11575.6
[30,30]   [50,20,10] (15)   4625.66
[30,30]   [50,20,10] (20)   145.346
[30,30]   [50,20,10] (25)   110.028
[30,30]   [50,20,10] (30)   109.962
[30,30]   [50,20,15] (0)   13633
[30,30]   [50,20,15] (5)   13690.2
[30,30]   [50,20,15] (10)   9439.95
[30,30]   [50,20,15] (15)   1580.65
[30,30]   [50,20,15] (20)   118.186
[30,30]   [50,20,15] (25)   111.79
[30,30]   [50,20,15] (30)   114.335
[30,30]   [50,20,20] (0)   14026.6
[30,30]   [50,20,20] (5)   13704.8
[30,30]   [50,20,20] (10)   10030.3
[30,30]   [50,20,20] (15)   161.523
[30,30]   [50,20,20] (20)   130.866
[30,30]   [50,20,20] (25)   126.881
[30,30]   [50,20,20] (30)   128.329
[30,30]   [50,30,5] (0)   8204.19
[30,30]   [50,30,5] (5)   8152.83
[30,30]   [50,30,5] (10)   8209.59
[30,30]   [50,30,5] (15)   6848.67
[30,30]   [50,30,5] (20)   640.351
[30,30]   [50,30,5] (25)   101.961
[30,30]   [50,30,5] (30)   98.7667
[30,30]   [50,30,10] (0)   8101.23
[30,30]   [50,30,10] (5)   8304.96
[30,30]   [50,30,10] (10)   8132.43
[30,30]   [50,30,10] (15)   7325.45
[30,30]   [50,30,10] (20)   2397.2
[30,30]   [50,30,10] (25)   128.535
[30,30]   [50,30,10] (30)   119.898
[30,30]   [50,30,15] (0)   8080.96
[30,30]   [50,30,15] (5)   8142.89
[30,30]   [50,30,15] (10)   8037.68
[30,30]   [50,30,15] (15)   6300.01
[30,30]   [50,30,15] (20)   168.772
[30,30]   [50,30,15] (25)   122.058
[30,30]   [50,30,15] (30)   120.489
[30,30]   [50,30,20] (0)   8158.96
[30,30]   [50,30,20] (5)   8114.58
[30,30]   [50,30,20] (10)   8281.63
[30,30]   [50,30,20] (15)   6711.77
[30,30]   [50,30,20] (20)   159.878
[30,30]   [50,30,20] (25)   131.481
[30,30]   [50,30,20] (30)   131.099
[30,30]   [50,40,5] (0)   3785.83
[30,30]   [50,40,5] (5)   3728.3
[30,30]   [50,40,5] (10)   3804.73
[30,30]   [50,40,5] (15)   3690.18
[30,30]   [50,40,5] (20)   2783.13
[30,30]   [50,40,5] (25)   160.835
[30,30]   [50,40,5] (30)   114.04
[30,30]   [50,40,10] (0)   3777.72
[30,30]   [50,40,10] (5)   3787.04
[30,30]   [50,40,10] (10)   3841.96
[30,30]   [50,40,10] (15)   3824.66
[30,30]   [50,40,10] (20)   2922.8
[30,30]   [50,40,10] (25)   275.239
[30,30]   [50,40,10] (30)   131.754
[30,30]   [50,40,15] (0)   3741.73
[30,30]   [50,40,15] (5)   3765.39
[30,30]   [50,40,15] (10)   3817
[30,30]   [50,40,15] (15)   3673.12
[30,30]   [50,40,15] (20)   2238.07
[30,30]   [50,40,15] (25)   138.622
[30,30]   [50,40,15] (30)   127.632
[30,30]   [50,40,20] (0)   3834.88
[30,30]   [50,40,20] (5)   3756.62
[30,30]   [50,40,20] (10)   3774.13
[30,30]   [50,40,20] (15)   3734.63
[30,30]   [50,40,20] (20)   2768.51
[30,30]   [50,40,20] (25)   155.491
[30,30]   [50,40,20] (30)   143.067
[30,30]   [50,50,5] (0)   160.854
[30,30]   [50,50,5] (5)   158.347
[30,30]   [50,50,5] (10)   161.426
[30,30]   [50,50,5] (15)   160.168
[30,30]   [50,50,5] (20)   160.753
[30,30]   [50,50,5] (25)   156.117
[30,30]   [50,50,5] (30)   143.555
[30,30]   [50,50,10] (0)   160.478
[30,30]   [50,50,10] (5)   161.447
[30,30]   [50,50,10] (10)   160.496
[30,30]   [50,50,10] (15)   158.869
[30,30]   [50,50,10] (20)   160.445
[30,30]   [50,50,10] (25)   160.61
[30,30]   [50,50,10] (30)   149.217
[30,30]   [50,50,15] (0)   161.492
[30,30]   [50,50,15] (5)   159.447
[30,30]   [50,50,15] (10)   160.77
[30,30]   [50,50,15] (15)   162.863
[30,30]   [50,50,15] (20)   161.127
[30,30]   [50,50,15] (25)   156.604
[30,30]   [50,50,15] (30)   144.995
[30,30]   [50,50,20] (0)   160.843
[30,30]   [50,50,20] (5)   160.239
[30,30]   [50,50,20] (10)   159.519
[30,30]   [50,50,20] (15)   162.146
[30,30]   [50,50,20] (20)   157.843
[30,30]   [50,50,20] (25)   156.444
[30,30]   [50,50,20] (30)   149.336
[30,30]   [50,60,5] (0)   209.748
[30,30]   [50,60,5] (5)   205.418
[30,30]   [50,60,5] (10)   190.503
[30,30]   [50,60,5] (15)   220.164
[30,30]   [50,60,5] (20)   195.965
[30,30]   [50,60,5] (25)   189.423
[30,30]   [50,60,5] (30)   225.82
[30,30]   [50,60,10] (0)   207.475
[30,30]   [50,60,10] (5)   210.739
[30,30]   [50,60,10] (10)   202.968
[30,30]   [50,60,10] (15)   213.771
[30,30]   [50,60,10] (20)   212.28
[30,30]   [50,60,10] (25)   210.861
[30,30]   [50,60,10] (30)   170.871
[30,30]   [50,60,15] (0)   195.227
[30,30]   [50,60,15] (5)   217.006
[30,30]   [50,60,15] (10)   217.107
[30,30]   [50,60,15] (15)   197.083
[30,30]   [50,60,15] (20)   206.818
[30,30]   [50,60,15] (25)   190.78
[30,30]   [50,60,15] (30)   209.56
[30,30]   [50,60,20] (0)   206.596
[30,30]   [50,60,20] (5)   206.415
[30,30]   [50,60,20] (10)   203.512
[30,30]   [50,60,20] (15)   201.318
[30,30]   [50,60,20] (20)   212.094
[30,30]   [50,60,20] (25)   222.915
[30,30]   [50,60,20] (30)   210.188
[30,30]   [60,10,5] (0)   23874.5
[30,30]   [60,10,5] (5)   16255.2
[30,30]   [60,10,5] (10)   4353.51
[30,30]   [60,10,5] (15)   89.5337
[30,30]   [60,10,5] (20)   82.5813
[30,30]   [60,10,5] (25)   86.5218
[30,30]   [60,10,5] (30)   90.9292
[30,30]   [60,10,10] (0)   23729.7
[30,30]   [60,10,10] (5)   17849.6
[30,30]   [60,10,10] (10)   9871.55
[30,30]   [60,10,10] (15)   4115.46
[30,30]   [60,10,10] (20)   228.217
[30,30]   [60,10,10] (25)   108.902
[30,30]   [60,10,10] (30)   110.32
[30,30]   [60,10,15] (0)   23729.6
[30,30]   [60,10,15] (5)   13677.1
[30,30]   [60,10,15] (10)   7151.85
[30,30]   [60,10,15] (15)   1483.78
[30,30]   [60,10,15] (20)   117.674
[30,30]   [60,10,15] (25)   112.186
[30,30]   [60,10,15] (30)   114.334
[30,30]   [60,10,20] (0)   23720.6
[30,30]   [60,10,20] (5)   15138.2
[30,30]   [60,10,20] (10)   6418.52
[30,30]   [60,10,20] (15)   5050.61
[30,30]   [60,10,20] (20)   137.319
[30,30]   [60,10,20] (25)   126.4
[30,30]   [60,10,20] (30)   129.355
[30,30]   [60,20,5] (0)   16864.7
[30,30]   [60,20,5] (5)   17088.2
[30,30]   [60,20,5] (10)   13735.2
[30,30]   [60,20,5] (15)   4748.68
[30,30]   [60,20,5] (20)   101.146
[30,30]   [60,20,5] (25)   90.7534
[30,30]   [60,20,5] (30)   94.7334
[30,30]   [60,20,10] (0)   17196.8
[30,30]   [60,20,10] (5)   16905.4
[30,30]   [60,20,10] (10)   14338.5
[30,30]   [60,20,10] (15)   8006.09
[30,30]   [60,20,10] (20)   2697.08
[30,30]   [60,20,10] (25)   121.834
[30,30]   [60,20,10] (30)   114.054
[30,30]   [60,20,15] (0)   16791.9
[30,30]   [60,20,15] (5)   17091.3
[30,30]   [60,20,15] (10)   12306.5
[30,30]   [60,20,15] (15)   4869.61
[30,30]   [60,20,15] (20)   619.989
[30,30]   [60,20,15] (25)   117.797
[30,30]   [60,20,15] (30)   118.172
[30,30]   [60,20,20] (0)   16877.2
[30,30]   [60,20,20] (5)   16884.3
[30,30]   [60,20,20] (10)   13725.4
[30,30]   [60,20,20] (15)   3695.08
[30,30]   [60,20,20] (20)   1905.99
[30,30]   [60,20,20] (25)   144.716
[30,30]   [60,20,20] (30)   140.014
[30,30]   [60,30,5] (0)   16554.7
[30,30]   [60,30,5] (5)   16593.8
[30,30]   [60,30,5] (10)   16465.3
[30,30]   [60,30,5] (15)   9898.46
[30,30]   [60,30,5] (20)   3245.34
[30,30]   [60,30,5] (25)   111.285
[30,30]   [60,30,5] (30)   100.85
[30,30]   [60,30,10] (0)   16588.1
[30,30]   [60,30,10] (5)   16512.8
[30,30]   [60,30,10] (10)   16616.2
[30,30]   [60,30,10] (15)   10786
[30,30]   [60,30,10] (20)   5473.92
[30,30]   [60,30,10] (25)   889.738
[30,30]   [60,30,10] (30)   126.16
[30,30]   [60,30,15] (0)   16500.7
[30,30]   [60,30,15] (5)   16461
[30,30]   [60,30,15] (10)   15233.9
[30,30]   [60,30,15] (15)   10755.7
[30,30]   [60,30,15] (20)   3116.84
[30,30]   [60,30,15] (25)   162.428
[30,30]   [60,30,15] (30)   138.697
[30,30]   [60,30,20] (0)   16626.9
[30,30]   [60,30,20] (5)   16503.2
[30,30]   [60,30,20] (10)   16397.9
[30,30]   [60,30,20] (15)   10206
[30,30]   [60,30,20] (20)   2183.02
[30,30]   [60,30,20] (25)   159.107
[30,30]   [60,30,20] (30)   146.538
[30,30]   [60,40,5] (0)   6854.28
[30,30]   [60,40,5] (5)   6886.99
[30,30]   [60,40,5] (10)   6863.66
[30,30]   [60,40,5] (15)   6862.15
[30,30]   [60,40,5] (20)   6069.7
[30,30]   [60,40,5] (25)   1868.34
[30,30]   [60,40,5] (30)   121.253
[30,30]   [60,40,10] (0)   6820.1
[30,30]   [60,40,10] (5)   6965.58
[30,30]   [60,40,10] (10)   6876.99
[30,30]   [60,40,10] (15)   6880.49
[30,30]   [60,40,10] (20)   6514.48
[30,30]   [60,40,10] (25)   3129.37
[30,30]   [60,40,10] (30)   149.566
[30,30]   [60,40,15] (0)   6891.72
[30,30]   [60,40,15] (5)   6904.29
[30,30]   [60,40,15] (10)   6893.93
[30,30]   [60,40,15] (15)   6749.95
[30,30]   [60,40,15] (20)   5870.57
[30,30]   [60,40,15] (25)   802.452
[30,30]   [60,40,15] (30)   136.414
[30,30]   [60,40,20] (0)   6919.87
[30,30]   [60,40,20] (5)   6820.62
[30,30]   [60,40,20] (10)   6861.33
[30,30]   [60,40,20] (15)   6959.2
[30,30]   [60,40,20] (20)   6120.7
[30,30]   [60,40,20] (25)   649.53
[30,30]   [60,40,20] (30)   154.793
[30,30]   [60,50,5] (0)   2943.43
[30,30]   [60,50,5] (5)   2922.16
[30,30]   [60,50,5] (10)   2990.93
[30,30]   [60,50,5] (15)   2878.64
[30,30]   [60,50,5] (20)   2903.82
[30,30]   [60,50,5] (25)   2498.28
[30,30]   [60,50,5] (30)   294.542
[30,30]   [60,50,10] (0)   2928.17
[30,30]   [60,50,10] (5)   2869.42
[30,30]   [60,50,10] (10)   2981.08
[30,30]   [60,50,10] (15)   2899.06
[30,30]   [60,50,10] (20)   2911.86
[30,30]   [60,50,10] (25)   2783.72
[30,30]   [60,50,10] (30)   681.509
[30,30]   [60,50,15] (0)   2946.05
[30,30]   [60,50,15] (5)   2929.77
[30,30]   [60,50,15] (10)   2919.45
[30,30]   [60,50,15] (15)   2963.69
[30,30]   [60,50,15] (20)   2926.54
[30,30]   [60,50,15] (25)   2369.12
[30,30]   [60,50,15] (30)   175.038
[30,30]   [60,50,20] (0)   2938.82
[30,30]   [60,50,20] (5)   2880.36
[30,30]   [60,50,20] (10)   2955.79
[30,30]   [60,50,20] (15)   2919.95
[30,30]   [60,50,20] (20)   2881.5
[30,30]   [60,50,20] (25)   2583.61
[30,30]   [60,50,20] (30)   180.389
[30,30]   [60,60,5] (0)   183.26
[30,30]   [60,60,5] (5)   181.084
[30,30]   [60,60,5] (10)   181.835
[30,30]   [60,60,5] (15)   182.38
[30,30]   [60,60,5] (20)   182.413
[30,30]   [60,60,5] (25)   189.353
[30,30]   [60,60,5] (30)   170.425
[30,30]   [60,60,10] (0)   181.944
[30,30]   [60,60,10] (5)   181.186
[30,30]   [60,60,10] (10)   181.689
[30,30]   [60,60,10] (15)   182.159
[30,30]   [60,60,10] (20)   181.113
[30,30]   [60,60,10] (25)   181.261
[30,30]   [60,60,10] (30)   167.709
[30,30]   [60,60,15] (0)   182.178
[30,30]   [60,60,15] (5)   182.236
[30,30]   [60,60,15] (10)   180.365
[30,30]   [60,60,15] (15)   182.95
[30,30]   [60,60,15] (20)   182.47
[30,30]   [60,60,15] (25)   178.641
[30,30]   [60,60,15] (30)   170.473
[30,30]   [60,60,20] (0)   185.221
[30,30]   [60,60,20] (5)   182.142
[30,30]   [60,60,20] (10)   181.926
[30,30]   [60,60,20] (15)   182.527
[30,30]   [60,60,20] (20)   180.812
[30,30]   [60,60,20] (25)   179.673
[30,30]   [60,60,20] (30)   171.057
