[70,20]   [10,10,5] (0)   70.2784
[70,20]   [10,10,5] (5)   48.9388
[70,20]   [10,10,5] (10)   50.86
[70,20]   [10,10,5] (15)   60.7133
[70,20]   [10,10,5] (20)   70.7028
[70,20]   [10,10,5] (25)   80.6873
[70,20]   [10,10,5] (30)   90.6534
[70,20]   [10,10,10] (0)   71.3875
[70,20]   [10,10,10] (5)   57.5041
[70,20]   [10,10,10] (10)   63.8032
[70,20]   [10,10,10] (15)   72.4363
[70,20]   [10,10,10] (20)   81.2753
[70,20]   [10,10,10] (25)   90.0082
[70,20]   [10,10,10] (30)   98.913
[70,20]   [10,10,15] (0)   70.9566
[70,20]   [10,10,15] (5)   60.2561
[70,20]   [10,10,15] (10)   68.3225
[70,20]   [10,10,15] (15)   77.2342
[70,20]   [10,10,15] (20)   85.9327
[70,20]   [10,10,15] (25)   94.8313
[70,20]   [10,10,15] (30)   103.663
[70,20]   [10,10,20] (0)   72.7508
[70,20]   [10,10,20] (5)   69.2126
[70,20]   [10,10,20] (10)   77.6302
[70,20]   [10,10,20] (15)   86.2426
[70,20]   [10,10,20] (20)   94.3363
[70,20]   [10,10,20] (25)   102.988
[70,20]   [10,10,20] (30)   111.8
[70,20]   [10,20,5] (0)   9383.33
[70,20]   [10,20,5] (5)   9382.36
[70,20]   [10,20,5] (10)   9358.6
[70,20]   [10,20,5] (15)   9469.97
[70,20]   [10,20,5] (20)   9460.16
[70,20]   [10,20,5] (25)   7937.94
[70,20]   [10,20,5] (30)   6353.08
[70,20]   [10,20,10] (0)   9422.46
[70,20]   [10,20,10] (5)   9455.49
[70,20]   [10,20,10] (10)   9489
[70,20]   [10,20,10] (15)   9440.05
[70,20]   [10,20,10] (20)   9365.15
[70,20]   [10,20,10] (25)   8144.94
[70,20]   [10,20,10] (30)   7202.93
[70,20]   [10,20,15] (0)   9513.48
[70,20]   [10,20,15] (5)   9382.56
[70,20]   [10,20,15] (10)   9326.44
[70,20]   [10,20,15] (15)   9371.45
[70,20]   [10,20,15] (20)   9390.36
[70,20]   [10,20,15] (25)   7593.24
[70,20]   [10,20,15] (30)   5716.88
[70,20]   [10,20,20] (0)   9434.7
[70,20]   [10,20,20] (5)   9404.95
[70,20]   [10,20,20] (10)   9403.07
[70,20]   [10,20,20] (15)   9466.09
[70,20]   [10,20,20] (20)   9490.75
[70,20]   [10,20,20] (25)   8318.74
[70,20]   [10,20,20] (30)   7263.22
[70,20]   [10,30,5] (0)   17081.5
[70,20]   [10,30,5] (5)   17058.5
[70,20]   [10,30,5] (10)   16886
[70,20]   [10,30,5] (15)   17110.2
[70,20]   [10,30,5] (20)   17002.9
[70,20]   [10,30,5] (25)   17082.6
[70,20]   [10,30,5] (30)   15939.8
[70,20]   [10,30,10] (0)   17212.8
[70,20]   [10,30,10] (5)   17085.7
[70,20]   [10,30,10] (10)   17087.1
[70,20]   [10,30,10] (15)   16893.9
[70,20]   [10,30,10] (20)   17007.4
[70,20]   [10,30,10] (25)   17127.7
[70,20]   [10,30,10] (30)   17002.3
[70,20]   [10,30,15] (0)   16970.8
[70,20]   [10,30,15] (5)   17049.4
[70,20]   [10,30,15] (10)   17036.4
[70,20]   [10,30,15] (15)   17006.7
[70,20]   [10,30,15] (20)   17181.2
[70,20]   [10,30,15] (25)   16928.3
[70,20]   [10,30,15] (30)   14826.3
[70,20]   [10,30,20] (0)   17066
[70,20]   [10,30,20] (5)   17168
[70,20]   [10,30,20] (10)   17024.3
[70,20]   [10,30,20] (15)   17046
[70,20]   [10,30,20] (20)   17176.8
[70,20]   [10,30,20] (25)   16995.6
[70,20]   [10,30,20] (30)   17159.3
[70,20]   [10,40,5] (0)   25208.7
[70,20]   [10,40,5] (5)   25236.1
[70,20]   [10,40,5] (10)   25121
[70,20]   [10,40,5] (15)   24960.4
[70,20]   [10,40,5] (20)   25119.5
[70,20]   [10,40,5] (25)   25212.6
[70,20]   [10,40,5] (30)   25230.4
[70,20]   [10,40,10] (0)   25097.1
[70,20]   [10,40,10] (5)   25358.5
[70,20]   [10,40,10] (10)   25186.6
[70,20]   [10,40,10] (15)   25237
[70,20]   [10,40,10] (20)   25180.1
[70,20]   [10,40,10] (25)   25053.8
[70,20]   [10,40,10] (30)   25078.9
[70,20]   [10,40,15] (0)   25037.2
[70,20]   [10,40,15] (5)   25324
[70,20]   [10,40,15] (10)   25209
[70,20]   [10,40,15] (15)   25245.4
[70,20]   [10,40,15] (20)   25217.5
[70,20]   [10,40,15] (25)   25187.1
[70,20]   [10,40,15] (30)   25089.9
[70,20]   [10,40,20] (0)   25191.2
[70,20]   [10,40,20] (5)   25141
[70,20]   [10,40,20] (10)   25330.2
[70,20]   [10,40,20] (15)   24996.8
[70,20]   [10,40,20] (20)   25288.4
[70,20]   [10,40,20] (25)   25217.8
[70,20]   [10,40,20] (30)   25223.5
[70,20]   [10,50,5] (0)   34176.2
[70,20]   [10,50,5] (5)   34218
[70,20]   [10,50,5] (10)   34237.6
[70,20]   [10,50,5] (15)   34278.3
[70,20]   [10,50,5] (20)   34266.2
[70,20]   [10,50,5] (25)   34201.6
[70,20]   [10,50,5] (30)   34234.1
[70,20]   [10,50,10] (0)   34221.3
[70,20]   [10,50,10] (5)   34282.3
[70,20]   [10,50,10] (10)   34297.9
[70,20]   [10,50,10] (15)   34267.4
[70,20]   [10,50,10] (20)   34211.4
[70,20]   [10,50,10] (25)   34530
[70,20]   [10,50,10] (30)   34298.4
[70,20]   [10,50,15] (0)   34334.8
[70,20]   [10,50,15] (5)   34226.7
[70,20]   [10,50,15] (10)   34188.1
[70,20]   [10,50,15] (15)   34251
[70,20]   [10,50,15] (20)   34217.2
[70,20]   [10,50,15] (25)   34215.7
[70,20]   [10,50,15] (30)   34284.1
[70,20]   [10,50,20] (0)   34260.1
[70,20]   [10,50,20] (5)   34261.7
[70,20]   [10,50,20] (10)   34164.4
[70,20]   [10,50,20] (15)   34232.9
[70,20]   [10,50,20] (20)   34374.8
[70,20]   [10,50,20] (25)   34227.8
[70,20]   [10,50,20] (30)   34059.8
[70,20]   [10,60,5] (0)   37273.4
[70,20]   [10,60,5] (5)   37389
[70,20]   [10,60,5] (10)   37225.1
[70,20]   [10,60,5] (15)   37211
[70,20]   [10,60,5] (20)   37250.4
[70,20]   [10,60,5] (25)   37205.3
[70,20]   [10,60,5] (30)   37231.9
[70,20]   [10,60,10] (0)   37221.9
[70,20]   [10,60,10] (5)   37230.4
[70,20]   [10,60,10] (10)   37246.8
[70,20]   [10,60,10] (15)   37231.1
[70,20]   [10,60,10] (20)   37277.5
[70,20]   [10,60,10] (25)   37227.4
[70,20]   [10,60,10] (30)   37263.1
[70,20]   [10,60,15] (0)   37424.9
[70,20]   [10,60,15] (5)   37266.7
[70,20]   [10,60,15] (10)   37235.3
[70,20]   [10,60,15] (15)   37516.8
[70,20]   [10,60,15] (20)   37365.6
[70,20]   [10,60,15] (25)   37273.3
[70,20]   [10,60,15] (30)   37214.3
[70,20]   [10,60,20] (0)   37258.6
[70,20]   [10,60,20] (5)   37209.1
[70,20]   [10,60,20] (10)   37238.3
[70,20]   [10,60,20] (15)   37261.6
[70,20]   [10,60,20] (20)   37290.3
[70,20]   [10,60,20] (25)   37198.8
[70,20]   [10,60,20] (30)   37229
[70,20]   [20,10,5] (0)   7179.58
[70,20]   [20,10,5] (5)   1419.56
[70,20]   [20,10,5] (10)   52.9444
[70,20]   [20,10,5] (15)   56.7396
[70,20]   [20,10,5] (20)   66.2072
[70,20]   [20,10,5] (25)   76.0477
[70,20]   [20,10,5] (30)   86.0908
[70,20]   [20,10,10] (0)   7333.4
[70,20]   [20,10,10] (5)   1551.54
[70,20]   [20,10,10] (10)   69.0197
[70,20]   [20,10,10] (15)   73.6012
[70,20]   [20,10,10] (20)   81.7252
[70,20]   [20,10,10] (25)   89.9235
[70,20]   [20,10,10] (30)   98.4339
[70,20]   [20,10,15] (0)   7440.38
[70,20]   [20,10,15] (5)   85.7299
[70,20]   [20,10,15] (10)   72.9942
[70,20]   [20,10,15] (15)   80.1926
[70,20]   [20,10,15] (20)   88.068
[70,20]   [20,10,15] (25)   96.5961
[70,20]   [20,10,15] (30)   104.78
[70,20]   [20,10,20] (0)   7247.39
[70,20]   [20,10,20] (5)   122.991
[70,20]   [20,10,20] (10)   87.3058
[70,20]   [20,10,20] (15)   92.862
[70,20]   [20,10,20] (20)   101.017
[70,20]   [20,10,20] (25)   109.233
[70,20]   [20,10,20] (30)   116.743
[70,20]   [20,20,5] (0)   109.188
[70,20]   [20,20,5] (5)   111.143
[70,20]   [20,20,5] (10)   94.9586
[70,20]   [20,20,5] (15)   82.9974
[70,20]   [20,20,5] (20)   89.2036
[70,20]   [20,20,5] (25)   97.8104
[70,20]   [20,20,5] (30)   106.373
[70,20]   [20,20,10] (0)   108.98
[70,20]   [20,20,10] (5)   109.591
[70,20]   [20,20,10] (10)   99.1271
[70,20]   [20,20,10] (15)   96.1576
[70,20]   [20,20,10] (20)   103.605
[70,20]   [20,20,10] (25)   111.969
[70,20]   [20,20,10] (30)   119.607
[70,20]   [20,20,15] (0)   112.507
[70,20]   [20,20,15] (5)   113.006
[70,20]   [20,20,15] (10)   95.9591
[70,20]   [20,20,15] (15)   99.3161
[70,20]   [20,20,15] (20)   106.954
[70,20]   [20,20,15] (25)   114.399
[70,20]   [20,20,15] (30)   122.774
[70,20]   [20,20,20] (0)   110.801
[70,20]   [20,20,20] (5)   109.654
[70,20]   [20,20,20] (10)   103.36
[70,20]   [20,20,20] (15)   108.847
[70,20]   [20,20,20] (20)   116.475
[70,20]   [20,20,20] (25)   124.18
[70,20]   [20,20,20] (30)   131.551
[70,20]   [20,30,5] (0)   5531.11
[70,20]   [20,30,5] (5)   5448.82
[70,20]   [20,30,5] (10)   5548.11
[70,20]   [20,30,5] (15)   5519.41
[70,20]   [20,30,5] (20)   5489.28
[70,20]   [20,30,5] (25)   5560.74
[70,20]   [20,30,5] (30)   5335.88
[70,20]   [20,30,10] (0)   5638.5
[70,20]   [20,30,10] (5)   5569.68
[70,20]   [20,30,10] (10)   5629.69
[70,20]   [20,30,10] (15)   5490.82
[70,20]   [20,30,10] (20)   5545.93
[70,20]   [20,30,10] (25)   5458.06
[70,20]   [20,30,10] (30)   5528.73
[70,20]   [20,30,15] (0)   5498.98
[70,20]   [20,30,15] (5)   5494.06
[70,20]   [20,30,15] (10)   5463.77
[70,20]   [20,30,15] (15)   5403.39
[70,20]   [20,30,15] (20)   5551.18
[70,20]   [20,30,15] (25)   5239.03
[70,20]   [20,30,15] (30)   5149.76
[70,20]   [20,30,20] (0)   5515.83
[70,20]   [20,30,20] (5)   5463.26
[70,20]   [20,30,20] (10)   5496.77
[70,20]   [20,30,20] (15)   5555.14
[70,20]   [20,30,20] (20)   5489.51
[70,20]   [20,30,20] (25)   5441.13
[70,20]   [20,30,20] (30)   5525
[70,20]   [20,40,5] (0)   13090.2
[70,20]   [20,40,5] (5)   13299.7
[70,20]   [20,40,5] (10)   13235.3
[70,20]   [20,40,5] (15)   13119
[70,20]   [20,40,5] (20)   13246.8
[70,20]   [20,40,5] (25)   13333.6
[70,20]   [20,40,5] (30)   13146.5
[70,20]   [20,40,10] (0)   13208.2
[70,20]   [20,40,10] (5)   13070
[70,20]   [20,40,10] (10)   13308.3
[70,20]   [20,40,10] (15)   13217.6
[70,20]   [20,40,10] (20)   13078.3
[70,20]   [20,40,10] (25)   13204.2
[70,20]   [20,40,10] (30)   13297.4
[70,20]   [20,40,15] (0)   13061.8
[70,20]   [20,40,15] (5)   13278.2
[70,20]   [20,40,15] (10)   13257.4
[70,20]   [20,40,15] (15)   13114.1
[70,20]   [20,40,15] (20)   13210.9
[70,20]   [20,40,15] (25)   13146
[70,20]   [20,40,15] (30)   13145.8
[70,20]   [20,40,20] (0)   13388.2
[70,20]   [20,40,20] (5)   13108.7
[70,20]   [20,40,20] (10)   13103.1
[70,20]   [20,40,20] (15)   13179.6
[70,20]   [20,40,20] (20)   13317
[70,20]   [20,40,20] (25)   13195.2
[70,20]   [20,40,20] (30)   13203.8
[70,20]   [20,50,5] (0)   20457.1
[70,20]   [20,50,5] (5)   20466.7
[70,20]   [20,50,5] (10)   20620.7
[70,20]   [20,50,5] (15)   20722.3
[70,20]   [20,50,5] (20)   20698.2
[70,20]   [20,50,5] (25)   20706.8
[70,20]   [20,50,5] (30)   20426.9
[70,20]   [20,50,10] (0)   20625.1
[70,20]   [20,50,10] (5)   20478.5
[70,20]   [20,50,10] (10)   20537.2
[70,20]   [20,50,10] (15)   20567.4
[70,20]   [20,50,10] (20)   20650.6
[70,20]   [20,50,10] (25)   20545.2
[70,20]   [20,50,10] (30)   20478.9
[70,20]   [20,50,15] (0)   20612.1
[70,20]   [20,50,15] (5)   20613.3
[70,20]   [20,50,15] (10)   20370.8
[70,20]   [20,50,15] (15)   20655.8
[70,20]   [20,50,15] (20)   20350.1
[70,20]   [20,50,15] (25)   20660.5
[70,20]   [20,50,15] (30)   20620.1
[70,20]   [20,50,20] (0)   20471.6
[70,20]   [20,50,20] (5)   20648.6
[70,20]   [20,50,20] (10)   20675.9
[70,20]   [20,50,20] (15)   20578.6
[70,20]   [20,50,20] (20)   20503.1
[70,20]   [20,50,20] (25)   20585.3
[70,20]   [20,50,20] (30)   20562.9
[70,20]   [20,60,5] (0)   26645.7
[70,20]   [20,60,5] (5)   26624.8
[70,20]   [20,60,5] (10)   26330.4
[70,20]   [20,60,5] (15)   26467.9
[70,20]   [20,60,5] (20)   26432.9
[70,20]   [20,60,5] (25)   26734.5
[70,20]   [20,60,5] (30)   26204.7
[70,20]   [20,60,10] (0)   26388.6
[70,20]   [20,60,10] (5)   26606.2
[70,20]   [20,60,10] (10)   26728.4
[70,20]   [20,60,10] (15)   26328.5
[70,20]   [20,60,10] (20)   26615.8
[70,20]   [20,60,10] (25)   26581.4
[70,20]   [20,60,10] (30)   26372.5
[70,20]   [20,60,15] (0)   26609.4
[70,20]   [20,60,15] (5)   26567.4
[70,20]   [20,60,15] (10)   26344.5
[70,20]   [20,60,15] (15)   26431.1
[70,20]   [20,60,15] (20)   26466.8
[70,20]   [20,60,15] (25)   26613.1
[70,20]   [20,60,15] (30)   26309.7
[70,20]   [20,60,20] (0)   26697.9
[70,20]   [20,60,20] (5)   26653.6
[70,20]   [20,60,20] (10)   26488.9
[70,20]   [20,60,20] (15)   26588.8
[70,20]   [20,60,20] (20)   26244.5
[70,20]   [20,60,20] (25)   26630.1
[70,20]   [20,60,20] (30)   26644.4
[70,20]   [30,10,5] (0)   14111.6
[70,20]   [30,10,5] (5)   6684.02
[70,20]   [30,10,5] (10)   65.117
[70,20]   [30,10,5] (15)   62.1987
[70,20]   [30,10,5] (20)   66.5368
[70,20]   [30,10,5] (25)   73.4746
[70,20]   [30,10,5] (30)   84.5915
[70,20]   [30,10,10] (0)   14134.6
[70,20]   [30,10,10] (5)   7359.63
[70,20]   [30,10,10] (10)   98.5344
[70,20]   [30,10,10] (15)   78.5775
[70,20]   [30,10,10] (20)   81.9981
[70,20]   [30,10,10] (25)   89.1039
[70,20]   [30,10,10] (30)   97.4253
[70,20]   [30,10,15] (0)   13926.7
[70,20]   [30,10,15] (5)   3206.01
[70,20]   [30,10,15] (10)   84.0265
[70,20]   [30,10,15] (15)   86.9485
[70,20]   [30,10,15] (20)   91.1882
[70,20]   [30,10,15] (25)   98.7771
[70,20]   [30,10,15] (30)   106.864
[70,20]   [30,10,20] (0)   14106.4
[70,20]   [30,10,20] (5)   3094.15
[70,20]   [30,10,20] (10)   92.6403
[70,20]   [30,10,20] (15)   95.5732
[70,20]   [30,10,20] (20)   103.944
[70,20]   [30,10,20] (25)   111.23
[70,20]   [30,10,20] (30)   119.208
[70,20]   [30,20,5] (0)   5997.27
[70,20]   [30,20,5] (5)   6019.1
[70,20]   [30,20,5] (10)   3661.88
[70,20]   [30,20,5] (15)   90.1011
[70,20]   [30,20,5] (20)   77.9884
[70,20]   [30,20,5] (25)   82.423
[70,20]   [30,20,5] (30)   91.4563
[70,20]   [30,20,10] (0)   6038.75
[70,20]   [30,20,10] (5)   6075.19
[70,20]   [30,20,10] (10)   4209.35
[70,20]   [30,20,10] (15)   102.677
[70,20]   [30,20,10] (20)   96.2801
[70,20]   [30,20,10] (25)   102.022
[70,20]   [30,20,10] (30)   109.985
[70,20]   [30,20,15] (0)   5959.41
[70,20]   [30,20,15] (5)   6048.91
[70,20]   [30,20,15] (10)   2325.61
[70,20]   [30,20,15] (15)   102.716
[70,20]   [30,20,15] (20)   103.524
[70,20]   [30,20,15] (25)   109.906
[70,20]   [30,20,15] (30)   118.031
[70,20]   [30,20,20] (0)   5992.78
[70,20]   [30,20,20] (5)   6144.29
[70,20]   [30,20,20] (10)   2812.49
[70,20]   [30,20,20] (15)   112.773
[70,20]   [30,20,20] (20)   115.451
[70,20]   [30,20,20] (25)   122.233
[70,20]   [30,20,20] (30)   129.959
[70,20]   [30,30,5] (0)   141.92
[70,20]   [30,30,5] (5)   142.37
[70,20]   [30,30,5] (10)   143.141
[70,20]   [30,30,5] (15)   130.254
[70,20]   [30,30,5] (20)   109.114
[70,20]   [30,30,5] (25)   107.348
[70,20]   [30,30,5] (30)   114.308
[70,20]   [30,30,10] (0)   142.072
[70,20]   [30,30,10] (5)   144.202
[70,20]   [30,30,10] (10)   143.351
[70,20]   [30,30,10] (15)   131.934
[70,20]   [30,30,10] (20)   121.072
[70,20]   [30,30,10] (25)   124.672
[70,20]   [30,30,10] (30)   132.641
[70,20]   [30,30,15] (0)   142.599
[70,20]   [30,30,15] (5)   143.169
[70,20]   [30,30,15] (10)   145.544
[70,20]   [30,30,15] (15)   130.87
[70,20]   [30,30,15] (20)   123.687
[70,20]   [30,30,15] (25)   129.448
[70,20]   [30,30,15] (30)   137.168
[70,20]   [30,30,20] (0)   141.474
[70,20]   [30,30,20] (5)   144.665
[70,20]   [30,30,20] (10)   142.942
[70,20]   [30,30,20] (15)   134.154
[70,20]   [30,30,20] (20)   132.452
[70,20]   [30,30,20] (25)   139.349
[70,20]   [30,30,20] (30)   146.958
[70,20]   [30,40,5] (0)   3691.62
[70,20]   [30,40,5] (5)   3503.77
[70,20]   [30,40,5] (10)   3627.67
[70,20]   [30,40,5] (15)   3684.59
[70,20]   [30,40,5] (20)   3628.68
[70,20]   [30,40,5] (25)   3652.13
[70,20]   [30,40,5] (30)   3634.28
[70,20]   [30,40,10] (0)   3719.72
[70,20]   [30,40,10] (5)   3583.38
[70,20]   [30,40,10] (10)   3648.5
[70,20]   [30,40,10] (15)   3592.3
[70,20]   [30,40,10] (20)   3654.75
[70,20]   [30,40,10] (25)   3690.11
[70,20]   [30,40,10] (30)   3612.39
[70,20]   [30,40,15] (0)   3656.41
[70,20]   [30,40,15] (5)   3628.16
[70,20]   [30,40,15] (10)   3693.93
[70,20]   [30,40,15] (15)   3561.96
[70,20]   [30,40,15] (20)   3566.61
[70,20]   [30,40,15] (25)   3610.98
[70,20]   [30,40,15] (30)   3581.37
[70,20]   [30,40,20] (0)   3647.83
[70,20]   [30,40,20] (5)   3688.41
[70,20]   [30,40,20] (10)   3713.15
[70,20]   [30,40,20] (15)   3684.68
[70,20]   [30,40,20] (20)   3651.51
[70,20]   [30,40,20] (25)   3658.68
[70,20]   [30,40,20] (30)   3605.86
[70,20]   [30,50,5] (0)   10495.8
[70,20]   [30,50,5] (5)   10289.7
[70,20]   [30,50,5] (10)   10538.6
[70,20]   [30,50,5] (15)   10630.6
[70,20]   [30,50,5] (20)   10484.3
[70,20]   [30,50,5] (25)   10403.7
[70,20]   [30,50,5] (30)   10344.6
[70,20]   [30,50,10] (0)   10323.3
[70,20]   [30,50,10] (5)   10388.6
[70,20]   [30,50,10] (10)   10433.1
[70,20]   [30,50,10] (15)   10394.5
[70,20]   [30,50,10] (20)   10464.9
[70,20]   [30,50,10] (25)   10357.9
[70,20]   [30,50,10] (30)   10211.5
[70,20]   [30,50,15] (0)   10557.9
[70,20]   [30,50,15] (5)   10502.1
[70,20]   [30,50,15] (10)   10326.1
[70,20]   [30,50,15] (15)   10478.4
[70,20]   [30,50,15] (20)   10522.7
[70,20]   [30,50,15] (25)   10413.9
[70,20]   [30,50,15] (30)   10561.9
[70,20]   [30,50,20] (0)   10387.9
[70,20]   [30,50,20] (5)   10460.9
[70,20]   [30,50,20] (10)   10520.7
[70,20]   [30,50,20] (15)   10378.9
[70,20]   [30,50,20] (20)   10462.4
[70,20]   [30,50,20] (25)   10398.2
[70,20]   [30,50,20] (30)   10337
[70,20]   [30,60,5] (0)   20752.4
[70,20]   [30,60,5] (5)   20690.3
[70,20]   [30,60,5] (10)   20768
[70,20]   [30,60,5] (15)   20812.2
[70,20]   [30,60,5] (20)   20661.8
[70,20]   [30,60,5] (25)   20749.5
[70,20]   [30,60,5] (30)   20519.5
[70,20]   [30,60,10] (0)   20916.8
[70,20]   [30,60,10] (5)   20461.4
[70,20]   [30,60,10] (10)   20753.8
[70,20]   [30,60,10] (15)   20632.9
[70,20]   [30,60,10] (20)   20587.7
[70,20]   [30,60,10] (25)   20630
[70,20]   [30,60,10] (30)   20555
[70,20]   [30,60,15] (0)   20638
[70,20]   [30,60,15] (5)   20558.8
[70,20]   [30,60,15] (10)   20762.4
[70,20]   [30,60,15] (15)   20714.9
[70,20]   [30,60,15] (20)   20602.7
[70,20]   [30,60,15] (25)   20743.2
[70,20]   [30,60,15] (30)   20461.7
[70,20]   [30,60,20] (0)   20717.4
[70,20]   [30,60,20] (5)   20645.9
[70,20]   [30,60,20] (10)   20674.9
[70,20]   [30,60,20] (15)   20771.6
[70,20]   [30,60,20] (20)   20648.1
[70,20]   [30,60,20] (25)   20823.5
[70,20]   [30,60,20] (30)   20627.5
[70,20]   [40,10,5] (0)   19161.8
[70,20]   [40,10,5] (5)   11790.2
[70,20]   [40,10,5] (10)   109.81
[70,20]   [40,10,5] (15)   69.66
[70,20]   [40,10,5] (20)   71.1273
[70,20]   [40,10,5] (25)   77.383
[70,20]   [40,10,5] (30)   84.0148
[70,20]   [40,10,10] (0)   19043
[70,20]   [40,10,10] (5)   12346.8
[70,20]   [40,10,10] (10)   3573.11
[70,20]   [40,10,10] (15)   91.4684
[70,20]   [40,10,10] (20)   88.1843
[70,20]   [40,10,10] (25)   89.5799
[70,20]   [40,10,10] (30)   98.1273
[70,20]   [40,10,15] (0)   19732.2
[70,20]   [40,10,15] (5)   8314.9
[70,20]   [40,10,15] (10)   987.029
[70,20]   [40,10,15] (15)   96.9972
[70,20]   [40,10,15] (20)   96.6782
[70,20]   [40,10,15] (25)   103.447
[70,20]   [40,10,15] (30)   107.786
[70,20]   [40,10,20] (0)   19518
[70,20]   [40,10,20] (5)   8136.08
[70,20]   [40,10,20] (10)   112.121
[70,20]   [40,10,20] (15)   108.547
[70,20]   [40,10,20] (20)   109.655
[70,20]   [40,10,20] (25)   111.443
[70,20]   [40,10,20] (30)   119.606
[70,20]   [40,20,5] (0)   12372.8
[70,20]   [40,20,5] (5)   12398.6
[70,20]   [40,20,5] (10)   8906.76
[70,20]   [40,20,5] (15)   158.597
[70,20]   [40,20,5] (20)   85.1247
[70,20]   [40,20,5] (25)   84.5799
[70,20]   [40,20,5] (30)   90.425
[70,20]   [40,20,10] (0)   12363
[70,20]   [40,20,10] (5)   12401.2
[70,20]   [40,20,10] (10)   9862.36
[70,20]   [40,20,10] (15)   1634.36
[70,20]   [40,20,10] (20)   106.047
[70,20]   [40,20,10] (25)   100.422
[70,20]   [40,20,10] (30)   102.55
[70,20]   [40,20,15] (0)   12352.8
[70,20]   [40,20,15] (5)   12456.6
[70,20]   [40,20,15] (10)   8746.69
[70,20]   [40,20,15] (15)   123.014
[70,20]   [40,20,15] (20)   109.853
[70,20]   [40,20,15] (25)   108.674
[70,20]   [40,20,15] (30)   113.286
[70,20]   [40,20,20] (0)   12487.2
[70,20]   [40,20,20] (5)   12538.6
[70,20]   [40,20,20] (10)   8482.69
[70,20]   [40,20,20] (15)   125.448
[70,20]   [40,20,20] (20)   120.404
[70,20]   [40,20,20] (25)   124.734
[70,20]   [40,20,20] (30)   131.186
[70,20]   [40,30,5] (0)   5059.36
[70,20]   [40,30,5] (5)   4961.94
[70,20]   [40,30,5] (10)   5020.54
[70,20]   [40,30,5] (15)   3735.44
[70,20]   [40,30,5] (20)   128.021
[70,20]   [40,30,5] (25)   100.486
[70,20]   [40,30,5] (30)   100.285
[70,20]   [40,30,10] (0)   4988.69
[70,20]   [40,30,10] (5)   4947.93
[70,20]   [40,30,10] (10)   5004.81
[70,20]   [40,30,10] (15)   4106.32
[70,20]   [40,30,10] (20)   140.845
[70,20]   [40,30,10] (25)   119.588
[70,20]   [40,30,10] (30)   122.502
[70,20]   [40,30,15] (0)   5016.1
[70,20]   [40,30,15] (5)   4973.1
[70,20]   [40,30,15] (10)   4888.58
[70,20]   [40,30,15] (15)   3114.97
[70,20]   [40,30,15] (20)   129.597
[70,20]   [40,30,15] (25)   124.767
[70,20]   [40,30,15] (30)   128.932
[70,20]   [40,30,20] (0)   4972.81
[70,20]   [40,30,20] (5)   4966.64
[70,20]   [40,30,20] (10)   5025.25
[70,20]   [40,30,20] (15)   3388.38
[70,20]   [40,30,20] (20)   138.762
[70,20]   [40,30,20] (25)   133.853
[70,20]   [40,30,20] (30)   134.592
[70,20]   [40,40,5] (0)   166.272
[70,20]   [40,40,5] (5)   165.907
[70,20]   [40,40,5] (10)   166.115
[70,20]   [40,40,5] (15)   164.669
[70,20]   [40,40,5] (20)   156.936
[70,20]   [40,40,5] (25)   136.768
[70,20]   [40,40,5] (30)   129.05
[70,20]   [40,40,10] (0)   165.001
[70,20]   [40,40,10] (5)   165.458
[70,20]   [40,40,10] (10)   164.749
[70,20]   [40,40,10] (15)   165.148
[70,20]   [40,40,10] (20)   160.927
[70,20]   [40,40,10] (25)   144.902
[70,20]   [40,40,10] (30)   144.139
[70,20]   [40,40,15] (0)   166.228
[70,20]   [40,40,15] (5)   164.234
[70,20]   [40,40,15] (10)   165.553
[70,20]   [40,40,15] (15)   163.342
[70,20]   [40,40,15] (20)   156.934
[70,20]   [40,40,15] (25)   143.988
[70,20]   [40,40,15] (30)   146.769
[70,20]   [40,40,20] (0)   164.158
[70,20]   [40,40,20] (5)   162.841
[70,20]   [40,40,20] (10)   166.102
[70,20]   [40,40,20] (15)   165.144
[70,20]   [40,40,20] (20)   159.81
[70,20]   [40,40,20] (25)   152.164
[70,20]   [40,40,20] (30)   157.591
[70,20]   [40,50,5] (0)   3537.84
[70,20]   [40,50,5] (5)   3600.52
[70,20]   [40,50,5] (10)   3683.62
[70,20]   [40,50,5] (15)   3570.4
[70,20]   [40,50,5] (20)   3569.72
[70,20]   [40,50,5] (25)   3493.44
[70,20]   [40,50,5] (30)   3621.98
[70,20]   [40,50,10] (0)   3593.24
[70,20]   [40,50,10] (5)   3537.62
[70,20]   [40,50,10] (10)   3491.09
[70,20]   [40,50,10] (15)   3539.26
[70,20]   [40,50,10] (20)   3615.79
[70,20]   [40,50,10] (25)   3602.56
[70,20]   [40,50,10] (30)   3609.62
[70,20]   [40,50,15] (0)   3666
[70,20]   [40,50,15] (5)   3543.3
[70,20]   [40,50,15] (10)   3615.29
[70,20]   [40,50,15] (15)   3519.34
[70,20]   [40,50,15] (20)   3510.02
[70,20]   [40,50,15] (25)   3686.34
[70,20]   [40,50,15] (30)   3302.21
[70,20]   [40,50,20] (0)   3707.21
[70,20]   [40,50,20] (5)   3701.31
[70,20]   [40,50,20] (10)   3718.19
[70,20]   [40,50,20] (15)   3717.75
[70,20]   [40,50,20] (20)   3650.6
[70,20]   [40,50,20] (25)   3628.48
[70,20]   [40,50,20] (30)   3710.52
[70,20]   [40,60,5] (0)   8854.49
[70,20]   [40,60,5] (5)   8785.1
[70,20]   [40,60,5] (10)   8741.68
[70,20]   [40,60,5] (15)   8719.98
[70,20]   [40,60,5] (20)   8889.74
[70,20]   [40,60,5] (25)   8711.85
[70,20]   [40,60,5] (30)   8825.27
[70,20]   [40,60,10] (0)   8886.49
[70,20]   [40,60,10] (5)   8945.72
[70,20]   [40,60,10] (10)   8909.47
[70,20]   [40,60,10] (15)   8754.67
[70,20]   [40,60,10] (20)   8923.78
[70,20]   [40,60,10] (25)   8915.66
[70,20]   [40,60,10] (30)   8944.92
[70,20]   [40,60,15] (0)   8890.74
[70,20]   [40,60,15] (5)   8887.28
[70,20]   [40,60,15] (10)   8914.52
[70,20]   [40,60,15] (15)   8850.38
[70,20]   [40,60,15] (20)   8763.93
[70,20]   [40,60,15] (25)   8960.42
[70,20]   [40,60,15] (30)   8713.79
[70,20]   [40,60,20] (0)   8904.69
[70,20]   [40,60,20] (5)   8889.29
[70,20]   [40,60,20] (10)   8860.75
[70,20]   [40,60,20] (15)   8869.56
[70,20]   [40,60,20] (20)   8884.5
[70,20]   [40,60,20] (25)   8884.11
[70,20]   [40,60,20] (30)   8995.38
[70,20]   [50,10,5] (0)   23706.9
[70,20]   [50,10,5] (5)   15524.1
[70,20]   [50,10,5] (10)   2809.64
[70,20]   [50,10,5] (15)   76.4981
[70,20]   [50,10,5] (20)   78.832
[70,20]   [50,10,5] (25)   83.2025
[70,20]   [50,10,5] (30)   87.4871
[70,20]   [50,10,10] (0)   23546
[70,20]   [50,10,10] (5)   16809.4
[70,20]   [50,10,10] (10)   7798.7
[70,20]   [50,10,10] (15)   1790.08
[70,20]   [50,10,10] (20)   98.5429
[70,20]   [50,10,10] (25)   97.7684
[70,20]   [50,10,10] (30)   100.842
[70,20]   [50,10,15] (0)   24102.3
[70,20]   [50,10,15] (5)   12209.2
[70,20]   [50,10,15] (10)   5213.81
[70,20]   [50,10,15] (15)   123.942
[70,20]   [50,10,15] (20)   99.6444
[70,20]   [50,10,15] (25)   104.057
[70,20]   [50,10,15] (30)   108.216
[70,20]   [50,10,20] (0)   23681.4
[70,20]   [50,10,20] (5)   12899.9
[70,20]   [50,10,20] (10)   3743.43
[70,20]   [50,10,20] (15)   1947.32
[70,20]   [50,10,20] (20)   121.08
[70,20]   [50,10,20] (25)   120.343
[70,20]   [50,10,20] (30)   124.309
[70,20]   [50,20,5] (0)   16501.8
[70,20]   [50,20,5] (5)   16422.6
[70,20]   [50,20,5] (10)   13448.5
[70,20]   [50,20,5] (15)   3128.68
[70,20]   [50,20,5] (20)   95.0658
[70,20]   [50,20,5] (25)   91.124
[70,20]   [50,20,5] (30)   93.5627
[70,20]   [50,20,10] (0)   16446.8
[70,20]   [50,20,10] (5)   16355.7
[70,20]   [50,20,10] (10)   14621.2
[70,20]   [50,20,10] (15)   6041.43
[70,20]   [50,20,10] (20)   248.046
[70,20]   [50,20,10] (25)   109.879
[70,20]   [50,20,10] (30)   107.91
[70,20]   [50,20,15] (0)   16455.5
[70,20]   [50,20,15] (5)   16570.6
[70,20]   [50,20,15] (10)   12300.2
[70,20]   [50,20,15] (15)   2696.5
[70,20]   [50,20,15] (20)   126.305
[70,20]   [50,20,15] (25)   114.478
[70,20]   [50,20,15] (30)   115.911
[70,20]   [50,20,20] (0)   16639.1
[70,20]   [50,20,20] (5)   16673.1
[70,20]   [50,20,20] (10)   12721.5
[70,20]   [50,20,20] (15)   484.267
[70,20]   [50,20,20] (20)   153.767
[70,20]   [50,20,20] (25)   131.843
[70,20]   [50,20,20] (30)   132.27
[70,20]   [50,30,5] (0)   10151
[70,20]   [50,30,5] (5)   10229.5
[70,20]   [50,30,5] (10)   10110.2
[70,20]   [50,30,5] (15)   8546.05
[70,20]   [50,30,5] (20)   1475.65
[70,20]   [50,30,5] (25)   110.796
[70,20]   [50,30,5] (30)   101.972
[70,20]   [50,30,10] (0)   10137.6
[70,20]   [50,30,10] (5)   10127.5
[70,20]   [50,30,10] (10)   10136.7
[70,20]   [50,30,10] (15)   9161.53
[70,20]   [50,30,10] (20)   2978.38
[70,20]   [50,30,10] (25)   134.058
[70,20]   [50,30,10] (30)   120.512
[70,20]   [50,30,15] (0)   10166.6
[70,20]   [50,30,15] (5)   10167.1
[70,20]   [50,30,15] (10)   10246.9
[70,20]   [50,30,15] (15)   7829.26
[70,20]   [50,30,15] (20)   407.517
[70,20]   [50,30,15] (25)   130.555
[70,20]   [50,30,15] (30)   126.832
[70,20]   [50,30,20] (0)   10141.6
[70,20]   [50,30,20] (5)   10169.5
[70,20]   [50,30,20] (10)   10128.6
[70,20]   [50,30,20] (15)   8538.32
[70,20]   [50,30,20] (20)   185.582
[70,20]   [50,30,20] (25)   140.683
[70,20]   [50,30,20] (30)   140.916
[70,20]   [50,40,5] (0)   6615.65
[70,20]   [50,40,5] (5)   6547.89
[70,20]   [50,40,5] (10)   6642.54
[70,20]   [50,40,5] (15)   6625.76
[70,20]   [50,40,5] (20)   4233.87
[70,20]   [50,40,5] (25)   681.488
[70,20]   [50,40,5] (30)   129.474
[70,20]   [50,40,10] (0)   6654.21
[70,20]   [50,40,10] (5)   6658.2
[70,20]   [50,40,10] (10)   6598.87
[70,20]   [50,40,10] (15)   6644.42
[70,20]   [50,40,10] (20)   4731.75
[70,20]   [50,40,10] (25)   1222.22
[70,20]   [50,40,10] (30)   144.202
[70,20]   [50,40,15] (0)   6662.63
[70,20]   [50,40,15] (5)   6581.51
[70,20]   [50,40,15] (10)   6586.3
[70,20]   [50,40,15] (15)   6559.77
[70,20]   [50,40,15] (20)   4327.92
[70,20]   [50,40,15] (25)   190.027
[70,20]   [50,40,15] (30)   144.882
[70,20]   [50,40,20] (0)   6644.58
[70,20]   [50,40,20] (5)   6646.98
[70,20]   [50,40,20] (10)   6588.79
[70,20]   [50,40,20] (15)   6562.97
[70,20]   [50,40,20] (20)   4512.19
[70,20]   [50,40,20] (25)   201.223
[70,20]   [50,40,20] (30)   157.53
[70,20]   [50,50,5] (0)   442.402
[70,20]   [50,50,5] (5)   420.54
[70,20]   [50,50,5] (10)   404.121
[70,20]   [50,50,5] (15)   355.525
[70,20]   [50,50,5] (20)   420.339
[70,20]   [50,50,5] (25)   255.835
[70,20]   [50,50,5] (30)   166.666
[70,20]   [50,50,10] (0)   366.545
[70,20]   [50,50,10] (5)   414.99
[70,20]   [50,50,10] (10)   431.664
[70,20]   [50,50,10] (15)   355.126
[70,20]   [50,50,10] (20)   393.635
[70,20]   [50,50,10] (25)   287.9
[70,20]   [50,50,10] (30)   172.194
[70,20]   [50,50,15] (0)   390.607
[70,20]   [50,50,15] (5)   459.121
[70,20]   [50,50,15] (10)   429.121
[70,20]   [50,50,15] (15)   420.011
[70,20]   [50,50,15] (20)   362.103
[70,20]   [50,50,15] (25)   243.29
[70,20]   [50,50,15] (30)   166.628
[70,20]   [50,50,20] (0)   384.708
[70,20]   [50,50,20] (5)   392.482
[70,20]   [50,50,20] (10)   399.945
[70,20]   [50,50,20] (15)   392.408
[70,20]   [50,50,20] (20)   456.95
[70,20]   [50,50,20] (25)   255.725
[70,20]   [50,50,20] (30)   174.384
[70,20]   [50,60,5] (0)   1292.88
[70,20]   [50,60,5] (5)   1381.99
[70,20]   [50,60,5] (10)   1235.99
[70,20]   [50,60,5] (15)   1235.45
[70,20]   [50,60,5] (20)   1462.43
[70,20]   [50,60,5] (25)   1314.2
[70,20]   [50,60,5] (30)   1373.65
[70,20]   [50,60,10] (0)   1291.42
[70,20]   [50,60,10] (5)   1268.7
[70,20]   [50,60,10] (10)   1386.15
[70,20]   [50,60,10] (15)   1309.8
[70,20]   [50,60,10] (20)   1215.35
[70,20]   [50,60,10] (25)   1290.26
[70,20]   [50,60,10] (30)   1365.9
[70,20]   [50,60,15] (0)   1272.23
[70,20]   [50,60,15] (5)   1286.01
[70,20]   [50,60,15] (10)   1244.25
[70,20]   [50,60,15] (15)   1260.93
[70,20]   [50,60,15] (20)   1304.91
[70,20]   [50,60,15] (25)   1332.64
[70,20]   [50,60,15] (30)   1278.06
[70,20]   [50,60,20] (0)   1298.42
[70,20]   [50,60,20] (5)   1346.58
[70,20]   [50,60,20] (10)   1270.17
[70,20]   [50,60,20] (15)   1364.05
[70,20]   [50,60,20] (20)   1279.1
[70,20]   [50,60,20] (25)   1238.01
[70,20]   [50,60,20] (30)   1253.26
[70,20]   [60,10,5] (0)   27744
[70,20]   [60,10,5] (5)   19355.2
[70,20]   [60,10,5] (10)   5402.23
[70,20]   [60,10,5] (15)   99.4514
[70,20]   [60,10,5] (20)   85.4708
[70,20]   [60,10,5] (25)   88.5958
[70,20]   [60,10,5] (30)   92.9067
[70,20]   [60,10,10] (0)   28088.8
[70,20]   [60,10,10] (5)   20749.5
[70,20]   [60,10,10] (10)   11467
[70,20]   [60,10,10] (15)   5113.31
[70,20]   [60,10,10] (20)   501.086
[70,20]   [60,10,10] (25)   106.957
[70,20]   [60,10,10] (30)   107.527
[70,20]   [60,10,15] (0)   27788.7
[70,20]   [60,10,15] (5)   16890.6
[70,20]   [60,10,15] (10)   9017.13
[70,20]   [60,10,15] (15)   2878.76
[70,20]   [60,10,15] (20)   120.876
[70,20]   [60,10,15] (25)   113.918
[70,20]   [60,10,15] (30)   115.46
[70,20]   [60,10,20] (0)   28101.7
[70,20]   [60,10,20] (5)   16912.5
[70,20]   [60,10,20] (10)   7486.17
[70,20]   [60,10,20] (15)   6088.49
[70,20]   [60,10,20] (20)   150.143
[70,20]   [60,10,20] (25)   129.269
[70,20]   [60,10,20] (30)   131.263
[70,20]   [60,20,5] (0)   20515.3
[70,20]   [60,20,5] (5)   20510.3
[70,20]   [60,20,5] (10)   17328.1
[70,20]   [60,20,5] (15)   6242.85
[70,20]   [60,20,5] (20)   125.601
[70,20]   [60,20,5] (25)   97.5865
[70,20]   [60,20,5] (30)   98.9415
[70,20]   [60,20,10] (0)   20893.3
[70,20]   [60,20,10] (5)   20513
[70,20]   [60,20,10] (10)   18310.1
[70,20]   [60,20,10] (15)   9404.67
[70,20]   [60,20,10] (20)   3549.1
[70,20]   [60,20,10] (25)   140.223
[70,20]   [60,20,10] (30)   116.378
[70,20]   [60,20,15] (0)   20576.9
[70,20]   [60,20,15] (5)   20494.9
[70,20]   [60,20,15] (10)   16293.7
[70,20]   [60,20,15] (15)   6316.94
[70,20]   [60,20,15] (20)   1948.26
[70,20]   [60,20,15] (25)   124.607
[70,20]   [60,20,15] (30)   120.953
[70,20]   [60,20,20] (0)   20594.7
[70,20]   [60,20,20] (5)   21007.1
[70,20]   [60,20,20] (10)   17271.4
[70,20]   [60,20,20] (15)   5114.23
[70,20]   [60,20,20] (20)   2719.07
[70,20]   [60,20,20] (25)   150.491
[70,20]   [60,20,20] (30)   138.168
[70,20]   [60,30,5] (0)   17755.2
[70,20]   [60,30,5] (5)   17770.1
[70,20]   [60,30,5] (10)   17767.5
[70,20]   [60,30,5] (15)   13302.4
[70,20]   [60,30,5] (20)   4744.06
[70,20]   [60,30,5] (25)   127.585
[70,20]   [60,30,5] (30)   108.621
[70,20]   [60,30,10] (0)   17756.4
[70,20]   [60,30,10] (5)   17757.7
[70,20]   [60,30,10] (10)   17561.2
[70,20]   [60,30,10] (15)   13633.4
[70,20]   [60,30,10] (20)   7177.48
[70,20]   [60,30,10] (25)   1342.39
[70,20]   [60,30,10] (30)   131.379
[70,20]   [60,30,15] (0)   17794
[70,20]   [60,30,15] (5)   17865.2
[70,20]   [60,30,15] (10)   17430.5
[70,20]   [60,30,15] (15)   12736
[70,20]   [60,30,15] (20)   4029.5
[70,20]   [60,30,15] (25)   174.184
[70,20]   [60,30,15] (30)   134.647
[70,20]   [60,30,20] (0)   17764.7
[70,20]   [60,30,20] (5)   17816.6
[70,20]   [60,30,20] (10)   17620.8
[70,20]   [60,30,20] (15)   13230.3
[70,20]   [60,30,20] (20)   3139.37
[70,20]   [60,30,20] (25)   165.449
[70,20]   [60,30,20] (30)   149.557
[70,20]   [60,40,5] (0)   8986.25
[70,20]   [60,40,5] (5)   8934.75
[70,20]   [60,40,5] (10)   8976.14
[70,20]   [60,40,5] (15)   9062.44
[70,20]   [60,40,5] (20)   8135.71
[70,20]   [60,40,5] (25)   3886.53
[70,20]   [60,40,5] (30)   143.798
[70,20]   [60,40,10] (0)   9079.82
[70,20]   [60,40,10] (5)   9026.27
[70,20]   [60,40,10] (10)   9000.03
[70,20]   [60,40,10] (15)   9003.81
[70,20]   [60,40,10] (20)   8611.16
[70,20]   [60,40,10] (25)   4808.9
[70,20]   [60,40,10] (30)   209.154
[70,20]   [60,40,15] (0)   8986.11
[70,20]   [60,40,15] (5)   8941.28
[70,20]   [60,40,15] (10)   8967.96
[70,20]   [60,40,15] (15)   8999.38
[70,20]   [60,40,15] (20)   7861.71
[70,20]   [60,40,15] (25)   2821.87
[70,20]   [60,40,15] (30)   156.921
[70,20]   [60,40,20] (0)   9009.17
[70,20]   [60,40,20] (5)   9109.32
[70,20]   [60,40,20] (10)   9007.73
[70,20]   [60,40,20] (15)   9012.67
[70,20]   [60,40,20] (20)   8287.43
[70,20]   [60,40,20] (25)   2316.23
[70,20]   [60,40,20] (30)   165.095
[70,20]   [60,50,5] (0)   4653.74
[70,20]   [60,50,5] (5)   4594.97
[70,20]   [60,50,5] (10)   4615
[70,20]   [60,50,5] (15)   4527.85
[70,20]   [60,50,5] (20)   4542.18
[70,20]   [60,50,5] (25)   4241.74
[70,20]   [60,50,5] (30)   1722.66
[70,20]   [60,50,10] (0)   4665.72
[70,20]   [60,50,10] (5)   4601.45
[70,20]   [60,50,10] (10)   4706.09
[70,20]   [60,50,10] (15)   4692.09
[70,20]   [60,50,10] (20)   4597.13
[70,20]   [60,50,10] (25)   4433.44
[70,20]   [60,50,10] (30)   2223.53
[70,20]   [60,50,15] (0)   4687.75
[70,20]   [60,50,15] (5)   4623.4
[70,20]   [60,50,15] (10)   4638.88
[70,20]   [60,50,15] (15)   4606.74
[70,20]   [60,50,15] (20)   4641.06
[70,20]   [60,50,15] (25)   4131.49
[70,20]   [60,50,15] (30)   864.134
[70,20]   [60,50,20] (0)   4682.16
[70,20]   [60,50,20] (5)   4592.17
[70,20]   [60,50,20] (10)   4634.3
[70,20]   [60,50,20] (15)   4620.72
[70,20]   [60,50,20] (20)   4676.34
[70,20]   [60,50,20] (25)   4403.49
[70,20]   [60,50,20] (30)   805.131
[70,20]   [60,60,5] (0)   325.679
[70,20]   [60,60,5] (5)   327.206
[70,20]   [60,60,5] (10)   298.576
[70,20]   [60,60,5] (15)   275.202
[70,20]   [60,60,5] (20)   293.245
[70,20]   [60,60,5] (25)   287.154
[70,20]   [60,60,5] (30)   410.157
[70,20]   [60,60,10] (0)   285.748
[70,20]   [60,60,10] (5)   302.784
[70,20]   [60,60,10] (10)   353.948
[70,20]   [60,60,10] (15)   322.647
[70,20]   [60,60,10] (20)   320.206
[70,20]   [60,60,10] (25)   330.622
[70,20]   [60,60,10] (30)   454.252
[70,20]   [60,60,15] (0)   310.489
[70,20]   [60,60,15] (5)   307.664
[70,20]   [60,60,15] (10)   319.978
[70,20]   [60,60,15] (15)   318.901
[70,20]   [60,60,15] (20)   367.639
[70,20]   [60,60,15] (25)   276.036
[70,20]   [60,60,15] (30)   252.523
[70,20]   [60,60,20] (0)   309.424
[70,20]   [60,60,20] (5)   279.405
[70,20]   [60,60,20] (10)   284.609
[70,20]   [60,60,20] (15)   340.751
[70,20]   [60,60,20] (20)   323.259
[70,20]   [60,60,20] (25)   320.147
[70,20]   [60,60,20] (30)   371.995
