[100,10]   [10,10,5] (0)   62.4277
[100,10]   [10,10,5] (5)   44.1308
[100,10]   [10,10,5] (10)   47.2725
[100,10]   [10,10,5] (15)   57.0713
[100,10]   [10,10,5] (20)   67.1081
[100,10]   [10,10,5] (25)   77.0921
[100,10]   [10,10,5] (30)   87.0057
[100,10]   [10,10,10] (0)   64.3847
[100,10]   [10,10,10] (5)   51.5462
[100,10]   [10,10,10] (10)   58.5472
[100,10]   [10,10,10] (15)   67.4107
[100,10]   [10,10,10] (20)   75.9075
[100,10]   [10,10,10] (25)   84.8332
[100,10]   [10,10,10] (30)   93.5838
[100,10]   [10,10,15] (0)   61.5387
[100,10]   [10,10,15] (5)   54.9772
[100,10]   [10,10,15] (10)   63.0312
[100,10]   [10,10,15] (15)   72.0133
[100,10]   [10,10,15] (20)   80.7379
[100,10]   [10,10,15] (25)   89.6174
[100,10]   [10,10,15] (30)   98.4967
[100,10]   [10,10,20] (0)   63.4541
[100,10]   [10,10,20] (5)   63.778
[100,10]   [10,10,20] (10)   72.2058
[100,10]   [10,10,20] (15)   80.6312
[100,10]   [10,10,20] (20)   89.0829
[100,10]   [10,10,20] (25)   97.5724
[100,10]   [10,10,20] (30)   106.325
[100,10]   [10,20,5] (0)   8203.88
[100,10]   [10,20,5] (5)   8440.86
[100,10]   [10,20,5] (10)   8416.66
[100,10]   [10,20,5] (15)   8346.94
[100,10]   [10,20,5] (20)   8300.79
[100,10]   [10,20,5] (25)   7437.61
[100,10]   [10,20,5] (30)   7280.22
[100,10]   [10,20,10] (0)   8200.42
[100,10]   [10,20,10] (5)   8318.56
[100,10]   [10,20,10] (10)   8303.6
[100,10]   [10,20,10] (15)   8414.61
[100,10]   [10,20,10] (20)   8237.58
[100,10]   [10,20,10] (25)   8218.64
[100,10]   [10,20,10] (30)   8341.99
[100,10]   [10,20,15] (0)   8507.23
[100,10]   [10,20,15] (5)   8257.66
[100,10]   [10,20,15] (10)   8307.81
[100,10]   [10,20,15] (15)   8098.61
[100,10]   [10,20,15] (20)   8299.76
[100,10]   [10,20,15] (25)   6244.1
[100,10]   [10,20,15] (30)   6698.22
[100,10]   [10,20,20] (0)   8141.45
[100,10]   [10,20,20] (5)   8295.68
[100,10]   [10,20,20] (10)   8237.67
[100,10]   [10,20,20] (15)   8253.1
[100,10]   [10,20,20] (20)   8317.34
[100,10]   [10,20,20] (25)   8307.24
[100,10]   [10,20,20] (30)   8290.06
[100,10]   [10,30,5] (0)   17593.8
[100,10]   [10,30,5] (5)   17743.6
[100,10]   [10,30,5] (10)   17553.2
[100,10]   [10,30,5] (15)   17618.4
[100,10]   [10,30,5] (20)   17626.9
[100,10]   [10,30,5] (25)   17697.9
[100,10]   [10,30,5] (30)   17175.1
[100,10]   [10,30,10] (0)   17445.5
[100,10]   [10,30,10] (5)   17430.2
[100,10]   [10,30,10] (10)   17684.2
[100,10]   [10,30,10] (15)   17677
[100,10]   [10,30,10] (20)   17588
[100,10]   [10,30,10] (25)   17923.8
[100,10]   [10,30,10] (30)   17601.5
[100,10]   [10,30,15] (0)   17689.4
[100,10]   [10,30,15] (5)   17733.6
[100,10]   [10,30,15] (10)   17649.5
[100,10]   [10,30,15] (15)   17428.2
[100,10]   [10,30,15] (20)   17442.7
[100,10]   [10,30,15] (25)   17451.9
[100,10]   [10,30,15] (30)   15714.4
[100,10]   [10,30,20] (0)   18241.3
[100,10]   [10,30,20] (5)   17708.7
[100,10]   [10,30,20] (10)   17599
[100,10]   [10,30,20] (15)   17733.4
[100,10]   [10,30,20] (20)   17616.9
[100,10]   [10,30,20] (25)   17611.1
[100,10]   [10,30,20] (30)   17556.9
[100,10]   [10,40,5] (0)   26603.7
[100,10]   [10,40,5] (5)   26697.4
[100,10]   [10,40,5] (10)   26712.3
[100,10]   [10,40,5] (15)   26697.3
[100,10]   [10,40,5] (20)   26586.4
[100,10]   [10,40,5] (25)   26522.6
[100,10]   [10,40,5] (30)   26678.8
[100,10]   [10,40,10] (0)   26425.9
[100,10]   [10,40,10] (5)   26786.5
[100,10]   [10,40,10] (10)   26450.7
[100,10]   [10,40,10] (15)   26454.4
[100,10]   [10,40,10] (20)   26345.3
[100,10]   [10,40,10] (25)   26959.4
[100,10]   [10,40,10] (30)   26380.2
[100,10]   [10,40,15] (0)   26699.2
[100,10]   [10,40,15] (5)   26450.2
[100,10]   [10,40,15] (10)   26574.4
[100,10]   [10,40,15] (15)   26211.6
[100,10]   [10,40,15] (20)   26675.5
[100,10]   [10,40,15] (25)   26614.3
[100,10]   [10,40,15] (30)   26489.2
[100,10]   [10,40,20] (0)   26298.1
[100,10]   [10,40,20] (5)   26358.7
[100,10]   [10,40,20] (10)   26468.6
[100,10]   [10,40,20] (15)   26417.3
[100,10]   [10,40,20] (20)   26249.6
[100,10]   [10,40,20] (25)   26485.9
[100,10]   [10,40,20] (30)   26600.7
[100,10]   [10,50,5] (0)   33442.4
[100,10]   [10,50,5] (5)   33703.6
[100,10]   [10,50,5] (10)   33589
[100,10]   [10,50,5] (15)   33446
[100,10]   [10,50,5] (20)   33429.6
[100,10]   [10,50,5] (25)   33566
[100,10]   [10,50,5] (30)   33350
[100,10]   [10,50,10] (0)   33317.8
[100,10]   [10,50,10] (5)   33323.8
[100,10]   [10,50,10] (10)   33304.6
[100,10]   [10,50,10] (15)   33288.7
[100,10]   [10,50,10] (20)   34092
[100,10]   [10,50,10] (25)   33233.8
[100,10]   [10,50,10] (30)   33292.3
[100,10]   [10,50,15] (0)   33332.1
[100,10]   [10,50,15] (5)   33533.2
[100,10]   [10,50,15] (10)   33277.2
[100,10]   [10,50,15] (15)   33554.9
[100,10]   [10,50,15] (20)   33472.3
[100,10]   [10,50,15] (25)   33712.7
[100,10]   [10,50,15] (30)   33297.3
[100,10]   [10,50,20] (0)   33528.7
[100,10]   [10,50,20] (5)   33447.8
[100,10]   [10,50,20] (10)   33718.9
[100,10]   [10,50,20] (15)   33323.5
[100,10]   [10,50,20] (20)   33317.4
[100,10]   [10,50,20] (25)   33382.7
[100,10]   [10,50,20] (30)   33343.1
[100,10]   [10,60,5] (0)   40271.3
[100,10]   [10,60,5] (5)   39718.4
[100,10]   [10,60,5] (10)   39728.2
[100,10]   [10,60,5] (15)   39753.2
[100,10]   [10,60,5] (20)   39880
[100,10]   [10,60,5] (25)   40727
[100,10]   [10,60,5] (30)   39764.8
[100,10]   [10,60,10] (0)   39735.9
[100,10]   [10,60,10] (5)   39685.2
[100,10]   [10,60,10] (10)   39716.4
[100,10]   [10,60,10] (15)   40094
[100,10]   [10,60,10] (20)   40042.9
[100,10]   [10,60,10] (25)   40073
[100,10]   [10,60,10] (30)   39904.2
[100,10]   [10,60,15] (0)   40355.5
[100,10]   [10,60,15] (5)   39709.8
[100,10]   [10,60,15] (10)   39853.9
[100,10]   [10,60,15] (15)   39716
[100,10]   [10,60,15] (20)   39855.3
[100,10]   [10,60,15] (25)   39843.9
[100,10]   [10,60,15] (30)   39755.4
[100,10]   [10,60,20] (0)   39938.4
[100,10]   [10,60,20] (5)   40256.3
[100,10]   [10,60,20] (10)   39716.8
[100,10]   [10,60,20] (15)   39885.2
[100,10]   [10,60,20] (20)   40082.8
[100,10]   [10,60,20] (25)   40068.7
[100,10]   [10,60,20] (30)   40034.5
[100,10]   [20,10,5] (0)   8027.98
[100,10]   [20,10,5] (5)   1782.01
[100,10]   [20,10,5] (10)   49.5791
[100,10]   [20,10,5] (15)   53.791
[100,10]   [20,10,5] (20)   63.4526
[100,10]   [20,10,5] (25)   73.4517
[100,10]   [20,10,5] (30)   83.156
[100,10]   [20,10,10] (0)   8041.09
[100,10]   [20,10,10] (5)   1734.71
[100,10]   [20,10,10] (10)   64.3265
[100,10]   [20,10,10] (15)   69.526
[100,10]   [20,10,10] (20)   77.528
[100,10]   [20,10,10] (25)   85.9224
[100,10]   [20,10,10] (30)   93.9987
[100,10]   [20,10,15] (0)   7916.42
[100,10]   [20,10,15] (5)   85.1753
[100,10]   [20,10,15] (10)   71.3207
[100,10]   [20,10,15] (15)   77.7249
[100,10]   [20,10,15] (20)   85.8396
[100,10]   [20,10,15] (25)   94.0847
[100,10]   [20,10,15] (30)   102.213
[100,10]   [20,10,20] (0)   8067.93
[100,10]   [20,10,20] (5)   114.243
[100,10]   [20,10,20] (10)   83.6205
[100,10]   [20,10,20] (15)   89.1832
[100,10]   [20,10,20] (20)   97.0512
[100,10]   [20,10,20] (25)   105.337
[100,10]   [20,10,20] (30)   113.166
[100,10]   [20,20,5] (0)   104.414
[100,10]   [20,20,5] (5)   106.178
[100,10]   [20,20,5] (10)   90.846
[100,10]   [20,20,5] (15)   80.6543
[100,10]   [20,20,5] (20)   86.436
[100,10]   [20,20,5] (25)   94.7175
[100,10]   [20,20,5] (30)   103.053
[100,10]   [20,20,10] (0)   103.928
[100,10]   [20,20,10] (5)   103.335
[100,10]   [20,20,10] (10)   94.2499
[100,10]   [20,20,10] (15)   92.018
[100,10]   [20,20,10] (20)   99.5428
[100,10]   [20,20,10] (25)   107.149
[100,10]   [20,20,10] (30)   114.674
[100,10]   [20,20,15] (0)   102.444
[100,10]   [20,20,15] (5)   105.861
[100,10]   [20,20,15] (10)   92.7477
[100,10]   [20,20,15] (15)   95.8051
[100,10]   [20,20,15] (20)   103.292
[100,10]   [20,20,15] (25)   111.044
[100,10]   [20,20,15] (30)   119.283
[100,10]   [20,20,20] (0)   102.996
[100,10]   [20,20,20] (5)   102.494
[100,10]   [20,20,20] (10)   97.3328
[100,10]   [20,20,20] (15)   103.303
[100,10]   [20,20,20] (20)   111.292
[100,10]   [20,20,20] (25)   118.676
[100,10]   [20,20,20] (30)   126.602
[100,10]   [20,30,5] (0)   5662.87
[100,10]   [20,30,5] (5)   5717.68
[100,10]   [20,30,5] (10)   5700.75
[100,10]   [20,30,5] (15)   5624.34
[100,10]   [20,30,5] (20)   5605.75
[100,10]   [20,30,5] (25)   5594.18
[100,10]   [20,30,5] (30)   5484.7
[100,10]   [20,30,10] (0)   5664.17
[100,10]   [20,30,10] (5)   5667.73
[100,10]   [20,30,10] (10)   5735.22
[100,10]   [20,30,10] (15)   5670.57
[100,10]   [20,30,10] (20)   5758.26
[100,10]   [20,30,10] (25)   5654.08
[100,10]   [20,30,10] (30)   5727.09
[100,10]   [20,30,15] (0)   5655.56
[100,10]   [20,30,15] (5)   5610.91
[100,10]   [20,30,15] (10)   5587.92
[100,10]   [20,30,15] (15)   5640.83
[100,10]   [20,30,15] (20)   5647.33
[100,10]   [20,30,15] (25)   5712.58
[100,10]   [20,30,15] (30)   4634.29
[100,10]   [20,30,20] (0)   5820.59
[100,10]   [20,30,20] (5)   5701.29
[100,10]   [20,30,20] (10)   5746.74
[100,10]   [20,30,20] (15)   5520.86
[100,10]   [20,30,20] (20)   5552.24
[100,10]   [20,30,20] (25)   5708.5
[100,10]   [20,30,20] (30)   5632.47
[100,10]   [20,40,5] (0)   14758.8
[100,10]   [20,40,5] (5)   14698.7
[100,10]   [20,40,5] (10)   14817.5
[100,10]   [20,40,5] (15)   14840.9
[100,10]   [20,40,5] (20)   14819.2
[100,10]   [20,40,5] (25)   14829.8
[100,10]   [20,40,5] (30)   14641.5
[100,10]   [20,40,10] (0)   14635.1
[100,10]   [20,40,10] (5)   14830.6
[100,10]   [20,40,10] (10)   14881.5
[100,10]   [20,40,10] (15)   14835.9
[100,10]   [20,40,10] (20)   14921.2
[100,10]   [20,40,10] (25)   14757.5
[100,10]   [20,40,10] (30)   14872.5
[100,10]   [20,40,15] (0)   14922.5
[100,10]   [20,40,15] (5)   14940.3
[100,10]   [20,40,15] (10)   14766
[100,10]   [20,40,15] (15)   14578.5
[100,10]   [20,40,15] (20)   14731.2
[100,10]   [20,40,15] (25)   15003.2
[100,10]   [20,40,15] (30)   14864.1
[100,10]   [20,40,20] (0)   14705.8
[100,10]   [20,40,20] (5)   15028.2
[100,10]   [20,40,20] (10)   14567.9
[100,10]   [20,40,20] (15)   14825.7
[100,10]   [20,40,20] (20)   14625.6
[100,10]   [20,40,20] (25)   14947
[100,10]   [20,40,20] (30)   14816.2
[100,10]   [20,50,5] (0)   22006.7
[100,10]   [20,50,5] (5)   22194.5
[100,10]   [20,50,5] (10)   21692.3
[100,10]   [20,50,5] (15)   22200.3
[100,10]   [20,50,5] (20)   21853.4
[100,10]   [20,50,5] (25)   21929.2
[100,10]   [20,50,5] (30)   21775
[100,10]   [20,50,10] (0)   21908.9
[100,10]   [20,50,10] (5)   21895.2
[100,10]   [20,50,10] (10)   21941
[100,10]   [20,50,10] (15)   21712.4
[100,10]   [20,50,10] (20)   21870.5
[100,10]   [20,50,10] (25)   21922.4
[100,10]   [20,50,10] (30)   22119
[100,10]   [20,50,15] (0)   21791
[100,10]   [20,50,15] (5)   22048
[100,10]   [20,50,15] (10)   21720.5
[100,10]   [20,50,15] (15)   22055.6
[100,10]   [20,50,15] (20)   21828.8
[100,10]   [20,50,15] (25)   21759.2
[100,10]   [20,50,15] (30)   21760.9
[100,10]   [20,50,20] (0)   22059.6
[100,10]   [20,50,20] (5)   22172.1
[100,10]   [20,50,20] (10)   21876.6
[100,10]   [20,50,20] (15)   22076
[100,10]   [20,50,20] (20)   21832.5
[100,10]   [20,50,20] (25)   22105.4
[100,10]   [20,50,20] (30)   21886.2
[100,10]   [20,60,5] (0)   28472.5
[100,10]   [20,60,5] (5)   28972.6
[100,10]   [20,60,5] (10)   28973.4
[100,10]   [20,60,5] (15)   28636.7
[100,10]   [20,60,5] (20)   28699.8
[100,10]   [20,60,5] (25)   28674.5
[100,10]   [20,60,5] (30)   28684.2
[100,10]   [20,60,10] (0)   28680.6
[100,10]   [20,60,10] (5)   28631.1
[100,10]   [20,60,10] (10)   28629.3
[100,10]   [20,60,10] (15)   28646.7
[100,10]   [20,60,10] (20)   28873.5
[100,10]   [20,60,10] (25)   28563
[100,10]   [20,60,10] (30)   28467.4
[100,10]   [20,60,15] (0)   28753.1
[100,10]   [20,60,15] (5)   28608.7
[100,10]   [20,60,15] (10)   29059.5
[100,10]   [20,60,15] (15)   28731.1
[100,10]   [20,60,15] (20)   28839.9
[100,10]   [20,60,15] (25)   28541.9
[100,10]   [20,60,15] (30)   28785.1
[100,10]   [20,60,20] (0)   28632.6
[100,10]   [20,60,20] (5)   28793.4
[100,10]   [20,60,20] (10)   28735.5
[100,10]   [20,60,20] (15)   29012
[100,10]   [20,60,20] (20)   28641.9
[100,10]   [20,60,20] (25)   29130
[100,10]   [20,60,20] (30)   28820.3
[100,10]   [30,10,5] (0)   15048.4
[100,10]   [30,10,5] (5)   7898.66
[100,10]   [30,10,5] (10)   61.4081
[100,10]   [30,10,5] (15)   60.4678
[100,10]   [30,10,5] (20)   64.9876
[100,10]   [30,10,5] (25)   72.871
[100,10]   [30,10,5] (30)   83.0137
[100,10]   [30,10,10] (0)   14794.7
[100,10]   [30,10,10] (5)   8012.78
[100,10]   [30,10,10] (10)   91.3991
[100,10]   [30,10,10] (15)   75.1256
[100,10]   [30,10,10] (20)   78.6978
[100,10]   [30,10,10] (25)   85.779
[100,10]   [30,10,10] (30)   94.07
[100,10]   [30,10,15] (0)   14846.7
[100,10]   [30,10,15] (5)   3565.96
[100,10]   [30,10,15] (10)   81.9686
[100,10]   [30,10,15] (15)   83.6972
[100,10]   [30,10,15] (20)   88.2791
[100,10]   [30,10,15] (25)   95.8227
[100,10]   [30,10,15] (30)   103.855
[100,10]   [30,10,20] (0)   14792.2
[100,10]   [30,10,20] (5)   3399.14
[100,10]   [30,10,20] (10)   91.0532
[100,10]   [30,10,20] (15)   92.5939
[100,10]   [30,10,20] (20)   100.875
[100,10]   [30,10,20] (25)   108.365
[100,10]   [30,10,20] (30)   116.056
[100,10]   [30,20,5] (0)   6430.08
[100,10]   [30,20,5] (5)   6406.5
[100,10]   [30,20,5] (10)   4107.04
[100,10]   [30,20,5] (15)   88.0683
[100,10]   [30,20,5] (20)   76.0033
[100,10]   [30,20,5] (25)   80.8278
[100,10]   [30,20,5] (30)   89.757
[100,10]   [30,20,10] (0)   6473.03
[100,10]   [30,20,10] (5)   6549
[100,10]   [30,20,10] (10)   4592.4
[100,10]   [30,20,10] (15)   98.0647
[100,10]   [30,20,10] (20)   92.2012
[100,10]   [30,20,10] (25)   97.5295
[100,10]   [30,20,10] (30)   105.659
[100,10]   [30,20,15] (0)   6518.36
[100,10]   [30,20,15] (5)   6503.69
[100,10]   [30,20,15] (10)   2720.21
[100,10]   [30,20,15] (15)   99.6769
[100,10]   [30,20,15] (20)   100.648
[100,10]   [30,20,15] (25)   107.373
[100,10]   [30,20,15] (30)   115.387
[100,10]   [30,20,20] (0)   6504.7
[100,10]   [30,20,20] (5)   6572.53
[100,10]   [30,20,20] (10)   2981.98
[100,10]   [30,20,20] (15)   110.223
[100,10]   [30,20,20] (20)   112.397
[100,10]   [30,20,20] (25)   119.083
[100,10]   [30,20,20] (30)   126.979
[100,10]   [30,30,5] (0)   138.817
[100,10]   [30,30,5] (5)   138.992
[100,10]   [30,30,5] (10)   139.103
[100,10]   [30,30,5] (15)   128.752
[100,10]   [30,30,5] (20)   107.404
[100,10]   [30,30,5] (25)   104.633
[100,10]   [30,30,5] (30)   112.57
[100,10]   [30,30,10] (0)   139.318
[100,10]   [30,30,10] (5)   139.095
[100,10]   [30,30,10] (10)   139.628
[100,10]   [30,30,10] (15)   130.43
[100,10]   [30,30,10] (20)   118.384
[100,10]   [30,30,10] (25)   121.134
[100,10]   [30,30,10] (30)   128.824
[100,10]   [30,30,15] (0)   136.855
[100,10]   [30,30,15] (5)   138.719
[100,10]   [30,30,15] (10)   139.081
[100,10]   [30,30,15] (15)   127.527
[100,10]   [30,30,15] (20)   121.392
[100,10]   [30,30,15] (25)   127.241
[100,10]   [30,30,15] (30)   135.04
[100,10]   [30,30,20] (0)   140.95
[100,10]   [30,30,20] (5)   143.135
[100,10]   [30,30,20] (10)   138.097
[100,10]   [30,30,20] (15)   131.211
[100,10]   [30,30,20] (20)   129.777
[100,10]   [30,30,20] (25)   136.226
[100,10]   [30,30,20] (30)   144.392
[100,10]   [30,40,5] (0)   3517.3
[100,10]   [30,40,5] (5)   3601.89
[100,10]   [30,40,5] (10)   3595.73
[100,10]   [30,40,5] (15)   3521.02
[100,10]   [30,40,5] (20)   3688.11
[100,10]   [30,40,5] (25)   3616.16
[100,10]   [30,40,5] (30)   3583.36
[100,10]   [30,40,10] (0)   3529.04
[100,10]   [30,40,10] (5)   3639.47
[100,10]   [30,40,10] (10)   3651.09
[100,10]   [30,40,10] (15)   3616.41
[100,10]   [30,40,10] (20)   3636.16
[100,10]   [30,40,10] (25)   3722.13
[100,10]   [30,40,10] (30)   3682.19
[100,10]   [30,40,15] (0)   3617.62
[100,10]   [30,40,15] (5)   3702.77
[100,10]   [30,40,15] (10)   3683.46
[100,10]   [30,40,15] (15)   3688.26
[100,10]   [30,40,15] (20)   3743.14
[100,10]   [30,40,15] (25)   3533.13
[100,10]   [30,40,15] (30)   3566.24
[100,10]   [30,40,20] (0)   3518.98
[100,10]   [30,40,20] (5)   3612.51
[100,10]   [30,40,20] (10)   3512.57
[100,10]   [30,40,20] (15)   3644.12
[100,10]   [30,40,20] (20)   3569.18
[100,10]   [30,40,20] (25)   3604.35
[100,10]   [30,40,20] (30)   3568.74
[100,10]   [30,50,5] (0)   10851.9
[100,10]   [30,50,5] (5)   10628.4
[100,10]   [30,50,5] (10)   10700.9
[100,10]   [30,50,5] (15)   10978.6
[100,10]   [30,50,5] (20)   10967.6
[100,10]   [30,50,5] (25)   10594.5
[100,10]   [30,50,5] (30)   10787.7
[100,10]   [30,50,10] (0)   10952.5
[100,10]   [30,50,10] (5)   10758.8
[100,10]   [30,50,10] (10)   10842.1
[100,10]   [30,50,10] (15)   10977.7
[100,10]   [30,50,10] (20)   10907
[100,10]   [30,50,10] (25)   10750.4
[100,10]   [30,50,10] (30)   10759.5
[100,10]   [30,50,15] (0)   10693.3
[100,10]   [30,50,15] (5)   10835.1
[100,10]   [30,50,15] (10)   10772.5
[100,10]   [30,50,15] (15)   10809.8
[100,10]   [30,50,15] (20)   10975.6
[100,10]   [30,50,15] (25)   10733.3
[100,10]   [30,50,15] (30)   10767.2
[100,10]   [30,50,20] (0)   10800.2
[100,10]   [30,50,20] (5)   10746.4
[100,10]   [30,50,20] (10)   10967.7
[100,10]   [30,50,20] (15)   10842.9
[100,10]   [30,50,20] (20)   10765.3
[100,10]   [30,50,20] (25)   10799.2
[100,10]   [30,50,20] (30)   10901.8
[100,10]   [30,60,5] (0)   18246.4
[100,10]   [30,60,5] (5)   18006.7
[100,10]   [30,60,5] (10)   18281.3
[100,10]   [30,60,5] (15)   17771.6
[100,10]   [30,60,5] (20)   18258.5
[100,10]   [30,60,5] (25)   18112.5
[100,10]   [30,60,5] (30)   17973.4
[100,10]   [30,60,10] (0)   17906.2
[100,10]   [30,60,10] (5)   17896.2
[100,10]   [30,60,10] (10)   17992.5
[100,10]   [30,60,10] (15)   18006.3
[100,10]   [30,60,10] (20)   18064.5
[100,10]   [30,60,10] (25)   17970.9
[100,10]   [30,60,10] (30)   18196
[100,10]   [30,60,15] (0)   18000.9
[100,10]   [30,60,15] (5)   18146
[100,10]   [30,60,15] (10)   17944.5
[100,10]   [30,60,15] (15)   17849.9
[100,10]   [30,60,15] (20)   18064.1
[100,10]   [30,60,15] (25)   18000.4
[100,10]   [30,60,15] (30)   18124
[100,10]   [30,60,20] (0)   18068.1
[100,10]   [30,60,20] (5)   17948.9
[100,10]   [30,60,20] (10)   17937.7
[100,10]   [30,60,20] (15)   18058.1
[100,10]   [30,60,20] (20)   18045.1
[100,10]   [30,60,20] (25)   17983.1
[100,10]   [30,60,20] (30)   17834.1
[100,10]   [40,10,5] (0)   21466.7
[100,10]   [40,10,5] (5)   12762.3
[100,10]   [40,10,5] (10)   114.842
[100,10]   [40,10,5] (15)   69.3494
[100,10]   [40,10,5] (20)   72.0096
[100,10]   [40,10,5] (25)   75.4027
[100,10]   [40,10,5] (30)   84.4029
[100,10]   [40,10,10] (0)   20923.2
[100,10]   [40,10,10] (5)   13366.9
[100,10]   [40,10,10] (10)   3802.5
[100,10]   [40,10,10] (15)   87.7356
[100,10]   [40,10,10] (20)   85.737
[100,10]   [40,10,10] (25)   88.8187
[100,10]   [40,10,10] (30)   94.65
[100,10]   [40,10,15] (0)   21830.9
[100,10]   [40,10,15] (5)   9172.13
[100,10]   [40,10,15] (10)   1236.17
[100,10]   [40,10,15] (15)   95.4417
[100,10]   [40,10,15] (20)   94.9104
[100,10]   [40,10,15] (25)   99.1497
[100,10]   [40,10,15] (30)   105.441
[100,10]   [40,10,20] (0)   21869.3
[100,10]   [40,10,20] (5)   8577.89
[100,10]   [40,10,20] (10)   110.296
[100,10]   [40,10,20] (15)   107.639
[100,10]   [40,10,20] (20)   109.609
[100,10]   [40,10,20] (25)   113.843
[100,10]   [40,10,20] (30)   120.012
[100,10]   [40,20,5] (0)   12369
[100,10]   [40,20,5] (5)   12285.7
[100,10]   [40,20,5] (10)   9894.75
[100,10]   [40,20,5] (15)   183.37
[100,10]   [40,20,5] (20)   86.1935
[100,10]   [40,20,5] (25)   83.4843
[100,10]   [40,20,5] (30)   86.7328
[100,10]   [40,20,10] (0)   12497.3
[100,10]   [40,20,10] (5)   12539.9
[100,10]   [40,20,10] (10)   10604.9
[100,10]   [40,20,10] (15)   1691.59
[100,10]   [40,20,10] (20)   102.197
[100,10]   [40,20,10] (25)   98.4074
[100,10]   [40,20,10] (30)   102.727
[100,10]   [40,20,15] (0)   12478.4
[100,10]   [40,20,15] (5)   12614
[100,10]   [40,20,15] (10)   8950.17
[100,10]   [40,20,15] (15)   122.972
[100,10]   [40,20,15] (20)   108.311
[100,10]   [40,20,15] (25)   108.505
[100,10]   [40,20,15] (30)   113.682
[100,10]   [40,20,20] (0)   12465.2
[100,10]   [40,20,20] (5)   12465.7
[100,10]   [40,20,20] (10)   9495.85
[100,10]   [40,20,20] (15)   123.651
[100,10]   [40,20,20] (20)   117.1
[100,10]   [40,20,20] (25)   121.331
[100,10]   [40,20,20] (30)   127.592
[100,10]   [40,30,5] (0)   5308.32
[100,10]   [40,30,5] (5)   5365.64
[100,10]   [40,30,5] (10)   5459.22
[100,10]   [40,30,5] (15)   4017.7
[100,10]   [40,30,5] (20)   128.82
[100,10]   [40,30,5] (25)   101.913
[100,10]   [40,30,5] (30)   99.4238
[100,10]   [40,30,10] (0)   5468.6
[100,10]   [40,30,10] (5)   5327.85
[100,10]   [40,30,10] (10)   5329.18
[100,10]   [40,30,10] (15)   4093.17
[100,10]   [40,30,10] (20)   137.252
[100,10]   [40,30,10] (25)   118.644
[100,10]   [40,30,10] (30)   119.679
[100,10]   [40,30,15] (0)   5597.67
[100,10]   [40,30,15] (5)   5370.1
[100,10]   [40,30,15] (10)   5338.86
[100,10]   [40,30,15] (15)   3220.51
[100,10]   [40,30,15] (20)   130.316
[100,10]   [40,30,15] (25)   125.038
[100,10]   [40,30,15] (30)   128.939
[100,10]   [40,30,20] (0)   5464.16
[100,10]   [40,30,20] (5)   5382.9
[100,10]   [40,30,20] (10)   5404.84
[100,10]   [40,30,20] (15)   3366.32
[100,10]   [40,30,20] (20)   139.182
[100,10]   [40,30,20] (25)   136.941
[100,10]   [40,30,20] (30)   141.928
[100,10]   [40,40,5] (0)   172.456
[100,10]   [40,40,5] (5)   173.397
[100,10]   [40,40,5] (10)   172.717
[100,10]   [40,40,5] (15)   176.704
[100,10]   [40,40,5] (20)   168.562
[100,10]   [40,40,5] (25)   147.952
[100,10]   [40,40,5] (30)   133.043
[100,10]   [40,40,10] (0)   172.041
[100,10]   [40,40,10] (5)   174.855
[100,10]   [40,40,10] (10)   172.028
[100,10]   [40,40,10] (15)   174.716
[100,10]   [40,40,10] (20)   169.227
[100,10]   [40,40,10] (25)   154.091
[100,10]   [40,40,10] (30)   150.035
[100,10]   [40,40,15] (0)   173.423
[100,10]   [40,40,15] (5)   174.541
[100,10]   [40,40,15] (10)   172.394
[100,10]   [40,40,15] (15)   173.448
[100,10]   [40,40,15] (20)   165.239
[100,10]   [40,40,15] (25)   152.877
[100,10]   [40,40,15] (30)   153.378
[100,10]   [40,40,20] (0)   170.844
[100,10]   [40,40,20] (5)   173.325
[100,10]   [40,40,20] (10)   174.246
[100,10]   [40,40,20] (15)   172.093
[100,10]   [40,40,20] (20)   169.159
[100,10]   [40,40,20] (25)   159.994
[100,10]   [40,40,20] (30)   163.269
[100,10]   [40,50,5] (0)   2067.98
[100,10]   [40,50,5] (5)   2280.07
[100,10]   [40,50,5] (10)   2343.99
[100,10]   [40,50,5] (15)   2271.12
[100,10]   [40,50,5] (20)   2135.88
[100,10]   [40,50,5] (25)   2189.8
[100,10]   [40,50,5] (30)   2288.43
[100,10]   [40,50,10] (0)   2216.76
[100,10]   [40,50,10] (5)   2140.51
[100,10]   [40,50,10] (10)   2264.32
[100,10]   [40,50,10] (15)   2155.07
[100,10]   [40,50,10] (20)   2305.71
[100,10]   [40,50,10] (25)   2221.9
[100,10]   [40,50,10] (30)   2406.61
[100,10]   [40,50,15] (0)   2149.72
[100,10]   [40,50,15] (5)   2140.31
[100,10]   [40,50,15] (10)   2224.84
[100,10]   [40,50,15] (15)   2166.21
[100,10]   [40,50,15] (20)   2207.19
[100,10]   [40,50,15] (25)   2241.24
[100,10]   [40,50,15] (30)   2237.07
[100,10]   [40,50,20] (0)   2231.63
[100,10]   [40,50,20] (5)   2267.14
[100,10]   [40,50,20] (10)   2252.92
[100,10]   [40,50,20] (15)   2310.76
[100,10]   [40,50,20] (20)   2260.56
[100,10]   [40,50,20] (25)   2293.78
[100,10]   [40,50,20] (30)   2191.76
[100,10]   [40,60,5] (0)   9351.24
[100,10]   [40,60,5] (5)   9654.24
[100,10]   [40,60,5] (10)   9522.6
[100,10]   [40,60,5] (15)   9363.64
[100,10]   [40,60,5] (20)   9328.81
[100,10]   [40,60,5] (25)   9586.76
[100,10]   [40,60,5] (30)   9418.01
[100,10]   [40,60,10] (0)   9465.44
[100,10]   [40,60,10] (5)   9407.46
[100,10]   [40,60,10] (10)   9567
[100,10]   [40,60,10] (15)   9401.95
[100,10]   [40,60,10] (20)   9503.77
[100,10]   [40,60,10] (25)   9402.8
[100,10]   [40,60,10] (30)   9555.73
[100,10]   [40,60,15] (0)   9567.63
[100,10]   [40,60,15] (5)   9508.82
[100,10]   [40,60,15] (10)   9609.43
[100,10]   [40,60,15] (15)   9613.41
[100,10]   [40,60,15] (20)   9291.16
[100,10]   [40,60,15] (25)   9505.64
[100,10]   [40,60,15] (30)   9422.3
[100,10]   [40,60,20] (0)   9436.01
[100,10]   [40,60,20] (5)   9664.53
[100,10]   [40,60,20] (10)   9385.91
[100,10]   [40,60,20] (15)   9666.36
[100,10]   [40,60,20] (20)   9517.66
[100,10]   [40,60,20] (25)   9426.27
[100,10]   [40,60,20] (30)   9551.79
[100,10]   [50,10,5] (0)   26639
[100,10]   [50,10,5] (5)   17353
[100,10]   [50,10,5] (10)   3252.1
[100,10]   [50,10,5] (15)   81.9738
[100,10]   [50,10,5] (20)   80.7341
[100,10]   [50,10,5] (25)   83.2445
[100,10]   [50,10,5] (30)   88.8488
[100,10]   [50,10,10] (0)   25927.4
[100,10]   [50,10,10] (5)   19567.2
[100,10]   [50,10,10] (10)   8646.51
[100,10]   [50,10,10] (15)   2053.8
[100,10]   [50,10,10] (20)   97.8213
[100,10]   [50,10,10] (25)   97.0952
[100,10]   [50,10,10] (30)   100.049
[100,10]   [50,10,15] (0)   26348
[100,10]   [50,10,15] (5)   14978.7
[100,10]   [50,10,15] (10)   6126.44
[100,10]   [50,10,15] (15)   218.182
[100,10]   [50,10,15] (20)   105.241
[100,10]   [50,10,15] (25)   107.483
[100,10]   [50,10,15] (30)   112.285
[100,10]   [50,10,20] (0)   25738.9
[100,10]   [50,10,20] (5)   14145.6
[100,10]   [50,10,20] (10)   4293.06
[100,10]   [50,10,20] (15)   2444.83
[100,10]   [50,10,20] (20)   120.566
[100,10]   [50,10,20] (25)   119.848
[100,10]   [50,10,20] (30)   124.563
[100,10]   [50,20,5] (0)   18393
[100,10]   [50,20,5] (5)   18923.2
[100,10]   [50,20,5] (10)   15356.6
[100,10]   [50,20,5] (15)   4398.76
[100,10]   [50,20,5] (20)   102.304
[100,10]   [50,20,5] (25)   90.0774
[100,10]   [50,20,5] (30)   94.566
[100,10]   [50,20,10] (0)   18540
[100,10]   [50,20,10] (5)   18619.1
[100,10]   [50,20,10] (10)   16357.8
[100,10]   [50,20,10] (15)   6893.15
[100,10]   [50,20,10] (20)   663.067
[100,10]   [50,20,10] (25)   109.628
[100,10]   [50,20,10] (30)   106.728
[100,10]   [50,20,15] (0)   18108.9
[100,10]   [50,20,15] (5)   18490.1
[100,10]   [50,20,15] (10)   14094.7
[100,10]   [50,20,15] (15)   3575.16
[100,10]   [50,20,15] (20)   142.892
[100,10]   [50,20,15] (25)   116.398
[100,10]   [50,20,15] (30)   118.143
[100,10]   [50,20,20] (0)   18065.1
[100,10]   [50,20,20] (5)   19016.9
[100,10]   [50,20,20] (10)   15793.2
[100,10]   [50,20,20] (15)   1649.44
[100,10]   [50,20,20] (20)   143.112
[100,10]   [50,20,20] (25)   130.895
[100,10]   [50,20,20] (30)   131.539
[100,10]   [50,30,5] (0)   11504.8
[100,10]   [50,30,5] (5)   11419.7
[100,10]   [50,30,5] (10)   11434.9
[100,10]   [50,30,5] (15)   9755.53
[100,10]   [50,30,5] (20)   1802.74
[100,10]   [50,30,5] (25)   114.497
[100,10]   [50,30,5] (30)   105.969
[100,10]   [50,30,10] (0)   11383.3
[100,10]   [50,30,10] (5)   11440.7
[100,10]   [50,30,10] (10)   11497.3
[100,10]   [50,30,10] (15)   10158.1
[100,10]   [50,30,10] (20)   3354.5
[100,10]   [50,30,10] (25)   137.2
[100,10]   [50,30,10] (30)   120.305
[100,10]   [50,30,15] (0)   11406
[100,10]   [50,30,15] (5)   11645.6
[100,10]   [50,30,15] (10)   11511
[100,10]   [50,30,15] (15)   8955.6
[100,10]   [50,30,15] (20)   610.763
[100,10]   [50,30,15] (25)   134.38
[100,10]   [50,30,15] (30)   127.904
[100,10]   [50,30,20] (0)   11483.1
[100,10]   [50,30,20] (5)   11461.9
[100,10]   [50,30,20] (10)   11471.5
[100,10]   [50,30,20] (15)   9331.06
[100,10]   [50,30,20] (20)   189.951
[100,10]   [50,30,20] (25)   142.496
[100,10]   [50,30,20] (30)   142.611
[100,10]   [50,40,5] (0)   5337.49
[100,10]   [50,40,5] (5)   5359.71
[100,10]   [50,40,5] (10)   5442.84
[100,10]   [50,40,5] (15)   5494.1
[100,10]   [50,40,5] (20)   4954.5
[100,10]   [50,40,5] (25)   683.718
[100,10]   [50,40,5] (30)   126.63
[100,10]   [50,40,10] (0)   5538.19
[100,10]   [50,40,10] (5)   5459.03
[100,10]   [50,40,10] (10)   5548.72
[100,10]   [50,40,10] (15)   5421.1
[100,10]   [50,40,10] (20)   5012.46
[100,10]   [50,40,10] (25)   1321.06
[100,10]   [50,40,10] (30)   149.609
[100,10]   [50,40,15] (0)   5360.32
[100,10]   [50,40,15] (5)   5459.38
[100,10]   [50,40,15] (10)   5546.06
[100,10]   [50,40,15] (15)   5502.31
[100,10]   [50,40,15] (20)   4479.21
[100,10]   [50,40,15] (25)   205.357
[100,10]   [50,40,15] (30)   149.602
[100,10]   [50,40,20] (0)   5453.64
[100,10]   [50,40,20] (5)   5452.84
[100,10]   [50,40,20] (10)   5489.77
[100,10]   [50,40,20] (15)   5487.59
[100,10]   [50,40,20] (20)   4672.37
[100,10]   [50,40,20] (25)   195.071
[100,10]   [50,40,20] (30)   159.555
[100,10]   [50,50,5] (0)   1054.81
[100,10]   [50,50,5] (5)   982.4
[100,10]   [50,50,5] (10)   1088.15
[100,10]   [50,50,5] (15)   1058.25
[100,10]   [50,50,5] (20)   1093.62
[100,10]   [50,50,5] (25)   852.047
[100,10]   [50,50,5] (30)   184.684
[100,10]   [50,50,10] (0)   1043.68
[100,10]   [50,50,10] (5)   1030.36
[100,10]   [50,50,10] (10)   983.447
[100,10]   [50,50,10] (15)   1040.06
[100,10]   [50,50,10] (20)   1082.32
[100,10]   [50,50,10] (25)   894.992
[100,10]   [50,50,10] (30)   190.223
[100,10]   [50,50,15] (0)   1035.46
[100,10]   [50,50,15] (5)   991.67
[100,10]   [50,50,15] (10)   1041.55
[100,10]   [50,50,15] (15)   1082.48
[100,10]   [50,50,15] (20)   1079.3
[100,10]   [50,50,15] (25)   692.629
[100,10]   [50,50,15] (30)   180.874
[100,10]   [50,50,20] (0)   1044.49
[100,10]   [50,50,20] (5)   1157
[100,10]   [50,50,20] (10)   1135.94
[100,10]   [50,50,20] (15)   1079.6
[100,10]   [50,50,20] (20)   1076.49
[100,10]   [50,50,20] (25)   623.788
[100,10]   [50,50,20] (30)   187.683
[100,10]   [50,60,5] (0)   499.354
[100,10]   [50,60,5] (5)   562.738
[100,10]   [50,60,5] (10)   523.607
[100,10]   [50,60,5] (15)   520.874
[100,10]   [50,60,5] (20)   529.727
[100,10]   [50,60,5] (25)   554.215
[100,10]   [50,60,5] (30)   593.165
[100,10]   [50,60,10] (0)   580.268
[100,10]   [50,60,10] (5)   576.715
[100,10]   [50,60,10] (10)   582.521
[100,10]   [50,60,10] (15)   580.441
[100,10]   [50,60,10] (20)   571.931
[100,10]   [50,60,10] (25)   533.146
[100,10]   [50,60,10] (30)   988.698
[100,10]   [50,60,15] (0)   690.056
[100,10]   [50,60,15] (5)   555.514
[100,10]   [50,60,15] (10)   621.814
[100,10]   [50,60,15] (15)   551.394
[100,10]   [50,60,15] (20)   625.917
[100,10]   [50,60,15] (25)   598.687
[100,10]   [50,60,15] (30)   557.464
[100,10]   [50,60,20] (0)   563.624
[100,10]   [50,60,20] (5)   572.148
[100,10]   [50,60,20] (10)   520.447
[100,10]   [50,60,20] (15)   627.01
[100,10]   [50,60,20] (20)   456.616
[100,10]   [50,60,20] (25)   571.901
[100,10]   [50,60,20] (30)   549.868
[100,10]   [60,10,5] (0)   30131.9
[100,10]   [60,10,5] (5)   21151.8
[100,10]   [60,10,5] (10)   6154.22
[100,10]   [60,10,5] (15)   105.461
[100,10]   [60,10,5] (20)   87.4546
[100,10]   [60,10,5] (25)   91.1553
[100,10]   [60,10,5] (30)   95.6481
[100,10]   [60,10,10] (0)   31452.7
[100,10]   [60,10,10] (5)   23979.4
[100,10]   [60,10,10] (10)   12370.7
[100,10]   [60,10,10] (15)   5439.37
[100,10]   [60,10,10] (20)   680.06
[100,10]   [60,10,10] (25)   108.31
[100,10]   [60,10,10] (30)   107.561
[100,10]   [60,10,15] (0)   31322.7
[100,10]   [60,10,15] (5)   18552.5
[100,10]   [60,10,15] (10)   9826.28
[100,10]   [60,10,15] (15)   3473.78
[100,10]   [60,10,15] (20)   127.269
[100,10]   [60,10,15] (25)   116.762
[100,10]   [60,10,15] (30)   115.743
[100,10]   [60,10,20] (0)   30926.6
[100,10]   [60,10,20] (5)   18691.2
[100,10]   [60,10,20] (10)   8393.89
[100,10]   [60,10,20] (15)   6610.47
[100,10]   [60,10,20] (20)   145.243
[100,10]   [60,10,20] (25)   128.25
[100,10]   [60,10,20] (30)   130.563
[100,10]   [60,20,5] (0)   22910.5
[100,10]   [60,20,5] (5)   23679
[100,10]   [60,20,5] (10)   20031.5
[100,10]   [60,20,5] (15)   7400.58
[100,10]   [60,20,5] (20)   130.181
[100,10]   [60,20,5] (25)   101.55
[100,10]   [60,20,5] (30)   102.014
[100,10]   [60,20,10] (0)   23521.7
[100,10]   [60,20,10] (5)   23185.9
[100,10]   [60,20,10] (10)   21121.7
[100,10]   [60,20,10] (15)   11007.1
[100,10]   [60,20,10] (20)   4055.44
[100,10]   [60,20,10] (25)   141.403
[100,10]   [60,20,10] (30)   116.517
[100,10]   [60,20,15] (0)   23047.6
[100,10]   [60,20,15] (5)   23753.6
[100,10]   [60,20,15] (10)   18639.2
[100,10]   [60,20,15] (15)   7481.01
[100,10]   [60,20,15] (20)   2237.44
[100,10]   [60,20,15] (25)   128.537
[100,10]   [60,20,15] (30)   122.656
[100,10]   [60,20,20] (0)   23220.8
[100,10]   [60,20,20] (5)   23207.3
[100,10]   [60,20,20] (10)   19882.7
[100,10]   [60,20,20] (15)   6015.67
[100,10]   [60,20,20] (20)   3391.97
[100,10]   [60,20,20] (25)   155.584
[100,10]   [60,20,20] (30)   137.712
[100,10]   [60,30,5] (0)   15834.1
[100,10]   [60,30,5] (5)   16376.4
[100,10]   [60,30,5] (10)   16441.7
[100,10]   [60,30,5] (15)   13870.2
[100,10]   [60,30,5] (20)   4961.06
[100,10]   [60,30,5] (25)   127.005
[100,10]   [60,30,5] (30)   115.015
[100,10]   [60,30,10] (0)   16410.5
[100,10]   [60,30,10] (5)   16180.3
[100,10]   [60,30,10] (10)   16686
[100,10]   [60,30,10] (15)   15056.6
[100,10]   [60,30,10] (20)   7350.2
[100,10]   [60,30,10] (25)   1416.22
[100,10]   [60,30,10] (30)   134.695
[100,10]   [60,30,15] (0)   16498.2
[100,10]   [60,30,15] (5)   16035.7
[100,10]   [60,30,15] (10)   16063
[100,10]   [60,30,15] (15)   13514.7
[100,10]   [60,30,15] (20)   4321.06
[100,10]   [60,30,15] (25)   187.568
[100,10]   [60,30,15] (30)   137.062
[100,10]   [60,30,20] (0)   16254.6
[100,10]   [60,30,20] (5)   16229.3
[100,10]   [60,30,20] (10)   16091.4
[100,10]   [60,30,20] (15)   13558.2
[100,10]   [60,30,20] (20)   2814.38
[100,10]   [60,30,20] (25)   186.313
[100,10]   [60,30,20] (30)   151.855
[100,10]   [60,40,5] (0)   10199.7
[100,10]   [60,40,5] (5)   10170.1
[100,10]   [60,40,5] (10)   10128.7
[100,10]   [60,40,5] (15)   10298.5
[100,10]   [60,40,5] (20)   9402.62
[100,10]   [60,40,5] (25)   3967.19
[100,10]   [60,40,5] (30)   163.488
[100,10]   [60,40,10] (0)   10235.2
[100,10]   [60,40,10] (5)   10357.7
[100,10]   [60,40,10] (10)   10142
[100,10]   [60,40,10] (15)   10205.6
[100,10]   [60,40,10] (20)   9831.92
[100,10]   [60,40,10] (25)   5239.77
[100,10]   [60,40,10] (30)   291.316
[100,10]   [60,40,15] (0)   10179.8
[100,10]   [60,40,15] (5)   10371.6
[100,10]   [60,40,15] (10)   10100.2
[100,10]   [60,40,15] (15)   10145.3
[100,10]   [60,40,15] (20)   8948.83
[100,10]   [60,40,15] (25)   2922.52
[100,10]   [60,40,15] (30)   169.158
[100,10]   [60,40,20] (0)   10270.7
[100,10]   [60,40,20] (5)   10115.6
[100,10]   [60,40,20] (10)   10112.4
[100,10]   [60,40,20] (15)   10061.3
[100,10]   [60,40,20] (20)   9417.22
[100,10]   [60,40,20] (25)   2697.96
[100,10]   [60,40,20] (30)   173.524
[100,10]   [60,50,5] (0)   6656.78
[100,10]   [60,50,5] (5)   6478.64
[100,10]   [60,50,5] (10)   6516.86
[100,10]   [60,50,5] (15)   6546.35
[100,10]   [60,50,5] (20)   6466.28
[100,10]   [60,50,5] (25)   5360.57
[100,10]   [60,50,5] (30)   2378.41
[100,10]   [60,50,10] (0)   6556.12
[100,10]   [60,50,10] (5)   6468.84
[100,10]   [60,50,10] (10)   6470.07
[100,10]   [60,50,10] (15)   6553.92
[100,10]   [60,50,10] (20)   6411.77
[100,10]   [60,50,10] (25)   5751.82
[100,10]   [60,50,10] (30)   2888.04
[100,10]   [60,50,15] (0)   6457.62
[100,10]   [60,50,15] (5)   6421.72
[100,10]   [60,50,15] (10)   6521.78
[100,10]   [60,50,15] (15)   6568.81
[100,10]   [60,50,15] (20)   6515.24
[100,10]   [60,50,15] (25)   5604.97
[100,10]   [60,50,15] (30)   1444.78
[100,10]   [60,50,20] (0)   6596.33
[100,10]   [60,50,20] (5)   6523.78
[100,10]   [60,50,20] (10)   6422.31
[100,10]   [60,50,20] (15)   6612.77
[100,10]   [60,50,20] (20)   6543.94
[100,10]   [60,50,20] (25)   5577.07
[100,10]   [60,50,20] (30)   1191.88
[100,10]   [60,60,5] (0)   1038.5
[100,10]   [60,60,5] (5)   1087.63
[100,10]   [60,60,5] (10)   1028.83
[100,10]   [60,60,5] (15)   1041.89
[100,10]   [60,60,5] (20)   1021.92
[100,10]   [60,60,5] (25)   1179.32
[100,10]   [60,60,5] (30)   1011.94
[100,10]   [60,60,10] (0)   1135.04
[100,10]   [60,60,10] (5)   971.287
[100,10]   [60,60,10] (10)   1093.36
[100,10]   [60,60,10] (15)   1097.95
[100,10]   [60,60,10] (20)   1112.27
[100,10]   [60,60,10] (25)   1045.54
[100,10]   [60,60,10] (30)   1054.09
[100,10]   [60,60,15] (0)   1134.38
[100,10]   [60,60,15] (5)   1128.7
[100,10]   [60,60,15] (10)   1050.7
[100,10]   [60,60,15] (15)   1139.53
[100,10]   [60,60,15] (20)   1022.77
[100,10]   [60,60,15] (25)   1106.05
[100,10]   [60,60,15] (30)   827.521
[100,10]   [60,60,20] (0)   1122.08
[100,10]   [60,60,20] (5)   1186.7
[100,10]   [60,60,20] (10)   1116.11
[100,10]   [60,60,20] (15)   1136.34
[100,10]   [60,60,20] (20)   1104.21
[100,10]   [60,60,20] (25)   1014.59
[100,10]   [60,60,20] (30)   921.29
