[20,30]   [10,10,5] (0)   2701.62
[20,30]   [10,10,5] (5)   255.903
[20,30]   [10,10,5] (10)   71.4399
[20,30]   [10,10,5] (15)   78.9285
[20,30]   [10,10,5] (20)   90.0351
[20,30]   [10,10,5] (25)   99.4077
[20,30]   [10,10,5] (30)   112.4
[20,30]   [10,10,10] (0)   2764.37
[20,30]   [10,10,10] (5)   2722.15
[20,30]   [10,10,10] (10)   2769.59
[20,30]   [10,10,10] (15)   2710.78
[20,30]   [10,10,10] (20)   2834.47
[20,30]   [10,10,10] (25)   2725.03
[20,30]   [10,10,10] (30)   2769.9
[20,30]   [10,10,15] (0)   2698.65
[20,30]   [10,10,15] (5)   1100.59
[20,30]   [10,10,15] (10)   1061.06
[20,30]   [10,10,15] (15)   1120.28
[20,30]   [10,10,15] (20)   1000.9
[20,30]   [10,10,15] (25)   989.825
[20,30]   [10,10,15] (30)   1088.66
[20,30]   [10,10,20] (0)   2661.8
[20,30]   [10,10,20] (5)   2882.85
[20,30]   [10,10,20] (10)   2895.3
[20,30]   [10,10,20] (15)   2899.88
[20,30]   [10,10,20] (20)   2854.77
[20,30]   [10,10,20] (25)   2823.71
[20,30]   [10,10,20] (30)   2872.05
[20,30]   [10,20,5] (0)   10419.3
[20,30]   [10,20,5] (5)   10439.4
[20,30]   [10,20,5] (10)   10394
[20,30]   [10,20,5] (15)   10444.2
[20,30]   [10,20,5] (20)   10395.3
[20,30]   [10,20,5] (25)   9138.53
[20,30]   [10,20,5] (30)   6438.19
[20,30]   [10,20,10] (0)   10350.3
[20,30]   [10,20,10] (5)   10337.7
[20,30]   [10,20,10] (10)   10219.1
[20,30]   [10,20,10] (15)   10343.3
[20,30]   [10,20,10] (20)   10435.5
[20,30]   [10,20,10] (25)   10414.7
[20,30]   [10,20,10] (30)   10411.4
[20,30]   [10,20,15] (0)   10453.8
[20,30]   [10,20,15] (5)   10529.6
[20,30]   [10,20,15] (10)   10467.2
[20,30]   [10,20,15] (15)   10401.1
[20,30]   [10,20,15] (20)   10371
[20,30]   [10,20,15] (25)   6993.15
[20,30]   [10,20,15] (30)   3657.8
[20,30]   [10,20,20] (0)   10393.7
[20,30]   [10,20,20] (5)   10478.5
[20,30]   [10,20,20] (10)   10306.1
[20,30]   [10,20,20] (15)   10416.2
[20,30]   [10,20,20] (20)   10437.4
[20,30]   [10,20,20] (25)   10387.7
[20,30]   [10,20,20] (30)   10481.6
[20,30]   [10,30,5] (0)   18818.2
[20,30]   [10,30,5] (5)   18745
[20,30]   [10,30,5] (10)   18973.2
[20,30]   [10,30,5] (15)   18768.9
[20,30]   [10,30,5] (20)   18981.7
[20,30]   [10,30,5] (25)   18807.8
[20,30]   [10,30,5] (30)   17290.3
[20,30]   [10,30,10] (0)   18730.4
[20,30]   [10,30,10] (5)   18860.9
[20,30]   [10,30,10] (10)   18917.3
[20,30]   [10,30,10] (15)   18824.2
[20,30]   [10,30,10] (20)   18858
[20,30]   [10,30,10] (25)   18762.9
[20,30]   [10,30,10] (30)   18785
[20,30]   [10,30,15] (0)   18678.2
[20,30]   [10,30,15] (5)   18923.3
[20,30]   [10,30,15] (10)   18754.9
[20,30]   [10,30,15] (15)   18833.5
[20,30]   [10,30,15] (20)   18851.6
[20,30]   [10,30,15] (25)   18748.7
[20,30]   [10,30,15] (30)   17310
[20,30]   [10,30,20] (0)   18834
[20,30]   [10,30,20] (5)   18934
[20,30]   [10,30,20] (10)   18833.3
[20,30]   [10,30,20] (15)   18800
[20,30]   [10,30,20] (20)   18650
[20,30]   [10,30,20] (25)   18784.8
[20,30]   [10,30,20] (30)   18742.1
[20,30]   [10,40,5] (0)   26161.7
[20,30]   [10,40,5] (5)   26099.6
[20,30]   [10,40,5] (10)   26306.8
[20,30]   [10,40,5] (15)   26211.5
[20,30]   [10,40,5] (20)   26254.2
[20,30]   [10,40,5] (25)   26321
[20,30]   [10,40,5] (30)   26134.8
[20,30]   [10,40,10] (0)   26064.8
[20,30]   [10,40,10] (5)   26376.7
[20,30]   [10,40,10] (10)   26323
[20,30]   [10,40,10] (15)   26330.7
[20,30]   [10,40,10] (20)   26112.2
[20,30]   [10,40,10] (25)   26287.7
[20,30]   [10,40,10] (30)   26162.1
[20,30]   [10,40,15] (0)   26291.8
[20,30]   [10,40,15] (5)   26196.6
[20,30]   [10,40,15] (10)   26271.2
[20,30]   [10,40,15] (15)   26045.1
[20,30]   [10,40,15] (20)   25997.9
[20,30]   [10,40,15] (25)   26334.4
[20,30]   [10,40,15] (30)   25352.7
[20,30]   [10,40,20] (0)   26221.5
[20,30]   [10,40,20] (5)   26231.7
[20,30]   [10,40,20] (10)   26197.7
[20,30]   [10,40,20] (15)   26114.8
[20,30]   [10,40,20] (20)   26257.2
[20,30]   [10,40,20] (25)   26315.5
[20,30]   [10,40,20] (30)   26122.5
[20,30]   [10,50,5] (0)   29800.8
[20,30]   [10,50,5] (5)   29850.8
[20,30]   [10,50,5] (10)   29865.2
[20,30]   [10,50,5] (15)   30009.8
[20,30]   [10,50,5] (20)   29695.8
[20,30]   [10,50,5] (25)   29605.4
[20,30]   [10,50,5] (30)   29836.1
[20,30]   [10,50,10] (0)   29912.5
[20,30]   [10,50,10] (5)   29712.7
[20,30]   [10,50,10] (10)   29788.8
[20,30]   [10,50,10] (15)   29923.5
[20,30]   [10,50,10] (20)   29948.4
[20,30]   [10,50,10] (25)   29835.8
[20,30]   [10,50,10] (30)   29682.8
[20,30]   [10,50,15] (0)   29684.2
[20,30]   [10,50,15] (5)   29923.5
[20,30]   [10,50,15] (10)   29701
[20,30]   [10,50,15] (15)   29768.6
[20,30]   [10,50,15] (20)   29740.2
[20,30]   [10,50,15] (25)   29837.2
[20,30]   [10,50,15] (30)   29751.8
[20,30]   [10,50,20] (0)   29908.6
[20,30]   [10,50,20] (5)   29800.2
[20,30]   [10,50,20] (10)   29722.7
[20,30]   [10,50,20] (15)   29856
[20,30]   [10,50,20] (20)   29701.3
[20,30]   [10,50,20] (25)   29860
[20,30]   [10,50,20] (30)   29771.9
[20,30]   [10,60,5] (0)   33459.1
[20,30]   [10,60,5] (5)   33629.4
[20,30]   [10,60,5] (10)   33631
[20,30]   [10,60,5] (15)   33423
[20,30]   [10,60,5] (20)   33428.3
[20,30]   [10,60,5] (25)   33754.7
[20,30]   [10,60,5] (30)   33713
[20,30]   [10,60,10] (0)   33577
[20,30]   [10,60,10] (5)   33595.2
[20,30]   [10,60,10] (10)   33573
[20,30]   [10,60,10] (15)   33482.3
[20,30]   [10,60,10] (20)   33699.9
[20,30]   [10,60,10] (25)   33488
[20,30]   [10,60,10] (30)   33561.1
[20,30]   [10,60,15] (0)   33528.9
[20,30]   [10,60,15] (5)   33542.7
[20,30]   [10,60,15] (10)   33648.1
[20,30]   [10,60,15] (15)   33776.5
[20,30]   [10,60,15] (20)   33641
[20,30]   [10,60,15] (25)   33840.8
[20,30]   [10,60,15] (30)   33622.2
[20,30]   [10,60,20] (0)   33418.8
[20,30]   [10,60,20] (5)   33788
[20,30]   [10,60,20] (10)   33414
[20,30]   [10,60,20] (15)   33607.8
[20,30]   [10,60,20] (20)   33480.1
[20,30]   [10,60,20] (25)   33553.4
[20,30]   [10,60,20] (30)   33456.5
[20,30]   [20,10,5] (0)   9587.37
[20,30]   [20,10,5] (5)   918.556
[20,30]   [20,10,5] (10)   66.1907
[20,30]   [20,10,5] (15)   68.6897
[20,30]   [20,10,5] (20)   77.8003
[20,30]   [20,10,5] (25)   87.9
[20,30]   [20,10,5] (30)   97.9289
[20,30]   [20,10,10] (0)   9497.63
[20,30]   [20,10,10] (5)   3379.29
[20,30]   [20,10,10] (10)   3122.77
[20,30]   [20,10,10] (15)   3106.07
[20,30]   [20,10,10] (20)   3090.81
[20,30]   [20,10,10] (25)   3051.64
[20,30]   [20,10,10] (30)   3036.78
[20,30]   [20,10,15] (0)   9318.35
[20,30]   [20,10,15] (5)   1333.84
[20,30]   [20,10,15] (10)   818.554
[20,30]   [20,10,15] (15)   749.701
[20,30]   [20,10,15] (20)   730.637
[20,30]   [20,10,15] (25)   776.286
[20,30]   [20,10,15] (30)   778.343
[20,30]   [20,10,20] (0)   9437.38
[20,30]   [20,10,20] (5)   3458.62
[20,30]   [20,10,20] (10)   3235.74
[20,30]   [20,10,20] (15)   3253.37
[20,30]   [20,10,20] (20)   3123.33
[20,30]   [20,10,20] (25)   3245
[20,30]   [20,10,20] (30)   3154.38
[20,30]   [20,20,5] (0)   3920.02
[20,30]   [20,20,5] (5)   3792.05
[20,30]   [20,20,5] (10)   1662.06
[20,30]   [20,20,5] (15)   214.37
[20,30]   [20,20,5] (20)   155.147
[20,30]   [20,20,5] (25)   145.781
[20,30]   [20,20,5] (30)   197.402
[20,30]   [20,20,10] (0)   3896.64
[20,30]   [20,20,10] (5)   3813.41
[20,30]   [20,20,10] (10)   3741.74
[20,30]   [20,20,10] (15)   3555.68
[20,30]   [20,20,10] (20)   3572.14
[20,30]   [20,20,10] (25)   3446.88
[20,30]   [20,20,10] (30)   3491.72
[20,30]   [20,20,15] (0)   3808.44
[20,30]   [20,20,15] (5)   3828.6
[20,30]   [20,20,15] (10)   1981.43
[20,30]   [20,20,15] (15)   1500.97
[20,30]   [20,20,15] (20)   1363.31
[20,30]   [20,20,15] (25)   1426.98
[20,30]   [20,20,15] (30)   1422.2
[20,30]   [20,20,20] (0)   3810.13
[20,30]   [20,20,20] (5)   3772.01
[20,30]   [20,20,20] (10)   3970.8
[20,30]   [20,20,20] (15)   3806.76
[20,30]   [20,20,20] (20)   3860.85
[20,30]   [20,20,20] (25)   3924.5
[20,30]   [20,20,20] (30)   3791.4
[20,30]   [20,30,5] (0)   14982.1
[20,30]   [20,30,5] (5)   14815.1
[20,30]   [20,30,5] (10)   14407.3
[20,30]   [20,30,5] (15)   14733.3
[20,30]   [20,30,5] (20)   14749.5
[20,30]   [20,30,5] (25)   13420.7
[20,30]   [20,30,5] (30)   10022.9
[20,30]   [20,30,10] (0)   14621.4
[20,30]   [20,30,10] (5)   14884
[20,30]   [20,30,10] (10)   14809.2
[20,30]   [20,30,10] (15)   14713.9
[20,30]   [20,30,10] (20)   14633.4
[20,30]   [20,30,10] (25)   13913
[20,30]   [20,30,10] (30)   13090.2
[20,30]   [20,30,15] (0)   14706.3
[20,30]   [20,30,15] (5)   14753.3
[20,30]   [20,30,15] (10)   14804.5
[20,30]   [20,30,15] (15)   14828.9
[20,30]   [20,30,15] (20)   14716.5
[20,30]   [20,30,15] (25)   13319.7
[20,30]   [20,30,15] (30)   8578.94
[20,30]   [20,30,20] (0)   14697
[20,30]   [20,30,20] (5)   14764.1
[20,30]   [20,30,20] (10)   14719.9
[20,30]   [20,30,20] (15)   14674.5
[20,30]   [20,30,20] (20)   14557.1
[20,30]   [20,30,20] (25)   14922.8
[20,30]   [20,30,20] (30)   11982.2
[20,30]   [20,40,5] (0)   15018.7
[20,30]   [20,40,5] (5)   14869.3
[20,30]   [20,40,5] (10)   15204.3
[20,30]   [20,40,5] (15)   15194.1
[20,30]   [20,40,5] (20)   14848.6
[20,30]   [20,40,5] (25)   15147.5
[20,30]   [20,40,5] (30)   14964.3
[20,30]   [20,40,10] (0)   14978.6
[20,30]   [20,40,10] (5)   15176.2
[20,30]   [20,40,10] (10)   15123.6
[20,30]   [20,40,10] (15)   15021
[20,30]   [20,40,10] (20)   15387.2
[20,30]   [20,40,10] (25)   15041.7
[20,30]   [20,40,10] (30)   15101.9
[20,30]   [20,40,15] (0)   15274.5
[20,30]   [20,40,15] (5)   15058.7
[20,30]   [20,40,15] (10)   15053.2
[20,30]   [20,40,15] (15)   14994.6
[20,30]   [20,40,15] (20)   15099.4
[20,30]   [20,40,15] (25)   15020.1
[20,30]   [20,40,15] (30)   15152.4
[20,30]   [20,40,20] (0)   14984.1
[20,30]   [20,40,20] (5)   14918.2
[20,30]   [20,40,20] (10)   14950.5
[20,30]   [20,40,20] (15)   15115.2
[20,30]   [20,40,20] (20)   15036.1
[20,30]   [20,40,20] (25)   15221
[20,30]   [20,40,20] (30)   15146.5
[20,30]   [20,50,5] (0)   20364.8
[20,30]   [20,50,5] (5)   20382.1
[20,30]   [20,50,5] (10)   20332.5
[20,30]   [20,50,5] (15)   20228.8
[20,30]   [20,50,5] (20)   20425.7
[20,30]   [20,50,5] (25)   20199.9
[20,30]   [20,50,5] (30)   20360.6
[20,30]   [20,50,10] (0)   20283.1
[20,30]   [20,50,10] (5)   20341.8
[20,30]   [20,50,10] (10)   20325.6
[20,30]   [20,50,10] (15)   20398.4
[20,30]   [20,50,10] (20)   20444.4
[20,30]   [20,50,10] (25)   20463.6
[20,30]   [20,50,10] (30)   20355.5
[20,30]   [20,50,15] (0)   20265.7
[20,30]   [20,50,15] (5)   20326.3
[20,30]   [20,50,15] (10)   20483.8
[20,30]   [20,50,15] (15)   20280.4
[20,30]   [20,50,15] (20)   20401.4
[20,30]   [20,50,15] (25)   20385.5
[20,30]   [20,50,15] (30)   20332.6
[20,30]   [20,50,20] (0)   20213.8
[20,30]   [20,50,20] (5)   20325.4
[20,30]   [20,50,20] (10)   20224.9
[20,30]   [20,50,20] (15)   20368.7
[20,30]   [20,50,20] (20)   20399.9
[20,30]   [20,50,20] (25)   20584.7
[20,30]   [20,50,20] (30)   20345.2
[20,30]   [20,60,5] (0)   24687.6
[20,30]   [20,60,5] (5)   24681.9
[20,30]   [20,60,5] (10)   24600.2
[20,30]   [20,60,5] (15)   24703.4
[20,30]   [20,60,5] (20)   24620.7
[20,30]   [20,60,5] (25)   24556.7
[20,30]   [20,60,5] (30)   24425.1
[20,30]   [20,60,10] (0)   24771.4
[20,30]   [20,60,10] (5)   24695.2
[20,30]   [20,60,10] (10)   24669.7
[20,30]   [20,60,10] (15)   24692.7
[20,30]   [20,60,10] (20)   24719.5
[20,30]   [20,60,10] (25)   24579.3
[20,30]   [20,60,10] (30)   24826.2
[20,30]   [20,60,15] (0)   24789.6
[20,30]   [20,60,15] (5)   24775.1
[20,30]   [20,60,15] (10)   24669.1
[20,30]   [20,60,15] (15)   24721.4
[20,30]   [20,60,15] (20)   24975.4
[20,30]   [20,60,15] (25)   24496.4
[20,30]   [20,60,15] (30)   24606.3
[20,30]   [20,60,20] (0)   24721.5
[20,30]   [20,60,20] (5)   24718.7
[20,30]   [20,60,20] (10)   24754.9
[20,30]   [20,60,20] (15)   24885
[20,30]   [20,60,20] (20)   24546.8
[20,30]   [20,60,20] (25)   24754
[20,30]   [20,60,20] (30)   24453.2
[20,30]   [30,10,5] (0)   16418.8
[20,30]   [30,10,5] (5)   6098.59
[20,30]   [30,10,5] (10)   92.3345
[20,30]   [30,10,5] (15)   72.311
[20,30]   [30,10,5] (20)   75.403
[20,30]   [30,10,5] (25)   82.9522
[20,30]   [30,10,5] (30)   93.4225
[20,30]   [30,10,10] (0)   16553.7
[20,30]   [30,10,10] (5)   8886.28
[20,30]   [30,10,10] (10)   3506.93
[20,30]   [30,10,10] (15)   3365.72
[20,30]   [30,10,10] (20)   3279.18
[20,30]   [30,10,10] (25)   3278.1
[20,30]   [30,10,10] (30)   3269.9
[20,30]   [30,10,15] (0)   16511.6
[20,30]   [30,10,15] (5)   3010.67
[20,30]   [30,10,15] (10)   1611.38
[20,30]   [30,10,15] (15)   1089.68
[20,30]   [30,10,15] (20)   1066.64
[20,30]   [30,10,15] (25)   1292.82
[20,30]   [30,10,15] (30)   1153.24
[20,30]   [30,10,20] (0)   16479.6
[20,30]   [30,10,20] (5)   4073.89
[20,30]   [30,10,20] (10)   3806.91
[20,30]   [30,10,20] (15)   3851.93
[20,30]   [30,10,20] (20)   3910.05
[20,30]   [30,10,20] (25)   3884.84
[20,30]   [30,10,20] (30)   3780.85
[20,30]   [30,20,5] (0)   7363.41
[20,30]   [30,20,5] (5)   7326.21
[20,30]   [30,20,5] (10)   4084.7
[20,30]   [30,20,5] (15)   374.986
[20,30]   [30,20,5] (20)   89.6525
[20,30]   [30,20,5] (25)   92.9408
[20,30]   [30,20,5] (30)   102.472
[20,30]   [30,20,10] (0)   7389.63
[20,30]   [30,20,10] (5)   7425.05
[20,30]   [30,20,10] (10)   5603.28
[20,30]   [30,20,10] (15)   3900.93
[20,30]   [30,20,10] (20)   3615.96
[20,30]   [30,20,10] (25)   3725.43
[20,30]   [30,20,10] (30)   3618.66
[20,30]   [30,20,15] (0)   7369.25
[20,30]   [30,20,15] (5)   7518.42
[20,30]   [30,20,15] (10)   2982.51
[20,30]   [30,20,15] (15)   1914.06
[20,30]   [30,20,15] (20)   1523.61
[20,30]   [30,20,15] (25)   1500.31
[20,30]   [30,20,15] (30)   1512.64
[20,30]   [30,20,20] (0)   7402.92
[20,30]   [30,20,20] (5)   7482.88
[20,30]   [30,20,20] (10)   4660.91
[20,30]   [30,20,20] (15)   4256.46
[20,30]   [30,20,20] (20)   4270.96
[20,30]   [30,20,20] (25)   4175.53
[20,30]   [30,20,20] (30)   4234.25
[20,30]   [30,30,5] (0)   4485.65
[20,30]   [30,30,5] (5)   4576.94
[20,30]   [30,30,5] (10)   4402.35
[20,30]   [30,30,5] (15)   3231.15
[20,30]   [30,30,5] (20)   1530.31
[20,30]   [30,30,5] (25)   936.491
[20,30]   [30,30,5] (30)   645.801
[20,30]   [30,30,10] (0)   4504.78
[20,30]   [30,30,10] (5)   4555.7
[20,30]   [30,30,10] (10)   4548.99
[20,30]   [30,30,10] (15)   4407.07
[20,30]   [30,30,10] (20)   4239.05
[20,30]   [30,30,10] (25)   4298.43
[20,30]   [30,30,10] (30)   4334.15
[20,30]   [30,30,15] (0)   4439.7
[20,30]   [30,30,15] (5)   4582.69
[20,30]   [30,30,15] (10)   4513.93
[20,30]   [30,30,15] (15)   3453.06
[20,30]   [30,30,15] (20)   2752.32
[20,30]   [30,30,15] (25)   2815.57
[20,30]   [30,30,15] (30)   2572.27
[20,30]   [30,30,20] (0)   4454.16
[20,30]   [30,30,20] (5)   4427.64
[20,30]   [30,30,20] (10)   4484.81
[20,30]   [30,30,20] (15)   4515.05
[20,30]   [30,30,20] (20)   4427.15
[20,30]   [30,30,20] (25)   4443.51
[20,30]   [30,30,20] (30)   4529.33
[20,30]   [30,40,5] (0)   7031.57
[20,30]   [30,40,5] (5)   7300.1
[20,30]   [30,40,5] (10)   7087.72
[20,30]   [30,40,5] (15)   7115.05
[20,30]   [30,40,5] (20)   7319.37
[20,30]   [30,40,5] (25)   7152.4
[20,30]   [30,40,5] (30)   7026.22
[20,30]   [30,40,10] (0)   7167.29
[20,30]   [30,40,10] (5)   6949.54
[20,30]   [30,40,10] (10)   7239.81
[20,30]   [30,40,10] (15)   7076
[20,30]   [30,40,10] (20)   7114.64
[20,30]   [30,40,10] (25)   7050.92
[20,30]   [30,40,10] (30)   7180.05
[20,30]   [30,40,15] (0)   7119.52
[20,30]   [30,40,15] (5)   7173.16
[20,30]   [30,40,15] (10)   7111.54
[20,30]   [30,40,15] (15)   7059.86
[20,30]   [30,40,15] (20)   7160.91
[20,30]   [30,40,15] (25)   7205.79
[20,30]   [30,40,15] (30)   7306.23
[20,30]   [30,40,20] (0)   7363.91
[20,30]   [30,40,20] (5)   7142.5
[20,30]   [30,40,20] (10)   7272.93
[20,30]   [30,40,20] (15)   7126.48
[20,30]   [30,40,20] (20)   7007.07
[20,30]   [30,40,20] (25)   7131.39
[20,30]   [30,40,20] (30)   7069.93
[20,30]   [30,50,5] (0)   12580.8
[20,30]   [30,50,5] (5)   12476.5
[20,30]   [30,50,5] (10)   12501.2
[20,30]   [30,50,5] (15)   12599.4
[20,30]   [30,50,5] (20)   12656.2
[20,30]   [30,50,5] (25)   12463.7
[20,30]   [30,50,5] (30)   12539.3
[20,30]   [30,50,10] (0)   12469.6
[20,30]   [30,50,10] (5)   12581.4
[20,30]   [30,50,10] (10)   12764.5
[20,30]   [30,50,10] (15)   12725
[20,30]   [30,50,10] (20)   12428.8
[20,30]   [30,50,10] (25)   12616.6
[20,30]   [30,50,10] (30)   12584.9
[20,30]   [30,50,15] (0)   12586.8
[20,30]   [30,50,15] (5)   12593.5
[20,30]   [30,50,15] (10)   12665.6
[20,30]   [30,50,15] (15)   12450.5
[20,30]   [30,50,15] (20)   12542.2
[20,30]   [30,50,15] (25)   12661.1
[20,30]   [30,50,15] (30)   12656.8
[20,30]   [30,50,20] (0)   12752
[20,30]   [30,50,20] (5)   12631.6
[20,30]   [30,50,20] (10)   12688.9
[20,30]   [30,50,20] (15)   12554.5
[20,30]   [30,50,20] (20)   12702.3
[20,30]   [30,50,20] (25)   12423.3
[20,30]   [30,50,20] (30)   12561.9
[20,30]   [30,60,5] (0)   17064
[20,30]   [30,60,5] (5)   17104.8
[20,30]   [30,60,5] (10)   17222.4
[20,30]   [30,60,5] (15)   16965.9
[20,30]   [30,60,5] (20)   17072.9
[20,30]   [30,60,5] (25)   17210.2
[20,30]   [30,60,5] (30)   17227.8
[20,30]   [30,60,10] (0)   17358.5
[20,30]   [30,60,10] (5)   17020.6
[20,30]   [30,60,10] (10)   17164.7
[20,30]   [30,60,10] (15)   17143.8
[20,30]   [30,60,10] (20)   17252
[20,30]   [30,60,10] (25)   17219.5
[20,30]   [30,60,10] (30)   16992
[20,30]   [30,60,15] (0)   17295
[20,30]   [30,60,15] (5)   17189.5
[20,30]   [30,60,15] (10)   17343
[20,30]   [30,60,15] (15)   17206.3
[20,30]   [30,60,15] (20)   17292
[20,30]   [30,60,15] (25)   17186.6
[20,30]   [30,60,15] (30)   17387.5
[20,30]   [30,60,20] (0)   17156.7
[20,30]   [30,60,20] (5)   17209.2
[20,30]   [30,60,20] (10)   17065.6
[20,30]   [30,60,20] (15)   17135.9
[20,30]   [30,60,20] (20)   17226.9
[20,30]   [30,60,20] (25)   16974.7
[20,30]   [30,60,20] (30)   17112.9
[20,30]   [40,10,5] (0)   22797.9
[20,30]   [40,10,5] (5)   12253.8
[20,30]   [40,10,5] (10)   191.281
[20,30]   [40,10,5] (15)   79.4273
[20,30]   [40,10,5] (20)   79.2396
[20,30]   [40,10,5] (25)   82.3472
[20,30]   [40,10,5] (30)   88.6029
[20,30]   [40,10,10] (0)   22752.1
[20,30]   [40,10,10] (5)   14684.5
[20,30]   [40,10,10] (10)   4355.84
[20,30]   [40,10,10] (15)   3560.09
[20,30]   [40,10,10] (20)   3467.36
[20,30]   [40,10,10] (25)   3397.82
[20,30]   [40,10,10] (30)   3310.94
[20,30]   [40,10,15] (0)   23302.5
[20,30]   [40,10,15] (5)   9399.12
[20,30]   [40,10,15] (10)   1966.67
[20,30]   [40,10,15] (15)   1606.21
[20,30]   [40,10,15] (20)   1702.84
[20,30]   [40,10,15] (25)   1512.81
[20,30]   [40,10,15] (30)   1271.8
[20,30]   [40,10,20] (0)   23377.3
[20,30]   [40,10,20] (5)   9519.75
[20,30]   [40,10,20] (10)   4112.8
[20,30]   [40,10,20] (15)   4131.54
[20,30]   [40,10,20] (20)   4182.95
[20,30]   [40,10,20] (25)   4028.7
[20,30]   [40,10,20] (30)   4160.02
[20,30]   [40,20,5] (0)   12881.2
[20,30]   [40,20,5] (5)   12580.7
[20,30]   [40,20,5] (10)   7948.83
[20,30]   [40,20,5] (15)   712.29
[20,30]   [40,20,5] (20)   102.987
[20,30]   [40,20,5] (25)   92.2436
[20,30]   [40,20,5] (30)   94.2897
[20,30]   [40,20,10] (0)   12829.3
[20,30]   [40,20,10] (5)   12553.5
[20,30]   [40,20,10] (10)   10004.1
[20,30]   [40,20,10] (15)   4093.27
[20,30]   [40,20,10] (20)   3786.6
[20,30]   [40,20,10] (25)   3742.34
[20,30]   [40,20,10] (30)   3709.56
[20,30]   [40,20,15] (0)   12741.5
[20,30]   [40,20,15] (5)   12623.8
[20,30]   [40,20,15] (10)   6730.62
[20,30]   [40,20,15] (15)   1939.8
[20,30]   [40,20,15] (20)   1710.84
[20,30]   [40,20,15] (25)   1568.99
[20,30]   [40,20,15] (30)   1670.32
[20,30]   [40,20,20] (0)   13074
[20,30]   [40,20,20] (5)   12687.4
[20,30]   [40,20,20] (10)   7865.29
[20,30]   [40,20,20] (15)   4310.15
[20,30]   [40,20,20] (20)   4315.06
[20,30]   [40,20,20] (25)   4283.87
[20,30]   [40,20,20] (30)   4216.41
[20,30]   [40,30,5] (0)   5430.93
[20,30]   [40,30,5] (5)   5462.48
[20,30]   [40,30,5] (10)   5400.51
[20,30]   [40,30,5] (15)   3667.08
[20,30]   [40,30,5] (20)   1655.92
[20,30]   [40,30,5] (25)   459.877
[20,30]   [40,30,5] (30)   111.784
[20,30]   [40,30,10] (0)   5375.84
[20,30]   [40,30,10] (5)   5372.63
[20,30]   [40,30,10] (10)   5471.3
[20,30]   [40,30,10] (15)   4749.64
[20,30]   [40,30,10] (20)   4440
[20,30]   [40,30,10] (25)   4139.42
[20,30]   [40,30,10] (30)   4029.95
[20,30]   [40,30,15] (0)   5341.37
[20,30]   [40,30,15] (5)   5238.84
[20,30]   [40,30,15] (10)   5352.97
[20,30]   [40,30,15] (15)   3617.25
[20,30]   [40,30,15] (20)   2771.02
[20,30]   [40,30,15] (25)   2457.87
[20,30]   [40,30,15] (30)   2364.08
[20,30]   [40,30,20] (0)   5410.28
[20,30]   [40,30,20] (5)   5387.07
[20,30]   [40,30,20] (10)   5278.09
[20,30]   [40,30,20] (15)   4779.17
[20,30]   [40,30,20] (20)   4521.19
[20,30]   [40,30,20] (25)   4554.38
[20,30]   [40,30,20] (30)   4472.3
[20,30]   [40,40,5] (0)   4843.36
[20,30]   [40,40,5] (5)   4801.73
[20,30]   [40,40,5] (10)   4950.7
[20,30]   [40,40,5] (15)   4763.25
[20,30]   [40,40,5] (20)   3831.68
[20,30]   [40,40,5] (25)   2546.63
[20,30]   [40,40,5] (30)   1328.42
[20,30]   [40,40,10] (0)   4914.27
[20,30]   [40,40,10] (5)   4971.46
[20,30]   [40,40,10] (10)   4945.96
[20,30]   [40,40,10] (15)   4921.61
[20,30]   [40,40,10] (20)   4890.27
[20,30]   [40,40,10] (25)   4684.81
[20,30]   [40,40,10] (30)   4456.11
[20,30]   [40,40,15] (0)   4923.79
[20,30]   [40,40,15] (5)   4934.12
[20,30]   [40,40,15] (10)   4871.86
[20,30]   [40,40,15] (15)   4432.2
[20,30]   [40,40,15] (20)   3997.57
[20,30]   [40,40,15] (25)   3360.67
[20,30]   [40,40,15] (30)   3097.33
[20,30]   [40,40,20] (0)   4882.22
[20,30]   [40,40,20] (5)   4986.46
[20,30]   [40,40,20] (10)   4943.79
[20,30]   [40,40,20] (15)   4968.15
[20,30]   [40,40,20] (20)   4950.87
[20,30]   [40,40,20] (25)   4838.93
[20,30]   [40,40,20] (30)   4715.84
[20,30]   [40,50,5] (0)   6367.3
[20,30]   [40,50,5] (5)   6425.33
[20,30]   [40,50,5] (10)   6409.17
[20,30]   [40,50,5] (15)   6358.52
[20,30]   [40,50,5] (20)   6352.56
[20,30]   [40,50,5] (25)   6220.82
[20,30]   [40,50,5] (30)   6159.54
[20,30]   [40,50,10] (0)   6098.35
[20,30]   [40,50,10] (5)   6506.96
[20,30]   [40,50,10] (10)   6270.94
[20,30]   [40,50,10] (15)   6283.26
[20,30]   [40,50,10] (20)   6363.21
[20,30]   [40,50,10] (25)   6367.43
[20,30]   [40,50,10] (30)   6301.84
[20,30]   [40,50,15] (0)   6215.42
[20,30]   [40,50,15] (5)   6356.37
[20,30]   [40,50,15] (10)   6253.11
[20,30]   [40,50,15] (15)   6185.14
[20,30]   [40,50,15] (20)   6288.27
[20,30]   [40,50,15] (25)   6395.29
[20,30]   [40,50,15] (30)   6446.71
[20,30]   [40,50,20] (0)   6162.97
[20,30]   [40,50,20] (5)   6250.88
[20,30]   [40,50,20] (10)   6125.35
[20,30]   [40,50,20] (15)   6320.47
[20,30]   [40,50,20] (20)   6248.27
[20,30]   [40,50,20] (25)   6335.19
[20,30]   [40,50,20] (30)   6473.67
[20,30]   [40,60,5] (0)   11764.8
[20,30]   [40,60,5] (5)   11962.1
[20,30]   [40,60,5] (10)   11896.6
[20,30]   [40,60,5] (15)   11868.3
[20,30]   [40,60,5] (20)   11703.8
[20,30]   [40,60,5] (25)   11861.2
[20,30]   [40,60,5] (30)   11914
[20,30]   [40,60,10] (0)   11788.4
[20,30]   [40,60,10] (5)   11757.5
[20,30]   [40,60,10] (10)   11811.2
[20,30]   [40,60,10] (15)   11965.4
[20,30]   [40,60,10] (20)   11742
[20,30]   [40,60,10] (25)   11754.7
[20,30]   [40,60,10] (30)   11753.1
[20,30]   [40,60,15] (0)   11835.1
[20,30]   [40,60,15] (5)   11743.3
[20,30]   [40,60,15] (10)   11796.3
[20,30]   [40,60,15] (15)   11747.5
[20,30]   [40,60,15] (20)   11738.3
[20,30]   [40,60,15] (25)   11906.1
[20,30]   [40,60,15] (30)   12005.3
[20,30]   [40,60,20] (0)   11718.5
[20,30]   [40,60,20] (5)   11837.6
[20,30]   [40,60,20] (10)   12096.9
[20,30]   [40,60,20] (15)   11592.9
[20,30]   [40,60,20] (20)   11903.7
[20,30]   [40,60,20] (25)   11951.6
[20,30]   [40,60,20] (30)   11765.9
[20,30]   [50,10,5] (0)   25845.4
[20,30]   [50,10,5] (5)   15638.3
[20,30]   [50,10,5] (10)   2205.87
[20,30]   [50,10,5] (15)   95.1918
[20,30]   [50,10,5] (20)   86.5292
[20,30]   [50,10,5] (25)   86.0777
[20,30]   [50,10,5] (30)   90.5694
[20,30]   [50,10,10] (0)   26583.7
[20,30]   [50,10,10] (5)   19065
[20,30]   [50,10,10] (10)   8667.71
[20,30]   [50,10,10] (15)   3817.14
[20,30]   [50,10,10] (20)   3787.51
[20,30]   [50,10,10] (25)   3631.26
[20,30]   [50,10,10] (30)   3388.77
[20,30]   [50,10,15] (0)   26422.3
[20,30]   [50,10,15] (5)   12569.3
[20,30]   [50,10,15] (10)   4985.8
[20,30]   [50,10,15] (15)   1813.09
[20,30]   [50,10,15] (20)   1963.62
[20,30]   [50,10,15] (25)   1672.11
[20,30]   [50,10,15] (30)   1556.02
[20,30]   [50,10,20] (0)   25612.2
[20,30]   [50,10,20] (5)   14180.2
[20,30]   [50,10,20] (10)   4284.09
[20,30]   [50,10,20] (15)   4226.22
[20,30]   [50,10,20] (20)   4086.43
[20,30]   [50,10,20] (25)   4909.25
[20,30]   [50,10,20] (30)   4326.71
[20,30]   [50,20,5] (0)   17569.2
[20,30]   [50,20,5] (5)   16962.1
[20,30]   [50,20,5] (10)   12323.2
[20,30]   [50,20,5] (15)   2020.82
[20,30]   [50,20,5] (20)   133.088
[20,30]   [50,20,5] (25)   98.578
[20,30]   [50,20,5] (30)   97.1682
[20,30]   [50,20,10] (0)   16891.5
[20,30]   [50,20,10] (5)   17078.7
[20,30]   [50,20,10] (10)   14228.4
[20,30]   [50,20,10] (15)   5980.84
[20,30]   [50,20,10] (20)   4009.55
[20,30]   [50,20,10] (25)   3852.43
[20,30]   [50,20,10] (30)   3751.29
[20,30]   [50,20,15] (0)   17149.9
[20,30]   [50,20,15] (5)   17605.4
[20,30]   [50,20,15] (10)   11690.2
[20,30]   [50,20,15] (15)   2517.67
[20,30]   [50,20,15] (20)   2055.51
[20,30]   [50,20,15] (25)   1729.54
[20,30]   [50,20,15] (30)   1846.51
[20,30]   [50,20,20] (0)   17379.4
[20,30]   [50,20,20] (5)   17432.8
[20,30]   [50,20,20] (10)   13053.1
[20,30]   [50,20,20] (15)   4476.92
[20,30]   [50,20,20] (20)   4537.38
[20,30]   [50,20,20] (25)   4437.34
[20,30]   [50,20,20] (30)   4425.44
[20,30]   [50,30,5] (0)   10339.3
[20,30]   [50,30,5] (5)   10232
[20,30]   [50,30,5] (10)   10280.6
[20,30]   [50,30,5] (15)   8225.37
[20,30]   [50,30,5] (20)   1960.43
[20,30]   [50,30,5] (25)   708.227
[20,30]   [50,30,5] (30)   110.572
[20,30]   [50,30,10] (0)   10322.9
[20,30]   [50,30,10] (5)   10257.1
[20,30]   [50,30,10] (10)   10309.5
[20,30]   [50,30,10] (15)   9110.25
[20,30]   [50,30,10] (20)   4616.21
[20,30]   [50,30,10] (25)   4283.1
[20,30]   [50,30,10] (30)   4216.23
[20,30]   [50,30,15] (0)   10177.5
[20,30]   [50,30,15] (5)   10148.3
[20,30]   [50,30,15] (10)   10128.3
[20,30]   [50,30,15] (15)   7642.55
[20,30]   [50,30,15] (20)   3067.05
[20,30]   [50,30,15] (25)   2491.42
[20,30]   [50,30,15] (30)   2324.61
[20,30]   [50,30,20] (0)   10355.5
[20,30]   [50,30,20] (5)   10098.9
[20,30]   [50,30,20] (10)   10132.1
[20,30]   [50,30,20] (15)   8505.14
[20,30]   [50,30,20] (20)   4784.78
[20,30]   [50,30,20] (25)   5022.43
[20,30]   [50,30,20] (30)   4833.79
[20,30]   [50,40,5] (0)   5054
[20,30]   [50,40,5] (5)   5045.25
[20,30]   [50,40,5] (10)   5112.63
[20,30]   [50,40,5] (15)   5020.9
[20,30]   [50,40,5] (20)   4041.07
[20,30]   [50,40,5] (25)   2721.16
[20,30]   [50,40,5] (30)   1284.79
[20,30]   [50,40,10] (0)   5061.62
[20,30]   [50,40,10] (5)   5077.76
[20,30]   [50,40,10] (10)   5053.65
[20,30]   [50,40,10] (15)   5066.59
[20,30]   [50,40,10] (20)   5066.11
[20,30]   [50,40,10] (25)   4768.38
[20,30]   [50,40,10] (30)   4538.48
[20,30]   [50,40,15] (0)   5023.16
[20,30]   [50,40,15] (5)   4932.29
[20,30]   [50,40,15] (10)   5031.28
[20,30]   [50,40,15] (15)   5074.78
[20,30]   [50,40,15] (20)   4145.26
[20,30]   [50,40,15] (25)   3625.2
[20,30]   [50,40,15] (30)   3033.68
[20,30]   [50,40,20] (0)   5080.24
[20,30]   [50,40,20] (5)   4940.5
[20,30]   [50,40,20] (10)   4956.29
[20,30]   [50,40,20] (15)   5066.91
[20,30]   [50,40,20] (20)   5018.48
[20,30]   [50,40,20] (25)   4929.42
[20,30]   [50,40,20] (30)   4875.11
[20,30]   [50,50,5] (0)   6699.18
[20,30]   [50,50,5] (5)   6759.56
[20,30]   [50,50,5] (10)   6733.72
[20,30]   [50,50,5] (15)   6765.59
[20,30]   [50,50,5] (20)   6721.7
[20,30]   [50,50,5] (25)   4563.67
[20,30]   [50,50,5] (30)   3494.49
[20,30]   [50,50,10] (0)   6795.01
[20,30]   [50,50,10] (5)   6593
[20,30]   [50,50,10] (10)   6689.91
[20,30]   [50,50,10] (15)   6652.33
[20,30]   [50,50,10] (20)   6553.62
[20,30]   [50,50,10] (25)   5171.71
[20,30]   [50,50,10] (30)   5074.4
[20,30]   [50,50,15] (0)   6663.24
[20,30]   [50,50,15] (5)   6598.33
[20,30]   [50,50,15] (10)   6805.81
[20,30]   [50,50,15] (15)   6919.27
[20,30]   [50,50,15] (20)   6819.44
[20,30]   [50,50,15] (25)   4212.31
[20,30]   [50,50,15] (30)   3968.18
[20,30]   [50,50,20] (0)   6858.77
[20,30]   [50,50,20] (5)   6700.66
[20,30]   [50,50,20] (10)   6656.42
[20,30]   [50,50,20] (15)   6690.91
[20,30]   [50,50,20] (20)   6646.76
[20,30]   [50,50,20] (25)   5542.29
[20,30]   [50,50,20] (30)   5117.23
[20,30]   [50,60,5] (0)   5757.25
[20,30]   [50,60,5] (5)   5914.59
[20,30]   [50,60,5] (10)   5719.47
[20,30]   [50,60,5] (15)   5776.58
[20,30]   [50,60,5] (20)   5308.41
[20,30]   [50,60,5] (25)   5881.93
[20,30]   [50,60,5] (30)   5701.54
[20,30]   [50,60,10] (0)   5907.43
[20,30]   [50,60,10] (5)   6062.87
[20,30]   [50,60,10] (10)   5887.22
[20,30]   [50,60,10] (15)   5977.13
[20,30]   [50,60,10] (20)   5092.96
[20,30]   [50,60,10] (25)   6017.69
[20,30]   [50,60,10] (30)   5820.36
[20,30]   [50,60,15] (0)   5797.53
[20,30]   [50,60,15] (5)   5923.26
[20,30]   [50,60,15] (10)   5719.49
[20,30]   [50,60,15] (15)   5784.59
[20,30]   [50,60,15] (20)   5853.42
[20,30]   [50,60,15] (25)   5767.1
[20,30]   [50,60,15] (30)   5677.27
[20,30]   [50,60,20] (0)   5834.57
[20,30]   [50,60,20] (5)   5650.35
[20,30]   [50,60,20] (10)   5322.38
[20,30]   [50,60,20] (15)   5816.13
[20,30]   [50,60,20] (20)   5053.41
[20,30]   [50,60,20] (25)   6068.48
[20,30]   [50,60,20] (30)   5830.68
[20,30]   [60,10,5] (0)   28730.4
[20,30]   [60,10,5] (5)   18970.8
[20,30]   [60,10,5] (10)   4895.15
[20,30]   [60,10,5] (15)   139.745
[20,30]   [60,10,5] (20)   92.8674
[20,30]   [60,10,5] (25)   91.0717
[20,30]   [60,10,5] (30)   93.8936
[20,30]   [60,10,10] (0)   29095.1
[20,30]   [60,10,10] (5)   22774.4
[20,30]   [60,10,10] (10)   12719.5
[20,30]   [60,10,10] (15)   5379.3
[20,30]   [60,10,10] (20)   3784.75
[20,30]   [60,10,10] (25)   3738.1
[20,30]   [60,10,10] (30)   3685.54
[20,30]   [60,10,15] (0)   28942.5
[20,30]   [60,10,15] (5)   16827.9
[20,30]   [60,10,15] (10)   8884.8
[20,30]   [60,10,15] (15)   2065.78
[20,30]   [60,10,15] (20)   2149.57
[20,30]   [60,10,15] (25)   1897.77
[20,30]   [60,10,15] (30)   1781.83
[20,30]   [60,10,20] (0)   28318.9
[20,30]   [60,10,20] (5)   18341.2
[20,30]   [60,10,20] (10)   7871.45
[20,30]   [60,10,20] (15)   5318.3
[20,30]   [60,10,20] (20)   4256.04
[20,30]   [60,10,20] (25)   4333.71
[20,30]   [60,10,20] (30)   4369.6
[20,30]   [60,20,5] (0)   21023.1
[20,30]   [60,20,5] (5)   21275
[20,30]   [60,20,5] (10)   16080.6
[20,30]   [60,20,5] (15)   4840.6
[20,30]   [60,20,5] (20)   442.353
[20,30]   [60,20,5] (25)   111.507
[20,30]   [60,20,5] (30)   101.307
[20,30]   [60,20,10] (0)   21088.4
[20,30]   [60,20,10] (5)   21543.3
[20,30]   [60,20,10] (10)   18381
[20,30]   [60,20,10] (15)   9944.03
[20,30]   [60,20,10] (20)   4183.39
[20,30]   [60,20,10] (25)   4049.06
[20,30]   [60,20,10] (30)   3911.26
[20,30]   [60,20,15] (0)   20947.8
[20,30]   [60,20,15] (5)   21079.4
[20,30]   [60,20,15] (10)   15327.8
[20,30]   [60,20,15] (15)   5634.92
[20,30]   [60,20,15] (20)   2386.63
[20,30]   [60,20,15] (25)   2182.47
[20,30]   [60,20,15] (30)   2158.94
[20,30]   [60,20,20] (0)   21001.9
[20,30]   [60,20,20] (5)   21030.6
[20,30]   [60,20,20] (10)   16535.1
[20,30]   [60,20,20] (15)   4369.72
[20,30]   [60,20,20] (20)   5149.73
[20,30]   [60,20,20] (25)   4595.07
[20,30]   [60,20,20] (30)   4547.35
[20,30]   [60,30,5] (0)   14312.6
[20,30]   [60,30,5] (5)   14418.8
[20,30]   [60,30,5] (10)   14167.5
[20,30]   [60,30,5] (15)   12334.6
[20,30]   [60,30,5] (20)   3978.52
[20,30]   [60,30,5] (25)   836.235
[20,30]   [60,30,5] (30)   262.251
[20,30]   [60,30,10] (0)   14194
[20,30]   [60,30,10] (5)   14522.4
[20,30]   [60,30,10] (10)   14342
[20,30]   [60,30,10] (15)   13474.7
[20,30]   [60,30,10] (20)   6962.03
[20,30]   [60,30,10] (25)   4461.04
[20,30]   [60,30,10] (30)   4289.06
[20,30]   [60,30,15] (0)   14232
[20,30]   [60,30,15] (5)   14035.9
[20,30]   [60,30,15] (10)   14203.5
[20,30]   [60,30,15] (15)   11480.3
[20,30]   [60,30,15] (20)   3507.92
[20,30]   [60,30,15] (25)   2775.92
[20,30]   [60,30,15] (30)   2477.63
[20,30]   [60,30,20] (0)   14580.1
[20,30]   [60,30,20] (5)   14333
[20,30]   [60,30,20] (10)   14184.3
[20,30]   [60,30,20] (15)   12561.4
[20,30]   [60,30,20] (20)   4821.49
[20,30]   [60,30,20] (25)   4836.02
[20,30]   [60,30,20] (30)   4640.66
[20,30]   [60,40,5] (0)   8811.2
[20,30]   [60,40,5] (5)   8717.75
[20,30]   [60,40,5] (10)   8991.45
[20,30]   [60,40,5] (15)   8766.4
[20,30]   [60,40,5] (20)   7732.9
[20,30]   [60,40,5] (25)   3181.7
[20,30]   [60,40,5] (30)   1553.77
[20,30]   [60,40,10] (0)   8916.38
[20,30]   [60,40,10] (5)   8943.05
[20,30]   [60,40,10] (10)   8881.24
[20,30]   [60,40,10] (15)   8801.18
[20,30]   [60,40,10] (20)   8110.56
[20,30]   [60,40,10] (25)   5144.19
[20,30]   [60,40,10] (30)   4670.41
[20,30]   [60,40,15] (0)   8933.28
[20,30]   [60,40,15] (5)   8794.81
[20,30]   [60,40,15] (10)   8801.39
[20,30]   [60,40,15] (15)   8747.22
[20,30]   [60,40,15] (20)   7351.41
[20,30]   [60,40,15] (25)   3774.8
[20,30]   [60,40,15] (30)   3086.62
[20,30]   [60,40,20] (0)   8957.21
[20,30]   [60,40,20] (5)   8875.65
[20,30]   [60,40,20] (10)   8933.06
[20,30]   [60,40,20] (15)   8591.49
[20,30]   [60,40,20] (20)   7833.73
[20,30]   [60,40,20] (25)   5124
[20,30]   [60,40,20] (30)   4951.6
[20,30]   [60,50,5] (0)   5289.5
[20,30]   [60,50,5] (5)   5207.76
[20,30]   [60,50,5] (10)   5262.93
[20,30]   [60,50,5] (15)   5364.82
[20,30]   [60,50,5] (20)   4841.65
[20,30]   [60,50,5] (25)   4418.7
[20,30]   [60,50,5] (30)   3588.18
[20,30]   [60,50,10] (0)   5250.42
[20,30]   [60,50,10] (5)   5332.13
[20,30]   [60,50,10] (10)   5352.26
[20,30]   [60,50,10] (15)   5408.68
[20,30]   [60,50,10] (20)   5368.54
[20,30]   [60,50,10] (25)   5201.46
[20,30]   [60,50,10] (30)   5110.64
[20,30]   [60,50,15] (0)   5304.43
[20,30]   [60,50,15] (5)   5285.07
[20,30]   [60,50,15] (10)   5282.55
[20,30]   [60,50,15] (15)   5423.12
[20,30]   [60,50,15] (20)   5236.22
[20,30]   [60,50,15] (25)   4677.99
[20,30]   [60,50,15] (30)   4055.22
[20,30]   [60,50,20] (0)   5391.9
[20,30]   [60,50,20] (5)   5278.73
[20,30]   [60,50,20] (10)   5329.46
[20,30]   [60,50,20] (15)   5296.95
[20,30]   [60,50,20] (20)   5228.56
[20,30]   [60,50,20] (25)   5298.7
[20,30]   [60,50,20] (30)   5132.19
[20,30]   [60,60,5] (0)   5420.22
[20,30]   [60,60,5] (5)   5433.25
[20,30]   [60,60,5] (10)   5319.59
[20,30]   [60,60,5] (15)   5307.65
[20,30]   [60,60,5] (20)   5429.5
[20,30]   [60,60,5] (25)   5131.17
[20,30]   [60,60,5] (30)   4618.52
[20,30]   [60,60,10] (0)   5374.08
[20,30]   [60,60,10] (5)   5480.75
[20,30]   [60,60,10] (10)   5437.24
[20,30]   [60,60,10] (15)   5487.03
[20,30]   [60,60,10] (20)   5413.38
[20,30]   [60,60,10] (25)   5438.73
[20,30]   [60,60,10] (30)   5444.28
[20,30]   [60,60,15] (0)   5500.34
[20,30]   [60,60,15] (5)   5291.67
[20,30]   [60,60,15] (10)   5446.89
[20,30]   [60,60,15] (15)   5440.67
[20,30]   [60,60,15] (20)   5525.35
[20,30]   [60,60,15] (25)   5549.65
[20,30]   [60,60,15] (30)   4788.98
[20,30]   [60,60,20] (0)   5382.71
[20,30]   [60,60,20] (5)   5396.56
[20,30]   [60,60,20] (10)   5416.77
[20,30]   [60,60,20] (15)   5387.64
[20,30]   [60,60,20] (20)   5354.36
[20,30]   [60,60,20] (25)   5355.21
[20,30]   [60,60,20] (30)   5296.42
