[40,10]   [10,10,5] (0)   62.9605
[40,10]   [10,10,5] (5)   43.9182
[40,10]   [10,10,5] (10)   47.1458
[40,10]   [10,10,5] (15)   57.3562
[40,10]   [10,10,5] (20)   67.7844
[40,10]   [10,10,5] (25)   78.0995
[40,10]   [10,10,5] (30)   88.5369
[40,10]   [10,10,10] (0)   64.2576
[40,10]   [10,10,10] (5)   52.899
[40,10]   [10,10,10] (10)   59.9727
[40,10]   [10,10,10] (15)   68.7007
[40,10]   [10,10,10] (20)   77.4858
[40,10]   [10,10,10] (25)   86.2435
[40,10]   [10,10,10] (30)   95.0285
[40,10]   [10,10,15] (0)   62.2265
[40,10]   [10,10,15] (5)   54.2325
[40,10]   [10,10,15] (10)   62.3435
[40,10]   [10,10,15] (15)   71.3822
[40,10]   [10,10,15] (20)   80.6117
[40,10]   [10,10,15] (25)   89.7746
[40,10]   [10,10,15] (30)   98.8087
[40,10]   [10,10,20] (0)   62.7342
[40,10]   [10,10,20] (5)   63.71
[40,10]   [10,10,20] (10)   72.0205
[40,10]   [10,10,20] (15)   80.1976
[40,10]   [10,10,20] (20)   88.7252
[40,10]   [10,10,20] (25)   97.6473
[40,10]   [10,10,20] (30)   106.306
[40,10]   [10,20,5] (0)   6976.53
[40,10]   [10,20,5] (5)   6964.95
[40,10]   [10,20,5] (10)   7065.48
[40,10]   [10,20,5] (15)   7032.22
[40,10]   [10,20,5] (20)   6872.43
[40,10]   [10,20,5] (25)   4955.87
[40,10]   [10,20,5] (30)   6962.12
[40,10]   [10,20,10] (0)   7017.42
[40,10]   [10,20,10] (5)   7029.86
[40,10]   [10,20,10] (10)   6887.35
[40,10]   [10,20,10] (15)   7063.28
[40,10]   [10,20,10] (20)   7035.36
[40,10]   [10,20,10] (25)   7073.44
[40,10]   [10,20,10] (30)   7061.18
[40,10]   [10,20,15] (0)   7006.71
[40,10]   [10,20,15] (5)   6828.45
[40,10]   [10,20,15] (10)   6856.44
[40,10]   [10,20,15] (15)   6867.13
[40,10]   [10,20,15] (20)   6711.64
[40,10]   [10,20,15] (25)   4741.82
[40,10]   [10,20,15] (30)   5038
[40,10]   [10,20,20] (0)   6915.63
[40,10]   [10,20,20] (5)   6993.6
[40,10]   [10,20,20] (10)   6828.21
[40,10]   [10,20,20] (15)   6882.24
[40,10]   [10,20,20] (20)   6975.72
[40,10]   [10,20,20] (25)   6917.97
[40,10]   [10,20,20] (30)   7086.29
[40,10]   [10,30,5] (0)   14647.8
[40,10]   [10,30,5] (5)   14601.6
[40,10]   [10,30,5] (10)   14605.6
[40,10]   [10,30,5] (15)   14479.2
[40,10]   [10,30,5] (20)   14650.1
[40,10]   [10,30,5] (25)   14699.9
[40,10]   [10,30,5] (30)   13955.6
[40,10]   [10,30,10] (0)   14684.8
[40,10]   [10,30,10] (5)   14554
[40,10]   [10,30,10] (10)   14463.9
[40,10]   [10,30,10] (15)   14610.1
[40,10]   [10,30,10] (20)   14673.4
[40,10]   [10,30,10] (25)   14571.7
[40,10]   [10,30,10] (30)   14515.1
[40,10]   [10,30,15] (0)   14645
[40,10]   [10,30,15] (5)   14565.7
[40,10]   [10,30,15] (10)   14585.2
[40,10]   [10,30,15] (15)   14471
[40,10]   [10,30,15] (20)   14582.5
[40,10]   [10,30,15] (25)   14486.6
[40,10]   [10,30,15] (30)   12136.6
[40,10]   [10,30,20] (0)   14663
[40,10]   [10,30,20] (5)   14656.5
[40,10]   [10,30,20] (10)   14789.6
[40,10]   [10,30,20] (15)   14630.8
[40,10]   [10,30,20] (20)   14531.1
[40,10]   [10,30,20] (25)   14503.4
[40,10]   [10,30,20] (30)   14536.3
[40,10]   [10,40,5] (0)   21736.5
[40,10]   [10,40,5] (5)   21710.7
[40,10]   [10,40,5] (10)   21598.8
[40,10]   [10,40,5] (15)   21581.1
[40,10]   [10,40,5] (20)   21621.4
[40,10]   [10,40,5] (25)   21881.6
[40,10]   [10,40,5] (30)   21718.2
[40,10]   [10,40,10] (0)   21798.2
[40,10]   [10,40,10] (5)   21649.1
[40,10]   [10,40,10] (10)   21570.9
[40,10]   [10,40,10] (15)   21592.9
[40,10]   [10,40,10] (20)   21705.3
[40,10]   [10,40,10] (25)   21725.3
[40,10]   [10,40,10] (30)   21866.1
[40,10]   [10,40,15] (0)   21698.9
[40,10]   [10,40,15] (5)   21670.9
[40,10]   [10,40,15] (10)   21415.5
[40,10]   [10,40,15] (15)   21395.1
[40,10]   [10,40,15] (20)   21649.4
[40,10]   [10,40,15] (25)   21634.1
[40,10]   [10,40,15] (30)   21246.3
[40,10]   [10,40,20] (0)   21724.5
[40,10]   [10,40,20] (5)   21541.8
[40,10]   [10,40,20] (10)   21702.8
[40,10]   [10,40,20] (15)   21592.4
[40,10]   [10,40,20] (20)   21459.7
[40,10]   [10,40,20] (25)   21657.9
[40,10]   [10,40,20] (30)   21716
[40,10]   [10,50,5] (0)   25182.2
[40,10]   [10,50,5] (5)   25375.1
[40,10]   [10,50,5] (10)   25093.3
[40,10]   [10,50,5] (15)   25023.6
[40,10]   [10,50,5] (20)   24932.5
[40,10]   [10,50,5] (25)   25062.7
[40,10]   [10,50,5] (30)   24933
[40,10]   [10,50,10] (0)   24929.7
[40,10]   [10,50,10] (5)   25120.6
[40,10]   [10,50,10] (10)   25083.1
[40,10]   [10,50,10] (15)   25072.6
[40,10]   [10,50,10] (20)   25217.4
[40,10]   [10,50,10] (25)   25043.6
[40,10]   [10,50,10] (30)   25448.1
[40,10]   [10,50,15] (0)   24944.2
[40,10]   [10,50,15] (5)   24976.7
[40,10]   [10,50,15] (10)   25076
[40,10]   [10,50,15] (15)   25129.4
[40,10]   [10,50,15] (20)   25071.1
[40,10]   [10,50,15] (25)   25075.5
[40,10]   [10,50,15] (30)   25089.8
[40,10]   [10,50,20] (0)   25034.5
[40,10]   [10,50,20] (5)   25042.3
[40,10]   [10,50,20] (10)   25162.7
[40,10]   [10,50,20] (15)   24968.6
[40,10]   [10,50,20] (20)   25119.5
[40,10]   [10,50,20] (25)   25069.7
[40,10]   [10,50,20] (30)   24961
[40,10]   [10,60,5] (0)   28661
[40,10]   [10,60,5] (5)   28692.6
[40,10]   [10,60,5] (10)   28595.6
[40,10]   [10,60,5] (15)   28398.4
[40,10]   [10,60,5] (20)   28820.1
[40,10]   [10,60,5] (25)   28657
[40,10]   [10,60,5] (30)   28650.4
[40,10]   [10,60,10] (0)   28703
[40,10]   [10,60,10] (5)   28664.1
[40,10]   [10,60,10] (10)   28623.9
[40,10]   [10,60,10] (15)   28653.5
[40,10]   [10,60,10] (20)   28586.9
[40,10]   [10,60,10] (25)   28645
[40,10]   [10,60,10] (30)   28640.9
[40,10]   [10,60,15] (0)   28795.9
[40,10]   [10,60,15] (5)   28533.5
[40,10]   [10,60,15] (10)   28637.2
[40,10]   [10,60,15] (15)   28672.6
[40,10]   [10,60,15] (20)   28691.2
[40,10]   [10,60,15] (25)   28566.5
[40,10]   [10,60,15] (30)   28571.7
[40,10]   [10,60,20] (0)   28780
[40,10]   [10,60,20] (5)   28686.1
[40,10]   [10,60,20] (10)   28658.1
[40,10]   [10,60,20] (15)   28637.2
[40,10]   [10,60,20] (20)   28822.3
[40,10]   [10,60,20] (25)   28669.1
[40,10]   [10,60,20] (30)   28858.4
[40,10]   [20,10,5] (0)   6927.68
[40,10]   [20,10,5] (5)   775.954
[40,10]   [20,10,5] (10)   47.9102
[40,10]   [20,10,5] (15)   53.806
[40,10]   [20,10,5] (20)   63.4921
[40,10]   [20,10,5] (25)   73.6453
[40,10]   [20,10,5] (30)   83.6394
[40,10]   [20,10,10] (0)   7065.11
[40,10]   [20,10,10] (5)   1574.77
[40,10]   [20,10,10] (10)   63.8041
[40,10]   [20,10,10] (15)   67.6942
[40,10]   [20,10,10] (20)   75.7044
[40,10]   [20,10,10] (25)   84.2934
[40,10]   [20,10,10] (30)   92.806
[40,10]   [20,10,15] (0)   7136.75
[40,10]   [20,10,15] (5)   76.6693
[40,10]   [20,10,15] (10)   66.2823
[40,10]   [20,10,15] (15)   72.706
[40,10]   [20,10,15] (20)   80.9725
[40,10]   [20,10,15] (25)   89.3778
[40,10]   [20,10,15] (30)   98.1092
[40,10]   [20,10,20] (0)   7178.59
[40,10]   [20,10,20] (5)   106.743
[40,10]   [20,10,20] (10)   78.5712
[40,10]   [20,10,20] (15)   84.1557
[40,10]   [20,10,20] (20)   92.4813
[40,10]   [20,10,20] (25)   100.614
[40,10]   [20,10,20] (30)   108.731
[40,10]   [20,20,5] (0)   99.2539
[40,10]   [20,20,5] (5)   96.6808
[40,10]   [20,20,5] (10)   79.0405
[40,10]   [20,20,5] (15)   67.5835
[40,10]   [20,20,5] (20)   76.0754
[40,10]   [20,20,5] (25)   84.9511
[40,10]   [20,20,5] (30)   93.6216
[40,10]   [20,20,10] (0)   97.6911
[40,10]   [20,20,10] (5)   97.2343
[40,10]   [20,20,10] (10)   84.644
[40,10]   [20,20,10] (15)   82.9177
[40,10]   [20,20,10] (20)   90.4504
[40,10]   [20,20,10] (25)   98.8115
[40,10]   [20,20,10] (30)   106.727
[40,10]   [20,20,15] (0)   96.7948
[40,10]   [20,20,15] (5)   101.112
[40,10]   [20,20,15] (10)   81.2881
[40,10]   [20,20,15] (15)   84.0451
[40,10]   [20,20,15] (20)   91.7777
[40,10]   [20,20,15] (25)   100.414
[40,10]   [20,20,15] (30)   108.546
[40,10]   [20,20,20] (0)   98.387
[40,10]   [20,20,20] (5)   97.2832
[40,10]   [20,20,20] (10)   89.2262
[40,10]   [20,20,20] (15)   94.4521
[40,10]   [20,20,20] (20)   102.343
[40,10]   [20,20,20] (25)   110.304
[40,10]   [20,20,20] (30)   118.24
[40,10]   [20,30,5] (0)   5283.54
[40,10]   [20,30,5] (5)   5240.9
[40,10]   [20,30,5] (10)   5300.42
[40,10]   [20,30,5] (15)   5366.19
[40,10]   [20,30,5] (20)   5409.79
[40,10]   [20,30,5] (25)   5287.17
[40,10]   [20,30,5] (30)   3644.61
[40,10]   [20,30,10] (0)   5435.77
[40,10]   [20,30,10] (5)   5313.84
[40,10]   [20,30,10] (10)   5420.41
[40,10]   [20,30,10] (15)   5370.48
[40,10]   [20,30,10] (20)   5354.06
[40,10]   [20,30,10] (25)   5419.19
[40,10]   [20,30,10] (30)   4322.41
[40,10]   [20,30,15] (0)   5442.47
[40,10]   [20,30,15] (5)   5271.67
[40,10]   [20,30,15] (10)   5339.06
[40,10]   [20,30,15] (15)   5369.36
[40,10]   [20,30,15] (20)   5243.42
[40,10]   [20,30,15] (25)   4847.21
[40,10]   [20,30,15] (30)   4365.6
[40,10]   [20,30,20] (0)   5406.45
[40,10]   [20,30,20] (5)   5324.24
[40,10]   [20,30,20] (10)   5243.18
[40,10]   [20,30,20] (15)   5430.35
[40,10]   [20,30,20] (20)   5333.96
[40,10]   [20,30,20] (25)   5082.15
[40,10]   [20,30,20] (30)   3892.87
[40,10]   [20,40,5] (0)   10066
[40,10]   [20,40,5] (5)   10121.6
[40,10]   [20,40,5] (10)   10219.8
[40,10]   [20,40,5] (15)   10209.2
[40,10]   [20,40,5] (20)   10348.1
[40,10]   [20,40,5] (25)   10270.8
[40,10]   [20,40,5] (30)   10289.9
[40,10]   [20,40,10] (0)   10323.4
[40,10]   [20,40,10] (5)   10194.4
[40,10]   [20,40,10] (10)   10102.5
[40,10]   [20,40,10] (15)   10244.3
[40,10]   [20,40,10] (20)   10169.5
[40,10]   [20,40,10] (25)   10249.7
[40,10]   [20,40,10] (30)   10266.2
[40,10]   [20,40,15] (0)   10236.7
[40,10]   [20,40,15] (5)   10261.5
[40,10]   [20,40,15] (10)   10310.7
[40,10]   [20,40,15] (15)   10181.3
[40,10]   [20,40,15] (20)   10245.6
[40,10]   [20,40,15] (25)   10206.5
[40,10]   [20,40,15] (30)   9935.25
[40,10]   [20,40,20] (0)   10152.9
[40,10]   [20,40,20] (5)   10194.4
[40,10]   [20,40,20] (10)   10273.3
[40,10]   [20,40,20] (15)   10295.2
[40,10]   [20,40,20] (20)   10297.9
[40,10]   [20,40,20] (25)   10380.1
[40,10]   [20,40,20] (30)   10267.7
[40,10]   [20,50,5] (0)   15370.4
[40,10]   [20,50,5] (5)   15338.4
[40,10]   [20,50,5] (10)   15430.7
[40,10]   [20,50,5] (15)   15281.8
[40,10]   [20,50,5] (20)   15283
[40,10]   [20,50,5] (25)   15409.6
[40,10]   [20,50,5] (30)   15243.4
[40,10]   [20,50,10] (0)   15300.9
[40,10]   [20,50,10] (5)   15414.8
[40,10]   [20,50,10] (10)   15395.4
[40,10]   [20,50,10] (15)   15276.7
[40,10]   [20,50,10] (20)   15631.5
[40,10]   [20,50,10] (25)   15602.2
[40,10]   [20,50,10] (30)   15254.1
[40,10]   [20,50,15] (0)   15119.4
[40,10]   [20,50,15] (5)   15376.7
[40,10]   [20,50,15] (10)   15451.8
[40,10]   [20,50,15] (15)   15366.4
[40,10]   [20,50,15] (20)   15340.7
[40,10]   [20,50,15] (25)   15320.7
[40,10]   [20,50,15] (30)   15401.5
[40,10]   [20,50,20] (0)   15346
[40,10]   [20,50,20] (5)   15298.6
[40,10]   [20,50,20] (10)   15560.1
[40,10]   [20,50,20] (15)   15261.9
[40,10]   [20,50,20] (20)   15313.1
[40,10]   [20,50,20] (25)   15273.9
[40,10]   [20,50,20] (30)   15088.7
[40,10]   [20,60,5] (0)   19589.7
[40,10]   [20,60,5] (5)   19490.5
[40,10]   [20,60,5] (10)   19378.2
[40,10]   [20,60,5] (15)   19378.1
[40,10]   [20,60,5] (20)   19507.8
[40,10]   [20,60,5] (25)   19601.8
[40,10]   [20,60,5] (30)   19582.9
[40,10]   [20,60,10] (0)   19456.5
[40,10]   [20,60,10] (5)   19265.7
[40,10]   [20,60,10] (10)   19475.7
[40,10]   [20,60,10] (15)   19562.1
[40,10]   [20,60,10] (20)   19527.1
[40,10]   [20,60,10] (25)   19560
[40,10]   [20,60,10] (30)   19557.5
[40,10]   [20,60,15] (0)   19460.4
[40,10]   [20,60,15] (5)   19600.3
[40,10]   [20,60,15] (10)   19435.5
[40,10]   [20,60,15] (15)   19766.4
[40,10]   [20,60,15] (20)   19495.2
[40,10]   [20,60,15] (25)   19630.9
[40,10]   [20,60,15] (30)   19486.1
[40,10]   [20,60,20] (0)   19604.3
[40,10]   [20,60,20] (5)   19439
[40,10]   [20,60,20] (10)   19559.8
[40,10]   [20,60,20] (15)   19370
[40,10]   [20,60,20] (20)   19677.5
[40,10]   [20,60,20] (25)   19555.8
[40,10]   [20,60,20] (30)   19534.8
[40,10]   [30,10,5] (0)   12017.9
[40,10]   [30,10,5] (5)   5470.36
[40,10]   [30,10,5] (10)   56.6102
[40,10]   [30,10,5] (15)   57.3201
[40,10]   [30,10,5] (20)   62.4983
[40,10]   [30,10,5] (25)   69.8777
[40,10]   [30,10,5] (30)   80.2293
[40,10]   [30,10,10] (0)   12236.1
[40,10]   [30,10,10] (5)   6566.49
[40,10]   [30,10,10] (10)   95.3059
[40,10]   [30,10,10] (15)   73.2405
[40,10]   [30,10,10] (20)   77.1838
[40,10]   [30,10,10] (25)   84.1064
[40,10]   [30,10,10] (30)   92.8208
[40,10]   [30,10,15] (0)   12483.7
[40,10]   [30,10,15] (5)   2374.04
[40,10]   [30,10,15] (10)   73.4369
[40,10]   [30,10,15] (15)   76.1281
[40,10]   [30,10,15] (20)   80.9604
[40,10]   [30,10,15] (25)   88.8416
[40,10]   [30,10,15] (30)   97.4049
[40,10]   [30,10,20] (0)   12234.9
[40,10]   [30,10,20] (5)   2704.81
[40,10]   [30,10,20] (10)   83.2028
[40,10]   [30,10,20] (15)   85.2562
[40,10]   [30,10,20] (20)   93.3499
[40,10]   [30,10,20] (25)   100.844
[40,10]   [30,10,20] (30)   108.702
[40,10]   [30,20,5] (0)   5395.7
[40,10]   [30,20,5] (5)   5367.92
[40,10]   [30,20,5] (10)   3001.86
[40,10]   [30,20,5] (15)   73.7425
[40,10]   [30,20,5] (20)   68.4139
[40,10]   [30,20,5] (25)   74.9391
[40,10]   [30,20,5] (30)   84.0014
[40,10]   [30,20,10] (0)   5448.84
[40,10]   [30,20,10] (5)   5404
[40,10]   [30,20,10] (10)   3563.86
[40,10]   [30,20,10] (15)   87.3109
[40,10]   [30,20,10] (20)   85.3039
[40,10]   [30,20,10] (25)   91.2944
[40,10]   [30,20,10] (30)   99.3688
[40,10]   [30,20,15] (0)   5506.42
[40,10]   [30,20,15] (5)   5325.14
[40,10]   [30,20,15] (10)   1969
[40,10]   [30,20,15] (15)   85.8583
[40,10]   [30,20,15] (20)   88.0653
[40,10]   [30,20,15] (25)   94.9903
[40,10]   [30,20,15] (30)   103.03
[40,10]   [30,20,20] (0)   5454.73
[40,10]   [30,20,20] (5)   5300.19
[40,10]   [30,20,20] (10)   2543.39
[40,10]   [30,20,20] (15)   97.357
[40,10]   [30,20,20] (20)   99.7262
[40,10]   [30,20,20] (25)   106.932
[40,10]   [30,20,20] (30)   114.92
[40,10]   [30,30,5] (0)   114.256
[40,10]   [30,30,5] (5)   112.68
[40,10]   [30,30,5] (10)   111.627
[40,10]   [30,30,5] (15)   99.787
[40,10]   [30,30,5] (20)   86.1623
[40,10]   [30,30,5] (25)   86.226
[40,10]   [30,30,5] (30)   94.4502
[40,10]   [30,30,10] (0)   112.613
[40,10]   [30,30,10] (5)   112.173
[40,10]   [30,30,10] (10)   111.227
[40,10]   [30,30,10] (15)   104.597
[40,10]   [30,30,10] (20)   100.068
[40,10]   [30,30,10] (25)   104.878
[40,10]   [30,30,10] (30)   112.812
[40,10]   [30,30,15] (0)   113.165
[40,10]   [30,30,15] (5)   112.935
[40,10]   [30,30,15] (10)   106.808
[40,10]   [30,30,15] (15)   101.376
[40,10]   [30,30,15] (20)   98.397
[40,10]   [30,30,15] (25)   104.366
[40,10]   [30,30,15] (30)   112.66
[40,10]   [30,30,20] (0)   114.109
[40,10]   [30,30,20] (5)   112.836
[40,10]   [30,30,20] (10)   111.531
[40,10]   [30,30,20] (15)   105.269
[40,10]   [30,30,20] (20)   107.041
[40,10]   [30,30,20] (25)   113.687
[40,10]   [30,30,20] (30)   121.884
[40,10]   [30,40,5] (0)   1723.71
[40,10]   [30,40,5] (5)   1646.78
[40,10]   [30,40,5] (10)   1661.41
[40,10]   [30,40,5] (15)   1792.22
[40,10]   [30,40,5] (20)   1788.76
[40,10]   [30,40,5] (25)   1642.16
[40,10]   [30,40,5] (30)   1587.05
[40,10]   [30,40,10] (0)   1578.89
[40,10]   [30,40,10] (5)   1669.09
[40,10]   [30,40,10] (10)   1607.82
[40,10]   [30,40,10] (15)   1695.75
[40,10]   [30,40,10] (20)   1717.97
[40,10]   [30,40,10] (25)   1699.6
[40,10]   [30,40,10] (30)   1798.94
[40,10]   [30,40,15] (0)   1612.99
[40,10]   [30,40,15] (5)   1839.73
[40,10]   [30,40,15] (10)   1584.37
[40,10]   [30,40,15] (15)   1619.5
[40,10]   [30,40,15] (20)   1594.4
[40,10]   [30,40,15] (25)   1677.09
[40,10]   [30,40,15] (30)   1659.36
[40,10]   [30,40,20] (0)   1713.24
[40,10]   [30,40,20] (5)   1800.22
[40,10]   [30,40,20] (10)   1652.24
[40,10]   [30,40,20] (15)   1757.21
[40,10]   [30,40,20] (20)   1678.21
[40,10]   [30,40,20] (25)   1591.04
[40,10]   [30,40,20] (30)   1737.44
[40,10]   [30,50,5] (0)   7036.79
[40,10]   [30,50,5] (5)   6995.75
[40,10]   [30,50,5] (10)   7067.17
[40,10]   [30,50,5] (15)   7019.84
[40,10]   [30,50,5] (20)   7111.74
[40,10]   [30,50,5] (25)   7108.17
[40,10]   [30,50,5] (30)   7072.43
[40,10]   [30,50,10] (0)   7216.68
[40,10]   [30,50,10] (5)   7168.1
[40,10]   [30,50,10] (10)   6947.71
[40,10]   [30,50,10] (15)   7004.84
[40,10]   [30,50,10] (20)   6970.91
[40,10]   [30,50,10] (25)   7031.39
[40,10]   [30,50,10] (30)   7000.34
[40,10]   [30,50,15] (0)   7113.91
[40,10]   [30,50,15] (5)   7150.21
[40,10]   [30,50,15] (10)   7072.76
[40,10]   [30,50,15] (15)   7155.24
[40,10]   [30,50,15] (20)   7204.69
[40,10]   [30,50,15] (25)   7138.71
[40,10]   [30,50,15] (30)   7125.24
[40,10]   [30,50,20] (0)   7244.71
[40,10]   [30,50,20] (5)   7072.97
[40,10]   [30,50,20] (10)   7084.83
[40,10]   [30,50,20] (15)   7099.64
[40,10]   [30,50,20] (20)   7190.63
[40,10]   [30,50,20] (25)   7277.59
[40,10]   [30,50,20] (30)   7102.84
[40,10]   [30,60,5] (0)   11523
[40,10]   [30,60,5] (5)   11495.9
[40,10]   [30,60,5] (10)   11619.5
[40,10]   [30,60,5] (15)   11480
[40,10]   [30,60,5] (20)   11586.2
[40,10]   [30,60,5] (25)   11671.4
[40,10]   [30,60,5] (30)   11564.3
[40,10]   [30,60,10] (0)   11506.1
[40,10]   [30,60,10] (5)   11632.1
[40,10]   [30,60,10] (10)   11614.2
[40,10]   [30,60,10] (15)   11640.5
[40,10]   [30,60,10] (20)   11585.7
[40,10]   [30,60,10] (25)   11640.7
[40,10]   [30,60,10] (30)   11532.9
[40,10]   [30,60,15] (0)   11617.6
[40,10]   [30,60,15] (5)   11539.9
[40,10]   [30,60,15] (10)   11631.5
[40,10]   [30,60,15] (15)   11613.5
[40,10]   [30,60,15] (20)   11638.1
[40,10]   [30,60,15] (25)   11803.7
[40,10]   [30,60,15] (30)   11543.8
[40,10]   [30,60,20] (0)   11475.7
[40,10]   [30,60,20] (5)   11637.5
[40,10]   [30,60,20] (10)   11655.9
[40,10]   [30,60,20] (15)   11634.2
[40,10]   [30,60,20] (20)   11496
[40,10]   [30,60,20] (25)   11467.9
[40,10]   [30,60,20] (30)   11625.6
[40,10]   [40,10,5] (0)   25238.3
[40,10]   [40,10,5] (5)   9712.08
[40,10]   [40,10,5] (10)   86.5788
[40,10]   [40,10,5] (15)   62.565
[40,10]   [40,10,5] (20)   67.1457
[40,10]   [40,10,5] (25)   71.2347
[40,10]   [40,10,5] (30)   78.0048
[40,10]   [40,10,10] (0)   25529
[40,10]   [40,10,10] (5)   11115.5
[40,10]   [40,10,10] (10)   3285.82
[40,10]   [40,10,10] (15)   84.0524
[40,10]   [40,10,10] (20)   82.1181
[40,10]   [40,10,10] (25)   85.4356
[40,10]   [40,10,10] (30)   90.6887
[40,10]   [40,10,15] (0)   25409.4
[40,10]   [40,10,15] (5)   6814.4
[40,10]   [40,10,15] (10)   557.985
[40,10]   [40,10,15] (15)   83.9333
[40,10]   [40,10,15] (20)   85.8198
[40,10]   [40,10,15] (25)   90.0161
[40,10]   [40,10,15] (30)   95.9623
[40,10]   [40,10,20] (0)   25292.6
[40,10]   [40,10,20] (5)   6634.26
[40,10]   [40,10,20] (10)   100.828
[40,10]   [40,10,20] (15)   98.2099
[40,10]   [40,10,20] (20)   98.3263
[40,10]   [40,10,20] (25)   102.911
[40,10]   [40,10,20] (30)   109.76
[40,10]   [40,20,5] (0)   9261.57
[40,10]   [40,20,5] (5)   9204
[40,10]   [40,20,5] (10)   6654.64
[40,10]   [40,20,5] (15)   94.9327
[40,10]   [40,20,5] (20)   72.385
[40,10]   [40,20,5] (25)   76.9993
[40,10]   [40,20,5] (30)   81.4985
[40,10]   [40,20,10] (0)   9444.08
[40,10]   [40,20,10] (5)   9216.38
[40,10]   [40,20,10] (10)   7263.24
[40,10]   [40,20,10] (15)   888.841
[40,10]   [40,20,10] (20)   89.9538
[40,10]   [40,20,10] (25)   90.0357
[40,10]   [40,20,10] (30)   95.3426
[40,10]   [40,20,15] (0)   9188.96
[40,10]   [40,20,15] (5)   9325.45
[40,10]   [40,20,15] (10)   5331.65
[40,10]   [40,20,15] (15)   97.7161
[40,10]   [40,20,15] (20)   92.8932
[40,10]   [40,20,15] (25)   94.1033
[40,10]   [40,20,15] (30)   100.164
[40,10]   [40,20,20] (0)   9212.15
[40,10]   [40,20,20] (5)   9347.49
[40,10]   [40,20,20] (10)   5683.15
[40,10]   [40,20,20] (15)   104.949
[40,10]   [40,20,20] (20)   102.285
[40,10]   [40,20,20] (25)   106.813
[40,10]   [40,20,20] (30)   112.921
[40,10]   [40,30,5] (0)   3889.65
[40,10]   [40,30,5] (5)   3933.93
[40,10]   [40,30,5] (10)   3833.16
[40,10]   [40,30,5] (15)   2626.84
[40,10]   [40,30,5] (20)   96.1558
[40,10]   [40,30,5] (25)   82.8536
[40,10]   [40,30,5] (30)   87.2229
[40,10]   [40,30,10] (0)   3910
[40,10]   [40,30,10] (5)   3906.8
[40,10]   [40,30,10] (10)   3948.45
[40,10]   [40,30,10] (15)   2968.85
[40,10]   [40,30,10] (20)   111.976
[40,10]   [40,30,10] (25)   101.293
[40,10]   [40,30,10] (30)   103.725
[40,10]   [40,30,15] (0)   3860.56
[40,10]   [40,30,15] (5)   3944.37
[40,10]   [40,30,15] (10)   3902.25
[40,10]   [40,30,15] (15)   1852.19
[40,10]   [40,30,15] (20)   103.111
[40,10]   [40,30,15] (25)   102.011
[40,10]   [40,30,15] (30)   106.418
[40,10]   [40,30,20] (0)   3877.29
[40,10]   [40,30,20] (5)   3952.75
[40,10]   [40,30,20] (10)   3893.59
[40,10]   [40,30,20] (15)   2134.65
[40,10]   [40,30,20] (20)   112.144
[40,10]   [40,30,20] (25)   112.696
[40,10]   [40,30,20] (30)   118.301
[40,10]   [40,40,5] (0)   134.043
[40,10]   [40,40,5] (5)   134.152
[40,10]   [40,40,5] (10)   131.244
[40,10]   [40,40,5] (15)   131.873
[40,10]   [40,40,5] (20)   123.623
[40,10]   [40,40,5] (25)   106.243
[40,10]   [40,40,5] (30)   99.081
[40,10]   [40,40,10] (0)   133.643
[40,10]   [40,40,10] (5)   133.107
[40,10]   [40,40,10] (10)   135.091
[40,10]   [40,40,10] (15)   133.531
[40,10]   [40,40,10] (20)   127.53
[40,10]   [40,40,10] (25)   117.193
[40,10]   [40,40,10] (30)   117.008
[40,10]   [40,40,15] (0)   132.821
[40,10]   [40,40,15] (5)   134.765
[40,10]   [40,40,15] (10)   132.51
[40,10]   [40,40,15] (15)   133.24
[40,10]   [40,40,15] (20)   122.5
[40,10]   [40,40,15] (25)   114.457
[40,10]   [40,40,15] (30)   117.579
[40,10]   [40,40,20] (0)   132.155
[40,10]   [40,40,20] (5)   132.123
[40,10]   [40,40,20] (10)   133.509
[40,10]   [40,40,20] (15)   132.46
[40,10]   [40,40,20] (20)   126.607
[40,10]   [40,40,20] (25)   122.477
[40,10]   [40,40,20] (30)   127.163
[40,10]   [40,50,5] (0)   666.556
[40,10]   [40,50,5] (5)   611.623
[40,10]   [40,50,5] (10)   559.325
[40,10]   [40,50,5] (15)   582.956
[40,10]   [40,50,5] (20)   562.513
[40,10]   [40,50,5] (25)   652.501
[40,10]   [40,50,5] (30)   644.475
[40,10]   [40,50,10] (0)   712.472
[40,10]   [40,50,10] (5)   549.792
[40,10]   [40,50,10] (10)   571.526
[40,10]   [40,50,10] (15)   585.017
[40,10]   [40,50,10] (20)   593.805
[40,10]   [40,50,10] (25)   657.298
[40,10]   [40,50,10] (30)   511.228
[40,10]   [40,50,15] (0)   681.059
[40,10]   [40,50,15] (5)   559.879
[40,10]   [40,50,15] (10)   568.827
[40,10]   [40,50,15] (15)   616.852
[40,10]   [40,50,15] (20)   527.765
[40,10]   [40,50,15] (25)   627.253
[40,10]   [40,50,15] (30)   602.237
[40,10]   [40,50,20] (0)   495.984
[40,10]   [40,50,20] (5)   551.428
[40,10]   [40,50,20] (10)   516.445
[40,10]   [40,50,20] (15)   571.527
[40,10]   [40,50,20] (20)   549.258
[40,10]   [40,50,20] (25)   532.098
[40,10]   [40,50,20] (30)   511.802
[40,10]   [40,60,5] (0)   8146.46
[40,10]   [40,60,5] (5)   7988.84
[40,10]   [40,60,5] (10)   8062.95
[40,10]   [40,60,5] (15)   8105.78
[40,10]   [40,60,5] (20)   8090.95
[40,10]   [40,60,5] (25)   8013.76
[40,10]   [40,60,5] (30)   7947.83
[40,10]   [40,60,10] (0)   8054.89
[40,10]   [40,60,10] (5)   8149.86
[40,10]   [40,60,10] (10)   7949.83
[40,10]   [40,60,10] (15)   7911.05
[40,10]   [40,60,10] (20)   8088.83
[40,10]   [40,60,10] (25)   7947.59
[40,10]   [40,60,10] (30)   8189.4
[40,10]   [40,60,15] (0)   8029.48
[40,10]   [40,60,15] (5)   8036.55
[40,10]   [40,60,15] (10)   8009.11
[40,10]   [40,60,15] (15)   8016.74
[40,10]   [40,60,15] (20)   8111.12
[40,10]   [40,60,15] (25)   7997.45
[40,10]   [40,60,15] (30)   8135.61
[40,10]   [40,60,20] (0)   8113.09
[40,10]   [40,60,20] (5)   7975.34
[40,10]   [40,60,20] (10)   7994.02
[40,10]   [40,60,20] (15)   8096.69
[40,10]   [40,60,20] (20)   8164.12
[40,10]   [40,60,20] (25)   8065.68
[40,10]   [40,60,20] (30)   8094.18
[40,10]   [50,10,5] (0)   19329.7
[40,10]   [50,10,5] (5)   12515
[40,10]   [50,10,5] (10)   1808.23
[40,10]   [50,10,5] (15)   68.2272
[40,10]   [50,10,5] (20)   70.6439
[40,10]   [50,10,5] (25)   74.6471
[40,10]   [50,10,5] (30)   79.9925
[40,10]   [50,10,10] (0)   19215.1
[40,10]   [50,10,10] (5)   13722.4
[40,10]   [50,10,10] (10)   6435.69
[40,10]   [50,10,10] (15)   1213.89
[40,10]   [50,10,10] (20)   89.0796
[40,10]   [50,10,10] (25)   89.811
[40,10]   [50,10,10] (30)   93.2663
[40,10]   [50,10,15] (0)   20738.4
[40,10]   [50,10,15] (5)   9822.36
[40,10]   [50,10,15] (10)   4619.42
[40,10]   [50,10,15] (15)   105.182
[40,10]   [50,10,15] (20)   92.1038
[40,10]   [50,10,15] (25)   95.9183
[40,10]   [50,10,15] (30)   97.8699
[40,10]   [50,10,20] (0)   19457.6
[40,10]   [50,10,20] (5)   10365.2
[40,10]   [50,10,20] (10)   2734.26
[40,10]   [50,10,20] (15)   974.716
[40,10]   [50,10,20] (20)   103.789
[40,10]   [50,10,20] (25)   111.966
[40,10]   [50,10,20] (30)   113.095
[40,10]   [50,20,5] (0)   12655.7
[40,10]   [50,20,5] (5)   12664.3
[40,10]   [50,20,5] (10)   9480.46
[40,10]   [50,20,5] (15)   1611.08
[40,10]   [50,20,5] (20)   76.1567
[40,10]   [50,20,5] (25)   78.8756
[40,10]   [50,20,5] (30)   82.9086
[40,10]   [50,20,10] (0)   12745.8
[40,10]   [50,20,10] (5)   12872.4
[40,10]   [50,20,10] (10)   10507.5
[40,10]   [50,20,10] (15)   4244.68
[40,10]   [50,20,10] (20)   124.946
[40,10]   [50,20,10] (25)   94.8945
[40,10]   [50,20,10] (30)   96.8033
[40,10]   [50,20,15] (0)   12870.2
[40,10]   [50,20,15] (5)   12592.1
[40,10]   [50,20,15] (10)   8867.75
[40,10]   [50,20,15] (15)   1487.57
[40,10]   [50,20,15] (20)   101.214
[40,10]   [50,20,15] (25)   100.834
[40,10]   [50,20,15] (30)   101.53
[40,10]   [50,20,20] (0)   12679.8
[40,10]   [50,20,20] (5)   12689
[40,10]   [50,20,20] (10)   9679.6
[40,10]   [50,20,20] (15)   434.351
[40,10]   [50,20,20] (20)   117.388
[40,10]   [50,20,20] (25)   113.328
[40,10]   [50,20,20] (30)   114.01
[40,10]   [50,30,5] (0)   7452.24
[40,10]   [50,30,5] (5)   7428.48
[40,10]   [50,30,5] (10)   7225.84
[40,10]   [50,30,5] (15)   5915.17
[40,10]   [50,30,5] (20)   283.281
[40,10]   [50,30,5] (25)   88.5636
[40,10]   [50,30,5] (30)   87.7229
[40,10]   [50,30,10] (0)   7430.96
[40,10]   [50,30,10] (5)   7432.01
[40,10]   [50,30,10] (10)   7411.9
[40,10]   [50,30,10] (15)   6404.78
[40,10]   [50,30,10] (20)   1718.54
[40,10]   [50,30,10] (25)   106.805
[40,10]   [50,30,10] (30)   104.433
[40,10]   [50,30,15] (0)   7527.61
[40,10]   [50,30,15] (5)   7554.61
[40,10]   [50,30,15] (10)   7333.17
[40,10]   [50,30,15] (15)   5179.27
[40,10]   [50,30,15] (20)   134.654
[40,10]   [50,30,15] (25)   105.63
[40,10]   [50,30,15] (30)   106.195
[40,10]   [50,30,20] (0)   7488.43
[40,10]   [50,30,20] (5)   7499.67
[40,10]   [50,30,20] (10)   7574.78
[40,10]   [50,30,20] (15)   5466.76
[40,10]   [50,30,20] (20)   125.001
[40,10]   [50,30,20] (25)   115.193
[40,10]   [50,30,20] (30)   119.218
[40,10]   [50,40,5] (0)   3149.23
[40,10]   [50,40,5] (5)   3127.94
[40,10]   [50,40,5] (10)   3154.3
[40,10]   [50,40,5] (15)   3093.28
[40,10]   [50,40,5] (20)   2696.55
[40,10]   [50,40,5] (25)   126.166
[40,10]   [50,40,5] (30)   101.007
[40,10]   [50,40,10] (0)   3178.58
[40,10]   [50,40,10] (5)   3127.69
[40,10]   [50,40,10] (10)   3216.52
[40,10]   [50,40,10] (15)   3271.45
[40,10]   [50,40,10] (20)   2702.71
[40,10]   [50,40,10] (25)   157.685
[40,10]   [50,40,10] (30)   122.082
[40,10]   [50,40,15] (0)   3114.25
[40,10]   [50,40,15] (5)   3203.57
[40,10]   [50,40,15] (10)   3165.73
[40,10]   [50,40,15] (15)   3127.52
[40,10]   [50,40,15] (20)   2374.39
[40,10]   [50,40,15] (25)   126.569
[40,10]   [50,40,15] (30)   116.013
[40,10]   [50,40,20] (0)   3138.78
[40,10]   [50,40,20] (5)   3171.53
[40,10]   [50,40,20] (10)   3125.68
[40,10]   [50,40,20] (15)   3080.88
[40,10]   [50,40,20] (20)   2289.25
[40,10]   [50,40,20] (25)   133.666
[40,10]   [50,40,20] (30)   126.839
[40,10]   [50,50,5] (0)   165.193
[40,10]   [50,50,5] (5)   163.483
[40,10]   [50,50,5] (10)   163.832
[40,10]   [50,50,5] (15)   163.353
[40,10]   [50,50,5] (20)   163.82
[40,10]   [50,50,5] (25)   148.131
[40,10]   [50,50,5] (30)   126.342
[40,10]   [50,50,10] (0)   163.35
[40,10]   [50,50,10] (5)   163.405
[40,10]   [50,50,10] (10)   164.64
[40,10]   [50,50,10] (15)   163.916
[40,10]   [50,50,10] (20)   163.561
[40,10]   [50,50,10] (25)   142.669
[40,10]   [50,50,10] (30)   135.211
[40,10]   [50,50,15] (0)   163.841
[40,10]   [50,50,15] (5)   167.035
[40,10]   [50,50,15] (10)   165.959
[40,10]   [50,50,15] (15)   166.318
[40,10]   [50,50,15] (20)   165.52
[40,10]   [50,50,15] (25)   139.569
[40,10]   [50,50,15] (30)   130.142
[40,10]   [50,50,20] (0)   163.556
[40,10]   [50,50,20] (5)   163.784
[40,10]   [50,50,20] (10)   162.643
[40,10]   [50,50,20] (15)   163.83
[40,10]   [50,50,20] (20)   163.106
[40,10]   [50,50,20] (25)   143.754
[40,10]   [50,50,20] (30)   137.112
[40,10]   [50,60,5] (0)   165.37
[40,10]   [50,60,5] (5)   176.863
[40,10]   [50,60,5] (10)   177.778
[40,10]   [50,60,5] (15)   165.902
[40,10]   [50,60,5] (20)   166.036
[40,10]   [50,60,5] (25)   164.534
[40,10]   [50,60,5] (30)   161.816
[40,10]   [50,60,10] (0)   168.858
[40,10]   [50,60,10] (5)   166.956
[40,10]   [50,60,10] (10)   170.107
[40,10]   [50,60,10] (15)   160.493
[40,10]   [50,60,10] (20)   170.541
[40,10]   [50,60,10] (25)   167.095
[40,10]   [50,60,10] (30)   173.735
[40,10]   [50,60,15] (0)   170.083
[40,10]   [50,60,15] (5)   183.23
[40,10]   [50,60,15] (10)   163.97
[40,10]   [50,60,15] (15)   165.536
[40,10]   [50,60,15] (20)   191.287
[40,10]   [50,60,15] (25)   168.972
[40,10]   [50,60,15] (30)   167.734
[40,10]   [50,60,20] (0)   165.232
[40,10]   [50,60,20] (5)   189.177
[40,10]   [50,60,20] (10)   164.503
[40,10]   [50,60,20] (15)   142.953
[40,10]   [50,60,20] (20)   172.961
[40,10]   [50,60,20] (25)   153.91
[40,10]   [50,60,20] (30)   168.283
[40,10]   [60,10,5] (0)   22112.4
[40,10]   [60,10,5] (5)   14484.4
[40,10]   [60,10,5] (10)   4151.62
[40,10]   [60,10,5] (15)   78.6725
[40,10]   [60,10,5] (20)   75.1728
[40,10]   [60,10,5] (25)   78.8445
[40,10]   [60,10,5] (30)   83.7645
[40,10]   [60,10,10] (0)   21245.1
[40,10]   [60,10,10] (5)   16621.1
[40,10]   [60,10,10] (10)   9110.56
[40,10]   [60,10,10] (15)   3900.06
[40,10]   [60,10,10] (20)   170.692
[40,10]   [60,10,10] (25)   96.0196
[40,10]   [60,10,10] (30)   97.8983
[40,10]   [60,10,15] (0)   21536.5
[40,10]   [60,10,15] (5)   12788
[40,10]   [60,10,15] (10)   6425.99
[40,10]   [60,10,15] (15)   378.59
[40,10]   [60,10,15] (20)   105.778
[40,10]   [60,10,15] (25)   100.756
[40,10]   [60,10,15] (30)   102.314
[40,10]   [60,10,20] (0)   21925.3
[40,10]   [60,10,20] (5)   13337.6
[40,10]   [60,10,20] (10)   5791.59
[40,10]   [60,10,20] (15)   3936.93
[40,10]   [60,10,20] (20)   124.039
[40,10]   [60,10,20] (25)   113.77
[40,10]   [60,10,20] (30)   116.097
[40,10]   [60,20,5] (0)   15569.1
[40,10]   [60,20,5] (5)   15442.1
[40,10]   [60,20,5] (10)   12624.1
[40,10]   [60,20,5] (15)   3498.12
[40,10]   [60,20,5] (20)   90.1614
[40,10]   [60,20,5] (25)   82.4751
[40,10]   [60,20,5] (30)   86.2538
[40,10]   [60,20,10] (0)   15533.5
[40,10]   [60,20,10] (5)   15613.8
[40,10]   [60,20,10] (10)   13377.3
[40,10]   [60,20,10] (15)   6863.39
[40,10]   [60,20,10] (20)   2270.53
[40,10]   [60,20,10] (25)   108.475
[40,10]   [60,20,10] (30)   101.528
[40,10]   [60,20,15] (0)   15580.9
[40,10]   [60,20,15] (5)   15485.5
[40,10]   [60,20,15] (10)   11351.8
[40,10]   [60,20,15] (15)   4244.2
[40,10]   [60,20,15] (20)   567.144
[40,10]   [60,20,15] (25)   105.014
[40,10]   [60,20,15] (30)   105.302
[40,10]   [60,20,20] (0)   15657.8
[40,10]   [60,20,20] (5)   15425.7
[40,10]   [60,20,20] (10)   12446.2
[40,10]   [60,20,20] (15)   2763.15
[40,10]   [60,20,20] (20)   1897.59
[40,10]   [60,20,20] (25)   125.702
[40,10]   [60,20,20] (30)   117.776
[40,10]   [60,30,5] (0)   10354.6
[40,10]   [60,30,5] (5)   10557
[40,10]   [60,30,5] (10)   10333.9
[40,10]   [60,30,5] (15)   8742.74
[40,10]   [60,30,5] (20)   2530.39
[40,10]   [60,30,5] (25)   93.3265
[40,10]   [60,30,5] (30)   90.2993
[40,10]   [60,30,10] (0)   10388.3
[40,10]   [60,30,10] (5)   10591.9
[40,10]   [60,30,10] (10)   10360.5
[40,10]   [60,30,10] (15)   9318.36
[40,10]   [60,30,10] (20)   4397.97
[40,10]   [60,30,10] (25)   545.18
[40,10]   [60,30,10] (30)   109.532
[40,10]   [60,30,15] (0)   10265.4
[40,10]   [60,30,15] (5)   10369.1
[40,10]   [60,30,15] (10)   10312.1
[40,10]   [60,30,15] (15)   8212.52
[40,10]   [60,30,15] (20)   2142.4
[40,10]   [60,30,15] (25)   120.589
[40,10]   [60,30,15] (30)   110.698
[40,10]   [60,30,20] (0)   10332.1
[40,10]   [60,30,20] (5)   10351.1
[40,10]   [60,30,20] (10)   10407.9
[40,10]   [60,30,20] (15)   8633.85
[40,10]   [60,30,20] (20)   1614.13
[40,10]   [60,30,20] (25)   129.112
[40,10]   [60,30,20] (30)   123.19
[40,10]   [60,40,5] (0)   6405.64
[40,10]   [60,40,5] (5)   6423.52
[40,10]   [60,40,5] (10)   6393.46
[40,10]   [60,40,5] (15)   6413.92
[40,10]   [60,40,5] (20)   6065.42
[40,10]   [60,40,5] (25)   1691.88
[40,10]   [60,40,5] (30)   107.74
[40,10]   [60,40,10] (0)   6432.4
[40,10]   [60,40,10] (5)   6419.35
[40,10]   [60,40,10] (10)   6370.07
[40,10]   [60,40,10] (15)   6724.23
[40,10]   [60,40,10] (20)   6430.93
[40,10]   [60,40,10] (25)   2974.43
[40,10]   [60,40,10] (30)   135.927
[40,10]   [60,40,15] (0)   6479.6
[40,10]   [60,40,15] (5)   6454.44
[40,10]   [60,40,15] (10)   6389.1
[40,10]   [60,40,15] (15)   6284.74
[40,10]   [60,40,15] (20)   5463.11
[40,10]   [60,40,15] (25)   1118.71
[40,10]   [60,40,15] (30)   124.043
[40,10]   [60,40,20] (0)   6570.52
[40,10]   [60,40,20] (5)   6407.39
[40,10]   [60,40,20] (10)   6370.35
[40,10]   [60,40,20] (15)   6431.17
[40,10]   [60,40,20] (20)   5880
[40,10]   [60,40,20] (25)   627.185
[40,10]   [60,40,20] (30)   130.582
[40,10]   [60,50,5] (0)   2679.3
[40,10]   [60,50,5] (5)   2601.46
[40,10]   [60,50,5] (10)   2628.06
[40,10]   [60,50,5] (15)   2591.91
[40,10]   [60,50,5] (20)   2578.71
[40,10]   [60,50,5] (25)   2409.81
[40,10]   [60,50,5] (30)   240.627
[40,10]   [60,50,10] (0)   2602.66
[40,10]   [60,50,10] (5)   2591.66
[40,10]   [60,50,10] (10)   2667.01
[40,10]   [60,50,10] (15)   2597.18
[40,10]   [60,50,10] (20)   2550.12
[40,10]   [60,50,10] (25)   2512.96
[40,10]   [60,50,10] (30)   477.843
[40,10]   [60,50,15] (0)   2656.22
[40,10]   [60,50,15] (5)   2704.83
[40,10]   [60,50,15] (10)   2626.08
[40,10]   [60,50,15] (15)   2590.57
[40,10]   [60,50,15] (20)   2667.18
[40,10]   [60,50,15] (25)   2154.11
[40,10]   [60,50,15] (30)   158.047
[40,10]   [60,50,20] (0)   2634.62
[40,10]   [60,50,20] (5)   2687.8
[40,10]   [60,50,20] (10)   2691.77
[40,10]   [60,50,20] (15)   2625.38
[40,10]   [60,50,20] (20)   2629.18
[40,10]   [60,50,20] (25)   2175.16
[40,10]   [60,50,20] (30)   162.882
[40,10]   [60,60,5] (0)   158.449
[40,10]   [60,60,5] (5)   158.149
[40,10]   [60,60,5] (10)   157.733
[40,10]   [60,60,5] (15)   157.018
[40,10]   [60,60,5] (20)   156.51
[40,10]   [60,60,5] (25)   157.45
[40,10]   [60,60,5] (30)   153.543
[40,10]   [60,60,10] (0)   155.167
[40,10]   [60,60,10] (5)   158.696
[40,10]   [60,60,10] (10)   154.946
[40,10]   [60,60,10] (15)   157.204
[40,10]   [60,60,10] (20)   158.016
[40,10]   [60,60,10] (25)   158.823
[40,10]   [60,60,10] (30)   154.417
[40,10]   [60,60,15] (0)   154.93
[40,10]   [60,60,15] (5)   158.02
[40,10]   [60,60,15] (10)   159.014
[40,10]   [60,60,15] (15)   155.906
[40,10]   [60,60,15] (20)   156.814
[40,10]   [60,60,15] (25)   156.753
[40,10]   [60,60,15] (30)   154.521
[40,10]   [60,60,20] (0)   157.163
[40,10]   [60,60,20] (5)   156.711
[40,10]   [60,60,20] (10)   157.057
[40,10]   [60,60,20] (15)   157.526
[40,10]   [60,60,20] (20)   155.559
[40,10]   [60,60,20] (25)   156.786
[40,10]   [60,60,20] (30)   156.676
