[50,50]   [10,10,5] (0)   99.5742
[50,50]   [10,10,5] (5)   74.6594
[50,50]   [10,10,5] (10)   73.4055
[50,50]   [10,10,5] (15)   83.3175
[50,50]   [10,10,5] (20)   93.3304
[50,50]   [10,10,5] (25)   103.413
[50,50]   [10,10,5] (30)   113.353
[50,50]   [10,10,10] (0)   101.037
[50,50]   [10,10,10] (5)   84.9556
[50,50]   [10,10,10] (10)   90.2005
[50,50]   [10,10,10] (15)   99.2378
[50,50]   [10,10,10] (20)   107.784
[50,50]   [10,10,10] (25)   116.374
[50,50]   [10,10,10] (30)   125.427
[50,50]   [10,10,15] (0)   100.344
[50,50]   [10,10,15] (5)   86.8559
[50,50]   [10,10,15] (10)   93.9485
[50,50]   [10,10,15] (15)   102.572
[50,50]   [10,10,15] (20)   111.552
[50,50]   [10,10,15] (25)   120.722
[50,50]   [10,10,15] (30)   129.307
[50,50]   [10,10,20] (0)   98.8495
[50,50]   [10,10,20] (5)   96.2699
[50,50]   [10,10,20] (10)   104.1
[50,50]   [10,10,20] (15)   112.305
[50,50]   [10,10,20] (20)   121.032
[50,50]   [10,10,20] (25)   129.675
[50,50]   [10,10,20] (30)   138.396
[50,50]   [10,20,5] (0)   8151.52
[50,50]   [10,20,5] (5)   8208.76
[50,50]   [10,20,5] (10)   8115.03
[50,50]   [10,20,5] (15)   8183.03
[50,50]   [10,20,5] (20)   8089.83
[50,50]   [10,20,5] (25)   7316.07
[50,50]   [10,20,5] (30)   6374.8
[50,50]   [10,20,10] (0)   8054.83
[50,50]   [10,20,10] (5)   8058.77
[50,50]   [10,20,10] (10)   8084.39
[50,50]   [10,20,10] (15)   8134.34
[50,50]   [10,20,10] (20)   8033.06
[50,50]   [10,20,10] (25)   8165.13
[50,50]   [10,20,10] (30)   8209.12
[50,50]   [10,20,15] (0)   8056.24
[50,50]   [10,20,15] (5)   8055.3
[50,50]   [10,20,15] (10)   8144.48
[50,50]   [10,20,15] (15)   8019.69
[50,50]   [10,20,15] (20)   8189.91
[50,50]   [10,20,15] (25)   7082.1
[50,50]   [10,20,15] (30)   6091.35
[50,50]   [10,20,20] (0)   8172.01
[50,50]   [10,20,20] (5)   8154.4
[50,50]   [10,20,20] (10)   8039.97
[50,50]   [10,20,20] (15)   8117.19
[50,50]   [10,20,20] (20)   8177.27
[50,50]   [10,20,20] (25)   8090.18
[50,50]   [10,20,20] (30)   8154.16
[50,50]   [10,30,5] (0)   17252.1
[50,50]   [10,30,5] (5)   17354.3
[50,50]   [10,30,5] (10)   17357.2
[50,50]   [10,30,5] (15)   17171.8
[50,50]   [10,30,5] (20)   17361
[50,50]   [10,30,5] (25)   17226.5
[50,50]   [10,30,5] (30)   16015
[50,50]   [10,30,10] (0)   17316
[50,50]   [10,30,10] (5)   17157.1
[50,50]   [10,30,10] (10)   17466.9
[50,50]   [10,30,10] (15)   17314.5
[50,50]   [10,30,10] (20)   17406.2
[50,50]   [10,30,10] (25)   17300.2
[50,50]   [10,30,10] (30)   17281.3
[50,50]   [10,30,15] (0)   17323.8
[50,50]   [10,30,15] (5)   17334.5
[50,50]   [10,30,15] (10)   17455.5
[50,50]   [10,30,15] (15)   17358.9
[50,50]   [10,30,15] (20)   17298.9
[50,50]   [10,30,15] (25)   17321.5
[50,50]   [10,30,15] (30)   16368.8
[50,50]   [10,30,20] (0)   17358.5
[50,50]   [10,30,20] (5)   17344
[50,50]   [10,30,20] (10)   17344.3
[50,50]   [10,30,20] (15)   17319.6
[50,50]   [10,30,20] (20)   17512.2
[50,50]   [10,30,20] (25)   17430.5
[50,50]   [10,30,20] (30)   17406
[50,50]   [10,40,5] (0)   34157
[50,50]   [10,40,5] (5)   34201.6
[50,50]   [10,40,5] (10)   34180
[50,50]   [10,40,5] (15)   34195.7
[50,50]   [10,40,5] (20)   34134.6
[50,50]   [10,40,5] (25)   34130.6
[50,50]   [10,40,5] (30)   34147.4
[50,50]   [10,40,10] (0)   34150.3
[50,50]   [10,40,10] (5)   34123.4
[50,50]   [10,40,10] (10)   34150.1
[50,50]   [10,40,10] (15)   34151.4
[50,50]   [10,40,10] (20)   34159.3
[50,50]   [10,40,10] (25)   34191.3
[50,50]   [10,40,10] (30)   34161
[50,50]   [10,40,15] (0)   34162.1
[50,50]   [10,40,15] (5)   34136.5
[50,50]   [10,40,15] (10)   34184.7
[50,50]   [10,40,15] (15)   34141.8
[50,50]   [10,40,15] (20)   33995.4
[50,50]   [10,40,15] (25)   34192.7
[50,50]   [10,40,15] (30)   34092.8
[50,50]   [10,40,20] (0)   34134.2
[50,50]   [10,40,20] (5)   33941.8
[50,50]   [10,40,20] (10)   34130.2
[50,50]   [10,40,20] (15)   34132.1
[50,50]   [10,40,20] (20)   34215.8
[50,50]   [10,40,20] (25)   34170
[50,50]   [10,40,20] (30)   34113.2
[50,50]   [10,50,5] (0)   32602.4
[50,50]   [10,50,5] (5)   32681
[50,50]   [10,50,5] (10)   32615.1
[50,50]   [10,50,5] (15)   32643
[50,50]   [10,50,5] (20)   32640.9
[50,50]   [10,50,5] (25)   32651.5
[50,50]   [10,50,5] (30)   32664
[50,50]   [10,50,10] (0)   32672.7
[50,50]   [10,50,10] (5)   32634.3
[50,50]   [10,50,10] (10)   32476.3
[50,50]   [10,50,10] (15)   32625.7
[50,50]   [10,50,10] (20)   32640.7
[50,50]   [10,50,10] (25)   32634.9
[50,50]   [10,50,10] (30)   32571.4
[50,50]   [10,50,15] (0)   32664.6
[50,50]   [10,50,15] (5)   32728.3
[50,50]   [10,50,15] (10)   32654.6
[50,50]   [10,50,15] (15)   32692.6
[50,50]   [10,50,15] (20)   32602.4
[50,50]   [10,50,15] (25)   32654.4
[50,50]   [10,50,15] (30)   32610.5
[50,50]   [10,50,20] (0)   32672.8
[50,50]   [10,50,20] (5)   32682.4
[50,50]   [10,50,20] (10)   32581.7
[50,50]   [10,50,20] (15)   32597.1
[50,50]   [10,50,20] (20)   32639.6
[50,50]   [10,50,20] (25)   32655
[50,50]   [10,50,20] (30)   32461.5
[50,50]   [10,60,5] (0)   38489.4
[50,50]   [10,60,5] (5)   38505.5
[50,50]   [10,60,5] (10)   38492.2
[50,50]   [10,60,5] (15)   38537.6
[50,50]   [10,60,5] (20)   38493.1
[50,50]   [10,60,5] (25)   38533.7
[50,50]   [10,60,5] (30)   38522.2
[50,50]   [10,60,10] (0)   38520.5
[50,50]   [10,60,10] (5)   38554.4
[50,50]   [10,60,10] (10)   38387.7
[50,50]   [10,60,10] (15)   38554.5
[50,50]   [10,60,10] (20)   38758.9
[50,50]   [10,60,10] (25)   38458.9
[50,50]   [10,60,10] (30)   38517.9
[50,50]   [10,60,15] (0)   38551.9
[50,50]   [10,60,15] (5)   38532.5
[50,50]   [10,60,15] (10)   38502
[50,50]   [10,60,15] (15)   38545.8
[50,50]   [10,60,15] (20)   38441.9
[50,50]   [10,60,15] (25)   38528.2
[50,50]   [10,60,15] (30)   38581.2
[50,50]   [10,60,20] (0)   38554
[50,50]   [10,60,20] (5)   38544.4
[50,50]   [10,60,20] (10)   38506.2
[50,50]   [10,60,20] (15)   38546.5
[50,50]   [10,60,20] (20)   38535.5
[50,50]   [10,60,20] (25)   38536.9
[50,50]   [10,60,20] (30)   38520.7
[50,50]   [20,10,5] (0)   7586.21
[50,50]   [20,10,5] (5)   1503.79
[50,50]   [20,10,5] (10)   75.7873
[50,50]   [20,10,5] (15)   79.23
[50,50]   [20,10,5] (20)   88.3908
[50,50]   [20,10,5] (25)   97.835
[50,50]   [20,10,5] (30)   108.17
[50,50]   [20,10,10] (0)   7522.78
[50,50]   [20,10,10] (5)   1638.08
[50,50]   [20,10,10] (10)   94.9449
[50,50]   [20,10,10] (15)   97.9046
[50,50]   [20,10,10] (20)   105.749
[50,50]   [20,10,10] (25)   113.798
[50,50]   [20,10,10] (30)   122.337
[50,50]   [20,10,15] (0)   7590.69
[50,50]   [20,10,15] (5)   119.927
[50,50]   [20,10,15] (10)   98.5099
[50,50]   [20,10,15] (15)   104.63
[50,50]   [20,10,15] (20)   112.843
[50,50]   [20,10,15] (25)   120.928
[50,50]   [20,10,15] (30)   129.379
[50,50]   [20,10,20] (0)   7545.89
[50,50]   [20,10,20] (5)   154.303
[50,50]   [20,10,20] (10)   109.563
[50,50]   [20,10,20] (15)   114.753
[50,50]   [20,10,20] (20)   123.096
[50,50]   [20,10,20] (25)   130.804
[50,50]   [20,10,20] (30)   139.042
[50,50]   [20,20,5] (0)   133.007
[50,50]   [20,20,5] (5)   134.749
[50,50]   [20,20,5] (10)   121.223
[50,50]   [20,20,5] (15)   106.741
[50,50]   [20,20,5] (20)   114.626
[50,50]   [20,20,5] (25)   122.719
[50,50]   [20,20,5] (30)   130.838
[50,50]   [20,20,10] (0)   137.646
[50,50]   [20,20,10] (5)   135.307
[50,50]   [20,20,10] (10)   126.557
[50,50]   [20,20,10] (15)   122.352
[50,50]   [20,20,10] (20)   130.617
[50,50]   [20,20,10] (25)   138.315
[50,50]   [20,20,10] (30)   145.748
[50,50]   [20,20,15] (0)   136.002
[50,50]   [20,20,15] (5)   133.53
[50,50]   [20,20,15] (10)   123.257
[50,50]   [20,20,15] (15)   124.748
[50,50]   [20,20,15] (20)   131.995
[50,50]   [20,20,15] (25)   140.122
[50,50]   [20,20,15] (30)   147.744
[50,50]   [20,20,20] (0)   136.443
[50,50]   [20,20,20] (5)   134.787
[50,50]   [20,20,20] (10)   129.137
[50,50]   [20,20,20] (15)   134.283
[50,50]   [20,20,20] (20)   142.591
[50,50]   [20,20,20] (25)   150.054
[50,50]   [20,20,20] (30)   157.629
[50,50]   [20,30,5] (0)   7965.95
[50,50]   [20,30,5] (5)   8034.44
[50,50]   [20,30,5] (10)   8065.21
[50,50]   [20,30,5] (15)   8014.25
[50,50]   [20,30,5] (20)   7963.65
[50,50]   [20,30,5] (25)   8026.24
[50,50]   [20,30,5] (30)   6133.06
[50,50]   [20,30,10] (0)   8027.42
[50,50]   [20,30,10] (5)   7995.27
[50,50]   [20,30,10] (10)   8102.53
[50,50]   [20,30,10] (15)   8061.45
[50,50]   [20,30,10] (20)   8006.34
[50,50]   [20,30,10] (25)   8010.22
[50,50]   [20,30,10] (30)   5732.94
[50,50]   [20,30,15] (0)   8124.65
[50,50]   [20,30,15] (5)   7997.21
[50,50]   [20,30,15] (10)   8058.55
[50,50]   [20,30,15] (15)   7926.82
[50,50]   [20,30,15] (20)   8024.7
[50,50]   [20,30,15] (25)   8000.07
[50,50]   [20,30,15] (30)   6257.37
[50,50]   [20,30,20] (0)   8017.95
[50,50]   [20,30,20] (5)   7904.15
[50,50]   [20,30,20] (10)   8064.56
[50,50]   [20,30,20] (15)   7916.13
[50,50]   [20,30,20] (20)   7940.06
[50,50]   [20,30,20] (25)   7853.51
[50,50]   [20,30,20] (30)   8121.67
[50,50]   [20,40,5] (0)   14273.2
[50,50]   [20,40,5] (5)   14431.4
[50,50]   [20,40,5] (10)   14334.6
[50,50]   [20,40,5] (15)   14241.5
[50,50]   [20,40,5] (20)   14161
[50,50]   [20,40,5] (25)   14175.4
[50,50]   [20,40,5] (30)   14190.8
[50,50]   [20,40,10] (0)   14299.3
[50,50]   [20,40,10] (5)   14290.8
[50,50]   [20,40,10] (10)   14347.9
[50,50]   [20,40,10] (15)   14277.1
[50,50]   [20,40,10] (20)   14124.3
[50,50]   [20,40,10] (25)   14361.6
[50,50]   [20,40,10] (30)   14361.5
[50,50]   [20,40,15] (0)   14268.5
[50,50]   [20,40,15] (5)   14201.7
[50,50]   [20,40,15] (10)   14321
[50,50]   [20,40,15] (15)   14324.3
[50,50]   [20,40,15] (20)   14432.3
[50,50]   [20,40,15] (25)   14366.6
[50,50]   [20,40,15] (30)   14378.4
[50,50]   [20,40,20] (0)   14309
[50,50]   [20,40,20] (5)   14374.6
[50,50]   [20,40,20] (10)   14308.5
[50,50]   [20,40,20] (15)   14247.7
[50,50]   [20,40,20] (20)   14276.3
[50,50]   [20,40,20] (25)   14110.3
[50,50]   [20,40,20] (30)   14472
[50,50]   [20,50,5] (0)   21344.2
[50,50]   [20,50,5] (5)   21565.2
[50,50]   [20,50,5] (10)   21327.3
[50,50]   [20,50,5] (15)   21389.2
[50,50]   [20,50,5] (20)   21356.8
[50,50]   [20,50,5] (25)   21368.7
[50,50]   [20,50,5] (30)   21287.6
[50,50]   [20,50,10] (0)   21022.6
[50,50]   [20,50,10] (5)   21226.6
[50,50]   [20,50,10] (10)   21249.4
[50,50]   [20,50,10] (15)   21560.9
[50,50]   [20,50,10] (20)   21389.9
[50,50]   [20,50,10] (25)   21282.1
[50,50]   [20,50,10] (30)   21388.8
[50,50]   [20,50,15] (0)   21403.1
[50,50]   [20,50,15] (5)   21405
[50,50]   [20,50,15] (10)   21313.3
[50,50]   [20,50,15] (15)   21361.5
[50,50]   [20,50,15] (20)   21230.3
[50,50]   [20,50,15] (25)   21290.1
[50,50]   [20,50,15] (30)   21294.3
[50,50]   [20,50,20] (0)   21351.4
[50,50]   [20,50,20] (5)   21303.6
[50,50]   [20,50,20] (10)   21417.1
[50,50]   [20,50,20] (15)   21411.4
[50,50]   [20,50,20] (20)   21360.5
[50,50]   [20,50,20] (25)   21471.3
[50,50]   [20,50,20] (30)   21420.3
[50,50]   [20,60,5] (0)   27596.6
[50,50]   [20,60,5] (5)   27642.6
[50,50]   [20,60,5] (10)   27640.9
[50,50]   [20,60,5] (15)   27629.1
[50,50]   [20,60,5] (20)   27700.6
[50,50]   [20,60,5] (25)   27497
[50,50]   [20,60,5] (30)   27549.8
[50,50]   [20,60,10] (0)   27552.7
[50,50]   [20,60,10] (5)   27626.1
[50,50]   [20,60,10] (10)   27586.3
[50,50]   [20,60,10] (15)   27708.1
[50,50]   [20,60,10] (20)   27646.6
[50,50]   [20,60,10] (25)   27625
[50,50]   [20,60,10] (30)   27597.5
[50,50]   [20,60,15] (0)   27746
[50,50]   [20,60,15] (5)   27560.4
[50,50]   [20,60,15] (10)   27633.4
[50,50]   [20,60,15] (15)   27656.2
[50,50]   [20,60,15] (20)   27675.6
[50,50]   [20,60,15] (25)   27506.5
[50,50]   [20,60,15] (30)   27471.9
[50,50]   [20,60,20] (0)   27709.9
[50,50]   [20,60,20] (5)   27520.9
[50,50]   [20,60,20] (10)   27716.9
[50,50]   [20,60,20] (15)   27478.3
[50,50]   [20,60,20] (20)   27611.5
[50,50]   [20,60,20] (25)   27637.2
[50,50]   [20,60,20] (30)   27501.9
[50,50]   [30,10,5] (0)   13980.5
[50,50]   [30,10,5] (5)   6842.58
[50,50]   [30,10,5] (10)   91.8456
[50,50]   [30,10,5] (15)   84.5292
[50,50]   [30,10,5] (20)   86.2199
[50,50]   [30,10,5] (25)   93.5632
[50,50]   [30,10,5] (30)   103.507
[50,50]   [30,10,10] (0)   14119
[50,50]   [30,10,10] (5)   7448.09
[50,50]   [30,10,10] (10)   125.461
[50,50]   [30,10,10] (15)   104.652
[50,50]   [30,10,10] (20)   106.353
[50,50]   [30,10,10] (25)   113.066
[50,50]   [30,10,10] (30)   121.095
[50,50]   [30,10,15] (0)   14009
[50,50]   [30,10,15] (5)   3574.36
[50,50]   [30,10,15] (10)   110.561
[50,50]   [30,10,15] (15)   110.114
[50,50]   [30,10,15] (20)   113.323
[50,50]   [30,10,15] (25)   120.994
[50,50]   [30,10,15] (30)   129.212
[50,50]   [30,10,20] (0)   14238
[50,50]   [30,10,20] (5)   3349
[50,50]   [30,10,20] (10)   116.779
[50,50]   [30,10,20] (15)   117.853
[50,50]   [30,10,20] (20)   125.073
[50,50]   [30,10,20] (25)   132.172
[50,50]   [30,10,20] (30)   140.309
[50,50]   [30,20,5] (0)   8016.64
[50,50]   [30,20,5] (5)   8018.8
[50,50]   [30,20,5] (10)   4450.14
[50,50]   [30,20,5] (15)   116.611
[50,50]   [30,20,5] (20)   101.248
[50,50]   [30,20,5] (25)   104.867
[50,50]   [30,20,5] (30)   113.906
[50,50]   [30,20,10] (0)   8010.4
[50,50]   [30,20,10] (5)   8027.89
[50,50]   [30,20,10] (10)   5035.52
[50,50]   [30,20,10] (15)   128.055
[50,50]   [30,20,10] (20)   121.522
[50,50]   [30,20,10] (25)   126.687
[50,50]   [30,20,10] (30)   134.785
[50,50]   [30,20,15] (0)   8062.54
[50,50]   [30,20,15] (5)   8060.53
[50,50]   [30,20,15] (10)   3627.89
[50,50]   [30,20,15] (15)   126.713
[50,50]   [30,20,15] (20)   126.792
[50,50]   [30,20,15] (25)   133.483
[50,50]   [30,20,15] (30)   141.214
[50,50]   [30,20,20] (0)   8030
[50,50]   [30,20,20] (5)   8029.06
[50,50]   [30,20,20] (10)   3802.59
[50,50]   [30,20,20] (15)   138.124
[50,50]   [30,20,20] (20)   139.628
[50,50]   [30,20,20] (25)   145.955
[50,50]   [30,20,20] (30)   153.93
[50,50]   [30,30,5] (0)   162.149
[50,50]   [30,30,5] (5)   165.646
[50,50]   [30,30,5] (10)   165.403
[50,50]   [30,30,5] (15)   151.481
[50,50]   [30,30,5] (20)   130.686
[50,50]   [30,30,5] (25)   128.471
[50,50]   [30,30,5] (30)   136.691
[50,50]   [30,30,10] (0)   163.778
[50,50]   [30,30,10] (5)   166.228
[50,50]   [30,30,10] (10)   162.664
[50,50]   [30,30,10] (15)   155.77
[50,50]   [30,30,10] (20)   143.821
[50,50]   [30,30,10] (25)   147.735
[50,50]   [30,30,10] (30)   155.594
[50,50]   [30,30,15] (0)   163.653
[50,50]   [30,30,15] (5)   166.887
[50,50]   [30,30,15] (10)   164.529
[50,50]   [30,30,15] (15)   151.704
[50,50]   [30,30,15] (20)   145.028
[50,50]   [30,30,15] (25)   150.059
[50,50]   [30,30,15] (30)   157.99
[50,50]   [30,30,20] (0)   164.878
[50,50]   [30,30,20] (5)   164.502
[50,50]   [30,30,20] (10)   163.194
[50,50]   [30,30,20] (15)   155.601
[50,50]   [30,30,20] (20)   153.975
[50,50]   [30,30,20] (25)   160.493
[50,50]   [30,30,20] (30)   168.1
[50,50]   [30,40,5] (0)   3688.05
[50,50]   [30,40,5] (5)   3638.73
[50,50]   [30,40,5] (10)   3648.34
[50,50]   [30,40,5] (15)   3581.73
[50,50]   [30,40,5] (20)   3699.67
[50,50]   [30,40,5] (25)   3611.68
[50,50]   [30,40,5] (30)   3683.46
[50,50]   [30,40,10] (0)   3498.32
[50,50]   [30,40,10] (5)   3543.34
[50,50]   [30,40,10] (10)   3656.32
[50,50]   [30,40,10] (15)   3600.91
[50,50]   [30,40,10] (20)   3557.33
[50,50]   [30,40,10] (25)   3563.11
[50,50]   [30,40,10] (30)   3639.59
[50,50]   [30,40,15] (0)   3758.87
[50,50]   [30,40,15] (5)   3538.19
[50,50]   [30,40,15] (10)   3548.12
[50,50]   [30,40,15] (15)   3548.89
[50,50]   [30,40,15] (20)   3488.52
[50,50]   [30,40,15] (25)   3749.52
[50,50]   [30,40,15] (30)   3598.35
[50,50]   [30,40,20] (0)   3598.29
[50,50]   [30,40,20] (5)   3533.57
[50,50]   [30,40,20] (10)   3627.03
[50,50]   [30,40,20] (15)   3684.69
[50,50]   [30,40,20] (20)   3630.54
[50,50]   [30,40,20] (25)   3629.5
[50,50]   [30,40,20] (30)   3633.66
[50,50]   [30,50,5] (0)   10752.3
[50,50]   [30,50,5] (5)   10912.9
[50,50]   [30,50,5] (10)   10930.3
[50,50]   [30,50,5] (15)   10881.8
[50,50]   [30,50,5] (20)   10985.9
[50,50]   [30,50,5] (25)   10845.9
[50,50]   [30,50,5] (30)   10994.6
[50,50]   [30,50,10] (0)   10887.8
[50,50]   [30,50,10] (5)   11043.7
[50,50]   [30,50,10] (10)   10749.4
[50,50]   [30,50,10] (15)   10973.4
[50,50]   [30,50,10] (20)   10949.7
[50,50]   [30,50,10] (25)   10985
[50,50]   [30,50,10] (30)   11071.4
[50,50]   [30,50,15] (0)   10884
[50,50]   [30,50,15] (5)   10903.1
[50,50]   [30,50,15] (10)   10987.1
[50,50]   [30,50,15] (15)   11028.2
[50,50]   [30,50,15] (20)   10950.3
[50,50]   [30,50,15] (25)   10798.9
[50,50]   [30,50,15] (30)   11019.5
[50,50]   [30,50,20] (0)   10982.2
[50,50]   [30,50,20] (5)   10880.3
[50,50]   [30,50,20] (10)   10871
[50,50]   [30,50,20] (15)   10945
[50,50]   [30,50,20] (20)   10845.4
[50,50]   [30,50,20] (25)   10913.1
[50,50]   [30,50,20] (30)   10922.7
[50,50]   [30,60,5] (0)   17411.2
[50,50]   [30,60,5] (5)   17330.1
[50,50]   [30,60,5] (10)   17003
[50,50]   [30,60,5] (15)   17273.3
[50,50]   [30,60,5] (20)   16996.9
[50,50]   [30,60,5] (25)   17285.1
[50,50]   [30,60,5] (30)   17185.3
[50,50]   [30,60,10] (0)   17195.7
[50,50]   [30,60,10] (5)   17302.7
[50,50]   [30,60,10] (10)   17065.4
[50,50]   [30,60,10] (15)   17171.9
[50,50]   [30,60,10] (20)   17277.6
[50,50]   [30,60,10] (25)   17355.1
[50,50]   [30,60,10] (30)   17294.5
[50,50]   [30,60,15] (0)   17120.9
[50,50]   [30,60,15] (5)   17556.6
[50,50]   [30,60,15] (10)   17128.2
[50,50]   [30,60,15] (15)   17262.7
[50,50]   [30,60,15] (20)   17271.2
[50,50]   [30,60,15] (25)   17247
[50,50]   [30,60,15] (30)   17397.5
[50,50]   [30,60,20] (0)   17384.6
[50,50]   [30,60,20] (5)   17182.9
[50,50]   [30,60,20] (10)   17302.5
[50,50]   [30,60,20] (15)   17458.3
[50,50]   [30,60,20] (20)   17079.4
[50,50]   [30,60,20] (25)   17480.8
[50,50]   [30,60,20] (30)   17177
[50,50]   [40,10,5] (0)   25238.2
[50,50]   [40,10,5] (5)   12184.2
[50,50]   [40,10,5] (10)   142.873
[50,50]   [40,10,5] (15)   92.5648
[50,50]   [40,10,5] (20)   91.9038
[50,50]   [40,10,5] (25)   94.2456
[50,50]   [40,10,5] (30)   100.504
[50,50]   [40,10,10] (0)   25298.4
[50,50]   [40,10,10] (5)   12493.7
[50,50]   [40,10,10] (10)   3707.37
[50,50]   [40,10,10] (15)   119.468
[50,50]   [40,10,10] (20)   112.993
[50,50]   [40,10,10] (25)   113.944
[50,50]   [40,10,10] (30)   119.326
[50,50]   [40,10,15] (0)   25390.1
[50,50]   [40,10,15] (5)   8998.82
[50,50]   [40,10,15] (10)   1437.13
[50,50]   [40,10,15] (15)   121.827
[50,50]   [40,10,15] (20)   119.039
[50,50]   [40,10,15] (25)   122.255
[50,50]   [40,10,15] (30)   128.404
[50,50]   [40,10,20] (0)   25278
[50,50]   [40,10,20] (5)   8456.46
[50,50]   [40,10,20] (10)   137.51
[50,50]   [40,10,20] (15)   134.496
[50,50]   [40,10,20] (20)   133.38
[50,50]   [40,10,20] (25)   137.171
[50,50]   [40,10,20] (30)   143.367
[50,50]   [40,20,5] (0)   11898.5
[50,50]   [40,20,5] (5)   11907.2
[50,50]   [40,20,5] (10)   9162.39
[50,50]   [40,20,5] (15)   201.256
[50,50]   [40,20,5] (20)   108.786
[50,50]   [40,20,5] (25)   105.486
[50,50]   [40,20,5] (30)   108.45
[50,50]   [40,20,10] (0)   11789.8
[50,50]   [40,20,10] (5)   11745.5
[50,50]   [40,20,10] (10)   9609.5
[50,50]   [40,20,10] (15)   1586.93
[50,50]   [40,20,10] (20)   130.697
[50,50]   [40,20,10] (25)   126.315
[50,50]   [40,20,10] (30)   129.805
[50,50]   [40,20,15] (0)   11758
[50,50]   [40,20,15] (5)   11770.1
[50,50]   [40,20,15] (10)   8026.08
[50,50]   [40,20,15] (15)   145.309
[50,50]   [40,20,15] (20)   133.267
[50,50]   [40,20,15] (25)   132.02
[50,50]   [40,20,15] (30)   136.931
[50,50]   [40,20,20] (0)   11813
[50,50]   [40,20,20] (5)   11879.8
[50,50]   [40,20,20] (10)   8444.83
[50,50]   [40,20,20] (15)   150.365
[50,50]   [40,20,20] (20)   144.194
[50,50]   [40,20,20] (25)   148.301
[50,50]   [40,20,20] (30)   154.589
[50,50]   [40,30,5] (0)   5167.35
[50,50]   [40,30,5] (5)   5179.29
[50,50]   [40,30,5] (10)   5198.7
[50,50]   [40,30,5] (15)   4114.34
[50,50]   [40,30,5] (20)   146.303
[50,50]   [40,30,5] (25)   122.564
[50,50]   [40,30,5] (30)   121.134
[50,50]   [40,30,10] (0)   5158.27
[50,50]   [40,30,10] (5)   5207.59
[50,50]   [40,30,10] (10)   5180.76
[50,50]   [40,30,10] (15)   4235.66
[50,50]   [40,30,10] (20)   163.641
[50,50]   [40,30,10] (25)   144.545
[50,50]   [40,30,10] (30)   146.319
[50,50]   [40,30,15] (0)   5277
[50,50]   [40,30,15] (5)   5217.43
[50,50]   [40,30,15] (10)   5199.37
[50,50]   [40,30,15] (15)   3352.58
[50,50]   [40,30,15] (20)   150.526
[50,50]   [40,30,15] (25)   144.933
[50,50]   [40,30,15] (30)   148.913
[50,50]   [40,30,20] (0)   5172.55
[50,50]   [40,30,20] (5)   5218.97
[50,50]   [40,30,20] (10)   5209.95
[50,50]   [40,30,20] (15)   3478.67
[50,50]   [40,30,20] (20)   160.607
[50,50]   [40,30,20] (25)   158.368
[50,50]   [40,30,20] (30)   163.274
[50,50]   [40,40,5] (0)   201.301
[50,50]   [40,40,5] (5)   202.084
[50,50]   [40,40,5] (10)   203.69
[50,50]   [40,40,5] (15)   207.381
[50,50]   [40,40,5] (20)   186.334
[50,50]   [40,40,5] (25)   159.661
[50,50]   [40,40,5] (30)   147.392
[50,50]   [40,40,10] (0)   203.071
[50,50]   [40,40,10] (5)   204.246
[50,50]   [40,40,10] (10)   201.792
[50,50]   [40,40,10] (15)   204.97
[50,50]   [40,40,10] (20)   184.97
[50,50]   [40,40,10] (25)   171.722
[50,50]   [40,40,10] (30)   169.965
[50,50]   [40,40,15] (0)   199.445
[50,50]   [40,40,15] (5)   201.207
[50,50]   [40,40,15] (10)   202.165
[50,50]   [40,40,15] (15)   198.714
[50,50]   [40,40,15] (20)   181.093
[50,50]   [40,40,15] (25)   165.155
[50,50]   [40,40,15] (30)   167.278
[50,50]   [40,40,20] (0)   201.877
[50,50]   [40,40,20] (5)   201.839
[50,50]   [40,40,20] (10)   203.528
[50,50]   [40,40,20] (15)   202.592
[50,50]   [40,40,20] (20)   197.99
[50,50]   [40,40,20] (25)   186.191
[50,50]   [40,40,20] (30)   189.15
[50,50]   [40,50,5] (0)   2399.29
[50,50]   [40,50,5] (5)   2339.1
[50,50]   [40,50,5] (10)   2483.19
[50,50]   [40,50,5] (15)   2381.26
[50,50]   [40,50,5] (20)   2383.23
[50,50]   [40,50,5] (25)   2478.42
[50,50]   [40,50,5] (30)   2603.7
[50,50]   [40,50,10] (0)   2400.1
[50,50]   [40,50,10] (5)   2440.52
[50,50]   [40,50,10] (10)   2479.44
[50,50]   [40,50,10] (15)   2411.36
[50,50]   [40,50,10] (20)   2443.96
[50,50]   [40,50,10] (25)   2456.13
[50,50]   [40,50,10] (30)   2567.07
[50,50]   [40,50,15] (0)   2473.17
[50,50]   [40,50,15] (5)   2422.83
[50,50]   [40,50,15] (10)   2411.2
[50,50]   [40,50,15] (15)   2497.44
[50,50]   [40,50,15] (20)   2417.07
[50,50]   [40,50,15] (25)   2399.74
[50,50]   [40,50,15] (30)   2388.39
[50,50]   [40,50,20] (0)   2468.46
[50,50]   [40,50,20] (5)   2515.48
[50,50]   [40,50,20] (10)   2424.69
[50,50]   [40,50,20] (15)   2444.85
[50,50]   [40,50,20] (20)   2390.09
[50,50]   [40,50,20] (25)   2636.66
[50,50]   [40,50,20] (30)   2229.68
[50,50]   [40,60,5] (0)   10811.4
[50,50]   [40,60,5] (5)   10902.3
[50,50]   [40,60,5] (10)   10802.1
[50,50]   [40,60,5] (15)   10638.5
[50,50]   [40,60,5] (20)   10586.2
[50,50]   [40,60,5] (25)   10732
[50,50]   [40,60,5] (30)   10647.1
[50,50]   [40,60,10] (0)   10679.3
[50,50]   [40,60,10] (5)   10619.5
[50,50]   [40,60,10] (10)   10693
[50,50]   [40,60,10] (15)   10781.8
[50,50]   [40,60,10] (20)   10758.7
[50,50]   [40,60,10] (25)   11000.1
[50,50]   [40,60,10] (30)   10646.2
[50,50]   [40,60,15] (0)   10817
[50,50]   [40,60,15] (5)   10680.5
[50,50]   [40,60,15] (10)   10886.1
[50,50]   [40,60,15] (15)   10675.8
[50,50]   [40,60,15] (20)   10655.8
[50,50]   [40,60,15] (25)   10595.3
[50,50]   [40,60,15] (30)   10653.6
[50,50]   [40,60,20] (0)   10864
[50,50]   [40,60,20] (5)   10714.7
[50,50]   [40,60,20] (10)   10661
[50,50]   [40,60,20] (15)   10705.3
[50,50]   [40,60,20] (20)   10924.2
[50,50]   [40,60,20] (25)   10777.5
[50,50]   [40,60,20] (30)   10723.9
[50,50]   [50,10,5] (0)   24443.3
[50,50]   [50,10,5] (5)   16069.6
[50,50]   [50,10,5] (10)   2807.9
[50,50]   [50,10,5] (15)   102.025
[50,50]   [50,10,5] (20)   97.1174
[50,50]   [50,10,5] (25)   99.0365
[50,50]   [50,10,5] (30)   103.471
[50,50]   [50,10,10] (0)   24271.6
[50,50]   [50,10,10] (5)   17221.9
[50,50]   [50,10,10] (10)   7929.24
[50,50]   [50,10,10] (15)   1656.27
[50,50]   [50,10,10] (20)   124.002
[50,50]   [50,10,10] (25)   119.079
[50,50]   [50,10,10] (30)   121.734
[50,50]   [50,10,15] (0)   24230.4
[50,50]   [50,10,15] (5)   13088.7
[50,50]   [50,10,15] (10)   6333.69
[50,50]   [50,10,15] (15)   170.921
[50,50]   [50,10,15] (20)   127.272
[50,50]   [50,10,15] (25)   130.046
[50,50]   [50,10,15] (30)   130.646
[50,50]   [50,10,20] (0)   24278.3
[50,50]   [50,10,20] (5)   13674.1
[50,50]   [50,10,20] (10)   3674.59
[50,50]   [50,10,20] (15)   1861.64
[50,50]   [50,10,20] (20)   130.921
[50,50]   [50,10,20] (25)   142.148
[50,50]   [50,10,20] (30)   145.313
[50,50]   [50,20,5] (0)   16916.7
[50,50]   [50,20,5] (5)   16871.8
[50,50]   [50,20,5] (10)   13833
[50,50]   [50,20,5] (15)   3506.85
[50,50]   [50,20,5] (20)   118.376
[50,50]   [50,20,5] (25)   110.64
[50,50]   [50,20,5] (30)   109.626
[50,50]   [50,20,10] (0)   16993.9
[50,50]   [50,20,10] (5)   16997.5
[50,50]   [50,20,10] (10)   14586.6
[50,50]   [50,20,10] (15)   6254.8
[50,50]   [50,20,10] (20)   319.861
[50,50]   [50,20,10] (25)   136.174
[50,50]   [50,20,10] (30)   131.075
[50,50]   [50,20,15] (0)   16965
[50,50]   [50,20,15] (5)   17142.5
[50,50]   [50,20,15] (10)   12953.5
[50,50]   [50,20,15] (15)   2831.93
[50,50]   [50,20,15] (20)   153.802
[50,50]   [50,20,15] (25)   136.223
[50,50]   [50,20,15] (30)   139.513
[50,50]   [50,20,20] (0)   16877.1
[50,50]   [50,20,20] (5)   16803.6
[50,50]   [50,20,20] (10)   13568.2
[50,50]   [50,20,20] (15)   983.671
[50,50]   [50,20,20] (20)   165.907
[50,50]   [50,20,20] (25)   154.639
[50,50]   [50,20,20] (30)   153.182
[50,50]   [50,30,5] (0)   10453.9
[50,50]   [50,30,5] (5)   10455.2
[50,50]   [50,30,5] (10)   10428.8
[50,50]   [50,30,5] (15)   8979.69
[50,50]   [50,30,5] (20)   1440.16
[50,50]   [50,30,5] (25)   132.312
[50,50]   [50,30,5] (30)   121.074
[50,50]   [50,30,10] (0)   10409.1
[50,50]   [50,30,10] (5)   10391.4
[50,50]   [50,30,10] (10)   10502
[50,50]   [50,30,10] (15)   9458.64
[50,50]   [50,30,10] (20)   2971.62
[50,50]   [50,30,10] (25)   160.27
[50,50]   [50,30,10] (30)   145.361
[50,50]   [50,30,15] (0)   10487.7
[50,50]   [50,30,15] (5)   10410.1
[50,50]   [50,30,15] (10)   10380.7
[50,50]   [50,30,15] (15)   8229.18
[50,50]   [50,30,15] (20)   370.725
[50,50]   [50,30,15] (25)   153.289
[50,50]   [50,30,15] (30)   148.677
[50,50]   [50,30,20] (0)   10448.2
[50,50]   [50,30,20] (5)   10409.7
[50,50]   [50,30,20] (10)   10436.5
[50,50]   [50,30,20] (15)   8564.55
[50,50]   [50,30,20] (20)   203.891
[50,50]   [50,30,20] (25)   158.58
[50,50]   [50,30,20] (30)   162.024
[50,50]   [50,40,5] (0)   4685.5
[50,50]   [50,40,5] (5)   4815.47
[50,50]   [50,40,5] (10)   4729.9
[50,50]   [50,40,5] (15)   4648.73
[50,50]   [50,40,5] (20)   4437.4
[50,50]   [50,40,5] (25)   383.192
[50,50]   [50,40,5] (30)   152.873
[50,50]   [50,40,10] (0)   4681.82
[50,50]   [50,40,10] (5)   4745.61
[50,50]   [50,40,10] (10)   4690.03
[50,50]   [50,40,10] (15)   4741.04
[50,50]   [50,40,10] (20)   4262.72
[50,50]   [50,40,10] (25)   541.542
[50,50]   [50,40,10] (30)   174.615
[50,50]   [50,40,15] (0)   4759.28
[50,50]   [50,40,15] (5)   4782.51
[50,50]   [50,40,15] (10)   4725.03
[50,50]   [50,40,15] (15)   4728.17
[50,50]   [50,40,15] (20)   4052.18
[50,50]   [50,40,15] (25)   209.91
[50,50]   [50,40,15] (30)   167.716
[50,50]   [50,40,20] (0)   4721.26
[50,50]   [50,40,20] (5)   4710.97
[50,50]   [50,40,20] (10)   4742.72
[50,50]   [50,40,20] (15)   4684.36
[50,50]   [50,40,20] (20)   4054.11
[50,50]   [50,40,20] (25)   208.842
[50,50]   [50,40,20] (30)   181.319
[50,50]   [50,50,5] (0)   4110.73
[50,50]   [50,50,5] (5)   4195.69
[50,50]   [50,50,5] (10)   4095.82
[50,50]   [50,50,5] (15)   4139.12
[50,50]   [50,50,5] (20)   4151.69
[50,50]   [50,50,5] (25)   399.667
[50,50]   [50,50,5] (30)   192.201
[50,50]   [50,50,10] (0)   4115.7
[50,50]   [50,50,10] (5)   4009.35
[50,50]   [50,50,10] (10)   4144.92
[50,50]   [50,50,10] (15)   4142.6
[50,50]   [50,50,10] (20)   4057.88
[50,50]   [50,50,10] (25)   328.687
[50,50]   [50,50,10] (30)   205.648
[50,50]   [50,50,15] (0)   4094.61
[50,50]   [50,50,15] (5)   4104.48
[50,50]   [50,50,15] (10)   4130.96
[50,50]   [50,50,15] (15)   4052.6
[50,50]   [50,50,15] (20)   4244.64
[50,50]   [50,50,15] (25)   492.621
[50,50]   [50,50,15] (30)   192.336
[50,50]   [50,50,20] (0)   4158.16
[50,50]   [50,50,20] (5)   4162.53
[50,50]   [50,50,20] (10)   3982.74
[50,50]   [50,50,20] (15)   4149.13
[50,50]   [50,50,20] (20)   3594.92
[50,50]   [50,50,20] (25)   357.699
[50,50]   [50,50,20] (30)   207.653
[50,50]   [50,60,5] (0)   1188.09
[50,50]   [50,60,5] (5)   1061.91
[50,50]   [50,60,5] (10)   1114.7
[50,50]   [50,60,5] (15)   1156.48
[50,50]   [50,60,5] (20)   1189.33
[50,50]   [50,60,5] (25)   1099.78
[50,50]   [50,60,5] (30)   1111.2
[50,50]   [50,60,10] (0)   1029.17
[50,50]   [50,60,10] (5)   1079.9
[50,50]   [50,60,10] (10)   1124.49
[50,50]   [50,60,10] (15)   1166.03
[50,50]   [50,60,10] (20)   1172.79
[50,50]   [50,60,10] (25)   1019.33
[50,50]   [50,60,10] (30)   1258.12
[50,50]   [50,60,15] (0)   1069.24
[50,50]   [50,60,15] (5)   1157.41
[50,50]   [50,60,15] (10)   1137.83
[50,50]   [50,60,15] (15)   1096.45
[50,50]   [50,60,15] (20)   1188.4
[50,50]   [50,60,15] (25)   1136.96
[50,50]   [50,60,15] (30)   1026.23
[50,50]   [50,60,20] (0)   1108.95
[50,50]   [50,60,20] (5)   1056.15
[50,50]   [50,60,20] (10)   1079.89
[50,50]   [50,60,20] (15)   1098.75
[50,50]   [50,60,20] (20)   1077.67
[50,50]   [50,60,20] (25)   1138.85
[50,50]   [50,60,20] (30)   1122.1
[50,50]   [60,10,5] (0)   29072.3
[50,50]   [60,10,5] (5)   19519.3
[50,50]   [60,10,5] (10)   5642.02
[50,50]   [60,10,5] (15)   119.34
[50,50]   [60,10,5] (20)   101.625
[50,50]   [60,10,5] (25)   103.245
[50,50]   [60,10,5] (30)   106.876
[50,50]   [60,10,10] (0)   28927.7
[50,50]   [60,10,10] (5)   21414.2
[50,50]   [60,10,10] (10)   11466.9
[50,50]   [60,10,10] (15)   5022.81
[50,50]   [60,10,10] (20)   491.635
[50,50]   [60,10,10] (25)   127.665
[50,50]   [60,10,10] (30)   127.315
[50,50]   [60,10,15] (0)   28735.4
[50,50]   [60,10,15] (5)   17287.7
[50,50]   [60,10,15] (10)   9320.48
[50,50]   [60,10,15] (15)   2324.82
[50,50]   [60,10,15] (20)   160.28
[50,50]   [60,10,15] (25)   135.206
[50,50]   [60,10,15] (30)   135.362
[50,50]   [60,10,20] (0)   28739.2
[50,50]   [60,10,20] (5)   17595.5
[50,50]   [60,10,20] (10)   7813.9
[50,50]   [60,10,20] (15)   5859.95
[50,50]   [60,10,20] (20)   170.125
[50,50]   [60,10,20] (25)   150.594
[50,50]   [60,10,20] (30)   152.064
[50,50]   [60,20,5] (0)   21483.2
[50,50]   [60,20,5] (5)   21259.1
[50,50]   [60,20,5] (10)   18173.8
[50,50]   [60,20,5] (15)   6367.65
[50,50]   [60,20,5] (20)   147.396
[50,50]   [60,20,5] (25)   114.091
[50,50]   [60,20,5] (30)   113.297
[50,50]   [60,20,10] (0)   21446.4
[50,50]   [60,20,10] (5)   21551.9
[50,50]   [60,20,10] (10)   19161.4
[50,50]   [60,20,10] (15)   10043.7
[50,50]   [60,20,10] (20)   3625.44
[50,50]   [60,20,10] (25)   164.787
[50,50]   [60,20,10] (30)   136.093
[50,50]   [60,20,15] (0)   21287.6
[50,50]   [60,20,15] (5)   21330.3
[50,50]   [60,20,15] (10)   16664.1
[50,50]   [60,20,15] (15)   6752.22
[50,50]   [60,20,15] (20)   2452.28
[50,50]   [60,20,15] (25)   148.524
[50,50]   [60,20,15] (30)   142.583
[50,50]   [60,20,20] (0)   21342.1
[50,50]   [60,20,20] (5)   21381.5
[50,50]   [60,20,20] (10)   17616
[50,50]   [60,20,20] (15)   4035.52
[50,50]   [60,20,20] (20)   3234.48
[50,50]   [60,20,20] (25)   190.588
[50,50]   [60,20,20] (30)   160.616
[50,50]   [60,30,5] (0)   14969.3
[50,50]   [60,30,5] (5)   15067.7
[50,50]   [60,30,5] (10)   15025.5
[50,50]   [60,30,5] (15)   13272.9
[50,50]   [60,30,5] (20)   5050.75
[50,50]   [60,30,5] (25)   144.914
[50,50]   [60,30,5] (30)   125.864
[50,50]   [60,30,10] (0)   15021.4
[50,50]   [60,30,10] (5)   15062.9
[50,50]   [60,30,10] (10)   14974.2
[50,50]   [60,30,10] (15)   13940.3
[50,50]   [60,30,10] (20)   7212.37
[50,50]   [60,30,10] (25)   1388.54
[50,50]   [60,30,10] (30)   156.527
[50,50]   [60,30,15] (0)   15015.8
[50,50]   [60,30,15] (5)   15042.3
[50,50]   [60,30,15] (10)   15146.2
[50,50]   [60,30,15] (15)   12588
[50,50]   [60,30,15] (20)   4241.39
[50,50]   [60,30,15] (25)   207.238
[50,50]   [60,30,15] (30)   155.346
[50,50]   [60,30,20] (0)   15100.1
[50,50]   [60,30,20] (5)   15223.3
[50,50]   [60,30,20] (10)   15027.4
[50,50]   [60,30,20] (15)   13152.8
[50,50]   [60,30,20] (20)   3018.07
[50,50]   [60,30,20] (25)   192.545
[50,50]   [60,30,20] (30)   174.402
[50,50]   [60,40,5] (0)   12140.7
[50,50]   [60,40,5] (5)   12315.9
[50,50]   [60,40,5] (10)   12165.7
[50,50]   [60,40,5] (15)   12199.4
[50,50]   [60,40,5] (20)   9569.01
[50,50]   [60,40,5] (25)   4370.57
[50,50]   [60,40,5] (30)   165.615
[50,50]   [60,40,10] (0)   12152.3
[50,50]   [60,40,10] (5)   12164.3
[50,50]   [60,40,10] (10)   12262.9
[50,50]   [60,40,10] (15)   12218.4
[50,50]   [60,40,10] (20)   9881.1
[50,50]   [60,40,10] (25)   5469.11
[50,50]   [60,40,10] (30)   231.846
[50,50]   [60,40,15] (0)   12208
[50,50]   [60,40,15] (5)   12217.4
[50,50]   [60,40,15] (10)   12107.7
[50,50]   [60,40,15] (15)   12403
[50,50]   [60,40,15] (20)   9207.68
[50,50]   [60,40,15] (25)   3433.05
[50,50]   [60,40,15] (30)   184.818
[50,50]   [60,40,20] (0)   12208.9
[50,50]   [60,40,20] (5)   12152.4
[50,50]   [60,40,20] (10)   12191.4
[50,50]   [60,40,20] (15)   11955.4
[50,50]   [60,40,20] (20)   10071.8
[50,50]   [60,40,20] (25)   2833.73
[50,50]   [60,40,20] (30)   200.644
[50,50]   [60,50,5] (0)   4703.19
[50,50]   [60,50,5] (5)   4614.67
[50,50]   [60,50,5] (10)   4605.25
[50,50]   [60,50,5] (15)   4558.25
[50,50]   [60,50,5] (20)   4631.8
[50,50]   [60,50,5] (25)   4540.8
[50,50]   [60,50,5] (30)   1861.37
[50,50]   [60,50,10] (0)   4669.17
[50,50]   [60,50,10] (5)   4652.58
[50,50]   [60,50,10] (10)   4660.51
[50,50]   [60,50,10] (15)   4672.79
[50,50]   [60,50,10] (20)   4712.48
[50,50]   [60,50,10] (25)   4442.89
[50,50]   [60,50,10] (30)   2164.89
[50,50]   [60,50,15] (0)   4609.18
[50,50]   [60,50,15] (5)   4659.32
[50,50]   [60,50,15] (10)   4601.65
[50,50]   [60,50,15] (15)   4670.56
[50,50]   [60,50,15] (20)   4644.4
[50,50]   [60,50,15] (25)   4397.93
[50,50]   [60,50,15] (30)   822.724
[50,50]   [60,50,20] (0)   4660.82
[50,50]   [60,50,20] (5)   4601.12
[50,50]   [60,50,20] (10)   4692.96
[50,50]   [60,50,20] (15)   4621.08
[50,50]   [60,50,20] (20)   4639.14
[50,50]   [60,50,20] (25)   4284.71
[50,50]   [60,50,20] (30)   563.792
[50,50]   [60,60,5] (0)   433.47
[50,50]   [60,60,5] (5)   543.136
[50,50]   [60,60,5] (10)   373.438
[50,50]   [60,60,5] (15)   462.57
[50,50]   [60,60,5] (20)   465.212
[50,50]   [60,60,5] (25)   594.431
[50,50]   [60,60,5] (30)   550.298
[50,50]   [60,60,10] (0)   518.258
[50,50]   [60,60,10] (5)   466.1
[50,50]   [60,60,10] (10)   430.375
[50,50]   [60,60,10] (15)   442.984
[50,50]   [60,60,10] (20)   471.484
[50,50]   [60,60,10] (25)   419.098
[50,50]   [60,60,10] (30)   414.597
[50,50]   [60,60,15] (0)   478.558
[50,50]   [60,60,15] (5)   419.18
[50,50]   [60,60,15] (10)   463.436
[50,50]   [60,60,15] (15)   483.998
[50,50]   [60,60,15] (20)   499.857
[50,50]   [60,60,15] (25)   453.662
[50,50]   [60,60,15] (30)   449.879
[50,50]   [60,60,20] (0)   469.745
[50,50]   [60,60,20] (5)   433.339
[50,50]   [60,60,20] (10)   531.721
[50,50]   [60,60,20] (15)   455.975
[50,50]   [60,60,20] (20)   383.408
[50,50]   [60,60,20] (25)   482.983
[50,50]   [60,60,20] (30)   402.139
