[10,40]   [10,10,5] (0)   13425.8
[10,40]   [10,10,5] (5)   9057.5
[10,40]   [10,10,5] (10)   7996.81
[10,40]   [10,10,5] (15)   7904.82
[10,40]   [10,10,5] (20)   7766.8
[10,40]   [10,10,5] (25)   7829.59
[10,40]   [10,10,5] (30)   7800.71
[10,40]   [10,10,10] (0)   13351.8
[10,40]   [10,10,10] (5)   13425.1
[10,40]   [10,10,10] (10)   13400.7
[10,40]   [10,10,10] (15)   13371.5
[10,40]   [10,10,10] (20)   13369.7
[10,40]   [10,10,10] (25)   13285.6
[10,40]   [10,10,10] (30)   13457.2
[10,40]   [10,10,15] (0)   13407.2
[10,40]   [10,10,15] (5)   11143.2
[10,40]   [10,10,15] (10)   11124.9
[10,40]   [10,10,15] (15)   11245.7
[10,40]   [10,10,15] (20)   11231
[10,40]   [10,10,15] (25)   11286.4
[10,40]   [10,10,15] (30)   11122.2
[10,40]   [10,10,20] (0)   13382.9
[10,40]   [10,10,20] (5)   13970.9
[10,40]   [10,10,20] (10)   14106.7
[10,40]   [10,10,20] (15)   14118.5
[10,40]   [10,10,20] (20)   14065.7
[10,40]   [10,10,20] (25)   14120.2
[10,40]   [10,10,20] (30)   14150.1
[10,40]   [10,20,5] (0)   23735.5
[10,40]   [10,20,5] (5)   23618.3
[10,40]   [10,20,5] (10)   23666
[10,40]   [10,20,5] (15)   23749.7
[10,40]   [10,20,5] (20)   23717.5
[10,40]   [10,20,5] (25)   20162.3
[10,40]   [10,20,5] (30)   19230.6
[10,40]   [10,20,10] (0)   23726
[10,40]   [10,20,10] (5)   23664.8
[10,40]   [10,20,10] (10)   23685.1
[10,40]   [10,20,10] (15)   23691.5
[10,40]   [10,20,10] (20)   23689.2
[10,40]   [10,20,10] (25)   23626.1
[10,40]   [10,20,10] (30)   23729.8
[10,40]   [10,20,15] (0)   23743
[10,40]   [10,20,15] (5)   23694.8
[10,40]   [10,20,15] (10)   23742.1
[10,40]   [10,20,15] (15)   23733.4
[10,40]   [10,20,15] (20)   23772.1
[10,40]   [10,20,15] (25)   18523.4
[10,40]   [10,20,15] (30)   15959.1
[10,40]   [10,20,20] (0)   23787.2
[10,40]   [10,20,20] (5)   23718.6
[10,40]   [10,20,20] (10)   23725.8
[10,40]   [10,20,20] (15)   23705.4
[10,40]   [10,20,20] (20)   23748.4
[10,40]   [10,20,20] (25)   23738
[10,40]   [10,20,20] (30)   23822.7
[10,40]   [10,30,5] (0)   33668.9
[10,40]   [10,30,5] (5)   33744.8
[10,40]   [10,30,5] (10)   33669
[10,40]   [10,30,5] (15)   33690.9
[10,40]   [10,30,5] (20)   33705.1
[10,40]   [10,30,5] (25)   33728.4
[10,40]   [10,30,5] (30)   31742.4
[10,40]   [10,30,10] (0)   33694.9
[10,40]   [10,30,10] (5)   33698.7
[10,40]   [10,30,10] (10)   33645.8
[10,40]   [10,30,10] (15)   33712.2
[10,40]   [10,30,10] (20)   33700.1
[10,40]   [10,30,10] (25)   33748.7
[10,40]   [10,30,10] (30)   33683.8
[10,40]   [10,30,15] (0)   33582.7
[10,40]   [10,30,15] (5)   33689.4
[10,40]   [10,30,15] (10)   33697.5
[10,40]   [10,30,15] (15)   33734.5
[10,40]   [10,30,15] (20)   33721.3
[10,40]   [10,30,15] (25)   33673.7
[10,40]   [10,30,15] (30)   29863.8
[10,40]   [10,30,20] (0)   33667.7
[10,40]   [10,30,20] (5)   33738.4
[10,40]   [10,30,20] (10)   33652.9
[10,40]   [10,30,20] (15)   33692.5
[10,40]   [10,30,20] (20)   33684.3
[10,40]   [10,30,20] (25)   33726.6
[10,40]   [10,30,20] (30)   33701.7
[10,40]   [10,40,5] (0)   67394.9
[10,40]   [10,40,5] (5)   67505.2
[10,40]   [10,40,5] (10)   67432.4
[10,40]   [10,40,5] (15)   67394.5
[10,40]   [10,40,5] (20)   67448
[10,40]   [10,40,5] (25)   67438
[10,40]   [10,40,5] (30)   67433.6
[10,40]   [10,40,10] (0)   67373.8
[10,40]   [10,40,10] (5)   67432.8
[10,40]   [10,40,10] (10)   67428.2
[10,40]   [10,40,10] (15)   67403.4
[10,40]   [10,40,10] (20)   67445.8
[10,40]   [10,40,10] (25)   67606.3
[10,40]   [10,40,10] (30)   67505.7
[10,40]   [10,40,15] (0)   67425
[10,40]   [10,40,15] (5)   67460.8
[10,40]   [10,40,15] (10)   67502.9
[10,40]   [10,40,15] (15)   67498.6
[10,40]   [10,40,15] (20)   67454.8
[10,40]   [10,40,15] (25)   67503
[10,40]   [10,40,15] (30)   67538.2
[10,40]   [10,40,20] (0)   67373
[10,40]   [10,40,20] (5)   67464.5
[10,40]   [10,40,20] (10)   67328.9
[10,40]   [10,40,20] (15)   67510
[10,40]   [10,40,20] (20)   67520.4
[10,40]   [10,40,20] (25)   67443.7
[10,40]   [10,40,20] (30)   63993.9
[10,40]   [10,50,5] (0)   47230.2
[10,40]   [10,50,5] (5)   47230.1
[10,40]   [10,50,5] (10)   47265.9
[10,40]   [10,50,5] (15)   47306.5
[10,40]   [10,50,5] (20)   47267.2
[10,40]   [10,50,5] (25)   47263
[10,40]   [10,50,5] (30)   47180.2
[10,40]   [10,50,10] (0)   47290
[10,40]   [10,50,10] (5)   47297.5
[10,40]   [10,50,10] (10)   47291.6
[10,40]   [10,50,10] (15)   47350
[10,40]   [10,50,10] (20)   47281.4
[10,40]   [10,50,10] (25)   47264
[10,40]   [10,50,10] (30)   47314.9
[10,40]   [10,50,15] (0)   47370.2
[10,40]   [10,50,15] (5)   47296.2
[10,40]   [10,50,15] (10)   47331.1
[10,40]   [10,50,15] (15)   47243.2
[10,40]   [10,50,15] (20)   47282.2
[10,40]   [10,50,15] (25)   47312.4
[10,40]   [10,50,15] (30)   47273.6
[10,40]   [10,50,20] (0)   47219
[10,40]   [10,50,20] (5)   47291.5
[10,40]   [10,50,20] (10)   47297.9
[10,40]   [10,50,20] (15)   47404.5
[10,40]   [10,50,20] (20)   47321.3
[10,40]   [10,50,20] (25)   47280.7
[10,40]   [10,50,20] (30)   47362.7
[10,40]   [10,60,5] (0)   52041.3
[10,40]   [10,60,5] (5)   51928.7
[10,40]   [10,60,5] (10)   51963.9
[10,40]   [10,60,5] (15)   51913.9
[10,40]   [10,60,5] (20)   52065.6
[10,40]   [10,60,5] (25)   51937.2
[10,40]   [10,60,5] (30)   52001.9
[10,40]   [10,60,10] (0)   52014.1
[10,40]   [10,60,10] (5)   51957.2
[10,40]   [10,60,10] (10)   52002
[10,40]   [10,60,10] (15)   51938.9
[10,40]   [10,60,10] (20)   51867.2
[10,40]   [10,60,10] (25)   51953.7
[10,40]   [10,60,10] (30)   52037.2
[10,40]   [10,60,15] (0)   52015.5
[10,40]   [10,60,15] (5)   52011
[10,40]   [10,60,15] (10)   51917
[10,40]   [10,60,15] (15)   51986.2
[10,40]   [10,60,15] (20)   52044.3
[10,40]   [10,60,15] (25)   51992.1
[10,40]   [10,60,15] (30)   51979.8
[10,40]   [10,60,20] (0)   51930.1
[10,40]   [10,60,20] (5)   51975.8
[10,40]   [10,60,20] (10)   51981.6
[10,40]   [10,60,20] (15)   52033.6
[10,40]   [10,60,20] (20)   51932.9
[10,40]   [10,60,20] (25)   51959.8
[10,40]   [10,60,20] (30)   52002.9
[10,40]   [20,10,5] (0)   16757.7
[10,40]   [20,10,5] (5)   11938.5
[10,40]   [20,10,5] (10)   8418.04
[10,40]   [20,10,5] (15)   7899.72
[10,40]   [20,10,5] (20)   7836.63
[10,40]   [20,10,5] (25)   7666.78
[10,40]   [20,10,5] (30)   7767.97
[10,40]   [20,10,10] (0)   16759.8
[10,40]   [20,10,10] (5)   16217
[10,40]   [20,10,10] (10)   15465.9
[10,40]   [20,10,10] (15)   14627.4
[10,40]   [20,10,10] (20)   14779.6
[10,40]   [20,10,10] (25)   14638.4
[10,40]   [20,10,10] (30)   14814.4
[10,40]   [20,10,15] (0)   16694.4
[10,40]   [20,10,15] (5)   13745.7
[10,40]   [20,10,15] (10)   13356
[10,40]   [20,10,15] (15)   13163
[10,40]   [20,10,15] (20)   13188.9
[10,40]   [20,10,15] (25)   13147.3
[10,40]   [20,10,15] (30)   13035.1
[10,40]   [20,10,20] (0)   16661
[10,40]   [20,10,20] (5)   17521.8
[10,40]   [20,10,20] (10)   17227.2
[10,40]   [20,10,20] (15)   17163.3
[10,40]   [20,10,20] (20)   17227.9
[10,40]   [20,10,20] (25)   17236.4
[10,40]   [20,10,20] (30)   17190.6
[10,40]   [20,20,5] (0)   19078.2
[10,40]   [20,20,5] (5)   19137.5
[10,40]   [20,20,5] (10)   15409.4
[10,40]   [20,20,5] (15)   11726.8
[10,40]   [20,20,5] (20)   11682.3
[10,40]   [20,20,5] (25)   11817.8
[10,40]   [20,20,5] (30)   11823.7
[10,40]   [20,20,10] (0)   19433.7
[10,40]   [20,20,10] (5)   19206.2
[10,40]   [20,20,10] (10)   18593.1
[10,40]   [20,20,10] (15)   17965.4
[10,40]   [20,20,10] (20)   17986.6
[10,40]   [20,20,10] (25)   17853.8
[10,40]   [20,20,10] (30)   17965.2
[10,40]   [20,20,15] (0)   19133.1
[10,40]   [20,20,15] (5)   19277.9
[10,40]   [20,20,15] (10)   16379.5
[10,40]   [20,20,15] (15)   15753.4
[10,40]   [20,20,15] (20)   15793.8
[10,40]   [20,20,15] (25)   15822.2
[10,40]   [20,20,15] (30)   15859
[10,40]   [20,20,20] (0)   19094.3
[10,40]   [20,20,20] (5)   19149.9
[10,40]   [20,20,20] (10)   19338.1
[10,40]   [20,20,20] (15)   19110
[10,40]   [20,20,20] (20)   19120.1
[10,40]   [20,20,20] (25)   19163.1
[10,40]   [20,20,20] (30)   19096.7
[10,40]   [20,30,5] (0)   25494.6
[10,40]   [20,30,5] (5)   25651.3
[10,40]   [20,30,5] (10)   25385.9
[10,40]   [20,30,5] (15)   25783.1
[10,40]   [20,30,5] (20)   25918.3
[10,40]   [20,30,5] (25)   25095.8
[10,40]   [20,30,5] (30)   24870.4
[10,40]   [20,30,10] (0)   25579.4
[10,40]   [20,30,10] (5)   25717.8
[10,40]   [20,30,10] (10)   26029.4
[10,40]   [20,30,10] (15)   25808
[10,40]   [20,30,10] (20)   25852
[10,40]   [20,30,10] (25)   25304.9
[10,40]   [20,30,10] (30)   25798.1
[10,40]   [20,30,15] (0)   25787.5
[10,40]   [20,30,15] (5)   25841.2
[10,40]   [20,30,15] (10)   25493.5
[10,40]   [20,30,15] (15)   25404.8
[10,40]   [20,30,15] (20)   25778.1
[10,40]   [20,30,15] (25)   25805.4
[10,40]   [20,30,15] (30)   20342.5
[10,40]   [20,30,20] (0)   25886.6
[10,40]   [20,30,20] (5)   25770.8
[10,40]   [20,30,20] (10)   25652.3
[10,40]   [20,30,20] (15)   25740.7
[10,40]   [20,30,20] (20)   25794.7
[10,40]   [20,30,20] (25)   25590.1
[10,40]   [20,30,20] (30)   26699.7
[10,40]   [20,40,5] (0)   32378.7
[10,40]   [20,40,5] (5)   32546
[10,40]   [20,40,5] (10)   32625.2
[10,40]   [20,40,5] (15)   32272.7
[10,40]   [20,40,5] (20)   32621.5
[10,40]   [20,40,5] (25)   32442.5
[10,40]   [20,40,5] (30)   32537.3
[10,40]   [20,40,10] (0)   32522.9
[10,40]   [20,40,10] (5)   32456
[10,40]   [20,40,10] (10)   32517
[10,40]   [20,40,10] (15)   32587.6
[10,40]   [20,40,10] (20)   32333.3
[10,40]   [20,40,10] (25)   32529
[10,40]   [20,40,10] (30)   32491.3
[10,40]   [20,40,15] (0)   32566.2
[10,40]   [20,40,15] (5)   32644.8
[10,40]   [20,40,15] (10)   32621.6
[10,40]   [20,40,15] (15)   32476.9
[10,40]   [20,40,15] (20)   32558.1
[10,40]   [20,40,15] (25)   32521.9
[10,40]   [20,40,15] (30)   32555.7
[10,40]   [20,40,20] (0)   32584
[10,40]   [20,40,20] (5)   32495.2
[10,40]   [20,40,20] (10)   32628.1
[10,40]   [20,40,20] (15)   32529
[10,40]   [20,40,20] (20)   32596.7
[10,40]   [20,40,20] (25)   32621.7
[10,40]   [20,40,20] (30)   32547.9
[10,40]   [20,50,5] (0)   38922.2
[10,40]   [20,50,5] (5)   38759
[10,40]   [20,50,5] (10)   38849.4
[10,40]   [20,50,5] (15)   38722.6
[10,40]   [20,50,5] (20)   38692.5
[10,40]   [20,50,5] (25)   38736.3
[10,40]   [20,50,5] (30)   38800.9
[10,40]   [20,50,10] (0)   38654
[10,40]   [20,50,10] (5)   38756.2
[10,40]   [20,50,10] (10)   38728.4
[10,40]   [20,50,10] (15)   38800.7
[10,40]   [20,50,10] (20)   38734.9
[10,40]   [20,50,10] (25)   38739.9
[10,40]   [20,50,10] (30)   38713.5
[10,40]   [20,50,15] (0)   38696
[10,40]   [20,50,15] (5)   38693.6
[10,40]   [20,50,15] (10)   38733
[10,40]   [20,50,15] (15)   38768.4
[10,40]   [20,50,15] (20)   38692.7
[10,40]   [20,50,15] (25)   38673.4
[10,40]   [20,50,15] (30)   38572.6
[10,40]   [20,50,20] (0)   38877.7
[10,40]   [20,50,20] (5)   38752.1
[10,40]   [20,50,20] (10)   38806.9
[10,40]   [20,50,20] (15)   38832.6
[10,40]   [20,50,20] (20)   38713.3
[10,40]   [20,50,20] (25)   38726.6
[10,40]   [20,50,20] (30)   38791.3
[10,40]   [20,60,5] (0)   43828.6
[10,40]   [20,60,5] (5)   43772.2
[10,40]   [20,60,5] (10)   43851.5
[10,40]   [20,60,5] (15)   43826.6
[10,40]   [20,60,5] (20)   43922.7
[10,40]   [20,60,5] (25)   43783.7
[10,40]   [20,60,5] (30)   43804.4
[10,40]   [20,60,10] (0)   43754.9
[10,40]   [20,60,10] (5)   43812.7
[10,40]   [20,60,10] (10)   43798.7
[10,40]   [20,60,10] (15)   43817.8
[10,40]   [20,60,10] (20)   43815.2
[10,40]   [20,60,10] (25)   43875.2
[10,40]   [20,60,10] (30)   43858.6
[10,40]   [20,60,15] (0)   43791
[10,40]   [20,60,15] (5)   43865.3
[10,40]   [20,60,15] (10)   43773.4
[10,40]   [20,60,15] (15)   43729.8
[10,40]   [20,60,15] (20)   43860.4
[10,40]   [20,60,15] (25)   43785
[10,40]   [20,60,15] (30)   43739.8
[10,40]   [20,60,20] (0)   43811
[10,40]   [20,60,20] (5)   43864.3
[10,40]   [20,60,20] (10)   43843.7
[10,40]   [20,60,20] (15)   43789.5
[10,40]   [20,60,20] (20)   43832.9
[10,40]   [20,60,20] (25)   43797.8
[10,40]   [20,60,20] (30)   43858.2
[10,40]   [30,10,5] (0)   19205.3
[10,40]   [30,10,5] (5)   14272
[10,40]   [30,10,5] (10)   10214.5
[10,40]   [30,10,5] (15)   8712.54
[10,40]   [30,10,5] (20)   7661.31
[10,40]   [30,10,5] (25)   7508.41
[10,40]   [30,10,5] (30)   7316.95
[10,40]   [30,10,10] (0)   19149
[10,40]   [30,10,10] (5)   18508.2
[10,40]   [30,10,10] (10)   17200.8
[10,40]   [30,10,10] (15)   16436.8
[10,40]   [30,10,10] (20)   16337.7
[10,40]   [30,10,10] (25)   16040.1
[10,40]   [30,10,10] (30)   16144
[10,40]   [30,10,15] (0)   18964.7
[10,40]   [30,10,15] (5)   16087.8
[10,40]   [30,10,15] (10)   15034.3
[10,40]   [30,10,15] (15)   14637.1
[10,40]   [30,10,15] (20)   14336.5
[10,40]   [30,10,15] (25)   14577.4
[10,40]   [30,10,15] (30)   14524.9
[10,40]   [30,10,20] (0)   19118.8
[10,40]   [30,10,20] (5)   19097.9
[10,40]   [30,10,20] (10)   19033.4
[10,40]   [30,10,20] (15)   18856.6
[10,40]   [30,10,20] (20)   18793.3
[10,40]   [30,10,20] (25)   18933.5
[10,40]   [30,10,20] (30)   18998.3
[10,40]   [30,20,5] (0)   22308.4
[10,40]   [30,20,5] (5)   22359.9
[10,40]   [30,20,5] (10)   17064.3
[10,40]   [30,20,5] (15)   12926.2
[10,40]   [30,20,5] (20)   10218.1
[10,40]   [30,20,5] (25)   9529.38
[10,40]   [30,20,5] (30)   9491.41
[10,40]   [30,20,10] (0)   22306.9
[10,40]   [30,20,10] (5)   22294.6
[10,40]   [30,20,10] (10)   19982.8
[10,40]   [30,20,10] (15)   18952
[10,40]   [30,20,10] (20)   18296.2
[10,40]   [30,20,10] (25)   18037.7
[10,40]   [30,20,10] (30)   17993.6
[10,40]   [30,20,15] (0)   22298.3
[10,40]   [30,20,15] (5)   22291.6
[10,40]   [30,20,15] (10)   17525.9
[10,40]   [30,20,15] (15)   16872.2
[10,40]   [30,20,15] (20)   16405.7
[10,40]   [30,20,15] (25)   16146.5
[10,40]   [30,20,15] (30)   16073.9
[10,40]   [30,20,20] (0)   22410.1
[10,40]   [30,20,20] (5)   22296.8
[10,40]   [30,20,20] (10)   20573.8
[10,40]   [30,20,20] (15)   20425
[10,40]   [30,20,20] (20)   20377.9
[10,40]   [30,20,20] (25)   20299.6
[10,40]   [30,20,20] (30)   20396.1
[10,40]   [30,30,5] (0)   22221.9
[10,40]   [30,30,5] (5)   22350.6
[10,40]   [30,30,5] (10)   21690.1
[10,40]   [30,30,5] (15)   19236.3
[10,40]   [30,30,5] (20)   15145.1
[10,40]   [30,30,5] (25)   13211.1
[10,40]   [30,30,5] (30)   13051.5
[10,40]   [30,30,10] (0)   22113
[10,40]   [30,30,10] (5)   22273.9
[10,40]   [30,30,10] (10)   22062.1
[10,40]   [30,30,10] (15)   21810.7
[10,40]   [30,30,10] (20)   20892.8
[10,40]   [30,30,10] (25)   20529.8
[10,40]   [30,30,10] (30)   20545
[10,40]   [30,30,15] (0)   22187.9
[10,40]   [30,30,15] (5)   22295.4
[10,40]   [30,30,15] (10)   21122.6
[10,40]   [30,30,15] (15)   19766.9
[10,40]   [30,30,15] (20)   18978.6
[10,40]   [30,30,15] (25)   18655.9
[10,40]   [30,30,15] (30)   18571.7
[10,40]   [30,30,20] (0)   22204.4
[10,40]   [30,30,20] (5)   22229.5
[10,40]   [30,30,20] (10)   22246.7
[10,40]   [30,30,20] (15)   22096.9
[10,40]   [30,30,20] (20)   21833.9
[10,40]   [30,30,20] (25)   21769.8
[10,40]   [30,30,20] (30)   21787.8
[10,40]   [30,40,5] (0)   25579.9
[10,40]   [30,40,5] (5)   25388.1
[10,40]   [30,40,5] (10)   25554.4
[10,40]   [30,40,5] (15)   25225.1
[10,40]   [30,40,5] (20)   25196.8
[10,40]   [30,40,5] (25)   25386.7
[10,40]   [30,40,5] (30)   25397.4
[10,40]   [30,40,10] (0)   25436.2
[10,40]   [30,40,10] (5)   25361.5
[10,40]   [30,40,10] (10)   25731
[10,40]   [30,40,10] (15)   25270.8
[10,40]   [30,40,10] (20)   25959.7
[10,40]   [30,40,10] (25)   25573.1
[10,40]   [30,40,10] (30)   25658
[10,40]   [30,40,15] (0)   25316.5
[10,40]   [30,40,15] (5)   25345
[10,40]   [30,40,15] (10)   25372.1
[10,40]   [30,40,15] (15)   25188.6
[10,40]   [30,40,15] (20)   25672.5
[10,40]   [30,40,15] (25)   25105.2
[10,40]   [30,40,15] (30)   25588.2
[10,40]   [30,40,20] (0)   25236.5
[10,40]   [30,40,20] (5)   25393.4
[10,40]   [30,40,20] (10)   25562.9
[10,40]   [30,40,20] (15)   25140.6
[10,40]   [30,40,20] (20)   25148.1
[10,40]   [30,40,20] (25)   25728.2
[10,40]   [30,40,20] (30)   25488.5
[10,40]   [30,50,5] (0)   31169.5
[10,40]   [30,50,5] (5)   31659.9
[10,40]   [30,50,5] (10)   31423.7
[10,40]   [30,50,5] (15)   31413.8
[10,40]   [30,50,5] (20)   31495
[10,40]   [30,50,5] (25)   31123.8
[10,40]   [30,50,5] (30)   31379.1
[10,40]   [30,50,10] (0)   31291.6
[10,40]   [30,50,10] (5)   31327.9
[10,40]   [30,50,10] (10)   31586.1
[10,40]   [30,50,10] (15)   31510.2
[10,40]   [30,50,10] (20)   31477.1
[10,40]   [30,50,10] (25)   31601.2
[10,40]   [30,50,10] (30)   31177.1
[10,40]   [30,50,15] (0)   31477.6
[10,40]   [30,50,15] (5)   31321.6
[10,40]   [30,50,15] (10)   31456.8
[10,40]   [30,50,15] (15)   31587.4
[10,40]   [30,50,15] (20)   31373.9
[10,40]   [30,50,15] (25)   31581.3
[10,40]   [30,50,15] (30)   31372.3
[10,40]   [30,50,20] (0)   31534.4
[10,40]   [30,50,20] (5)   31414.1
[10,40]   [30,50,20] (10)   31575.6
[10,40]   [30,50,20] (15)   31464.6
[10,40]   [30,50,20] (20)   31449.8
[10,40]   [30,50,20] (25)   31511.7
[10,40]   [30,50,20] (30)   31392.9
[10,40]   [30,60,5] (0)   36770.5
[10,40]   [30,60,5] (5)   36773.9
[10,40]   [30,60,5] (10)   36803.4
[10,40]   [30,60,5] (15)   36760.4
[10,40]   [30,60,5] (20)   36730.6
[10,40]   [30,60,5] (25)   36741.4
[10,40]   [30,60,5] (30)   36736.9
[10,40]   [30,60,10] (0)   36756.3
[10,40]   [30,60,10] (5)   36813.5
[10,40]   [30,60,10] (10)   36716.6
[10,40]   [30,60,10] (15)   36842
[10,40]   [30,60,10] (20)   36747.6
[10,40]   [30,60,10] (25)   36771.9
[10,40]   [30,60,10] (30)   36788.8
[10,40]   [30,60,15] (0)   36756
[10,40]   [30,60,15] (5)   36751.3
[10,40]   [30,60,15] (10)   36746.8
[10,40]   [30,60,15] (15)   36788.4
[10,40]   [30,60,15] (20)   36751
[10,40]   [30,60,15] (25)   36749.6
[10,40]   [30,60,15] (30)   36783
[10,40]   [30,60,20] (0)   36795.9
[10,40]   [30,60,20] (5)   36715.6
[10,40]   [30,60,20] (10)   36720.5
[10,40]   [30,60,20] (15)   36791.4
[10,40]   [30,60,20] (20)   36692.5
[10,40]   [30,60,20] (25)   36722.4
[10,40]   [30,60,20] (30)   36767.6
[10,40]   [40,10,5] (0)   23716.9
[10,40]   [40,10,5] (5)   16086.5
[10,40]   [40,10,5] (10)   11601.2
[10,40]   [40,10,5] (15)   9715.22
[10,40]   [40,10,5] (20)   8678.27
[10,40]   [40,10,5] (25)   7773.84
[10,40]   [40,10,5] (30)   7397.83
[10,40]   [40,10,10] (0)   23788.8
[10,40]   [40,10,10] (5)   19628.9
[10,40]   [40,10,10] (10)   18537.9
[10,40]   [40,10,10] (15)   17669.2
[10,40]   [40,10,10] (20)   17199.2
[10,40]   [40,10,10] (25)   16755.8
[10,40]   [40,10,10] (30)   16350.4
[10,40]   [40,10,15] (0)   23766.4
[10,40]   [40,10,15] (5)   17682.1
[10,40]   [40,10,15] (10)   16590.1
[10,40]   [40,10,15] (15)   16013.8
[10,40]   [40,10,15] (20)   15880.9
[10,40]   [40,10,15] (25)   15361.6
[10,40]   [40,10,15] (30)   15211.7
[10,40]   [40,10,20] (0)   23771.1
[10,40]   [40,10,20] (5)   20848.9
[10,40]   [40,10,20] (10)   20255.3
[10,40]   [40,10,20] (15)   20183.4
[10,40]   [40,10,20] (20)   19745.4
[10,40]   [40,10,20] (25)   20008.2
[10,40]   [40,10,20] (30)   19799.3
[10,40]   [40,20,5] (0)   22245
[10,40]   [40,20,5] (5)   22308.3
[10,40]   [40,20,5] (10)   18711.3
[10,40]   [40,20,5] (15)   14055.3
[10,40]   [40,20,5] (20)   11232.4
[10,40]   [40,20,5] (25)   9738.76
[10,40]   [40,20,5] (30)   9180.74
[10,40]   [40,20,10] (0)   22356.6
[10,40]   [40,20,10] (5)   22189.2
[10,40]   [40,20,10] (10)   21353.9
[10,40]   [40,20,10] (15)   20076.7
[10,40]   [40,20,10] (20)   19158
[10,40]   [40,20,10] (25)   18447.5
[10,40]   [40,20,10] (30)   18174
[10,40]   [40,20,15] (0)   22340.5
[10,40]   [40,20,15] (5)   22281.5
[10,40]   [40,20,15] (10)   19685.2
[10,40]   [40,20,15] (15)   18022.2
[10,40]   [40,20,15] (20)   17508.1
[10,40]   [40,20,15] (25)   16821.6
[10,40]   [40,20,15] (30)   16941.2
[10,40]   [40,20,20] (0)   22227.5
[10,40]   [40,20,20] (5)   22247.3
[10,40]   [40,20,20] (10)   22005.6
[10,40]   [40,20,20] (15)   21346.3
[10,40]   [40,20,20] (20)   21356.1
[10,40]   [40,20,20] (25)   21085.4
[10,40]   [40,20,20] (30)   21023.6
[10,40]   [40,30,5] (0)   23393.2
[10,40]   [40,30,5] (5)   23419.8
[10,40]   [40,30,5] (10)   23039
[10,40]   [40,30,5] (15)   20541
[10,40]   [40,30,5] (20)   15746.1
[10,40]   [40,30,5] (25)   12664.4
[10,40]   [40,30,5] (30)   11287.1
[10,40]   [40,30,10] (0)   23371.7
[10,40]   [40,30,10] (5)   23429.7
[10,40]   [40,30,10] (10)   23457.9
[10,40]   [40,30,10] (15)   22862
[10,40]   [40,30,10] (20)   21502.7
[10,40]   [40,30,10] (25)   20245.2
[10,40]   [40,30,10] (30)   19686.7
[10,40]   [40,30,15] (0)   23434.1
[10,40]   [40,30,15] (5)   23366
[10,40]   [40,30,15] (10)   22768.7
[10,40]   [40,30,15] (15)   21033.1
[10,40]   [40,30,15] (20)   19349.7
[10,40]   [40,30,15] (25)   18577.5
[10,40]   [40,30,15] (30)   18051.3
[10,40]   [40,30,20] (0)   23475.2
[10,40]   [40,30,20] (5)   23476.9
[10,40]   [40,30,20] (10)   23384.4
[10,40]   [40,30,20] (15)   23369.6
[10,40]   [40,30,20] (20)   22422.7
[10,40]   [40,30,20] (25)   22150.6
[10,40]   [40,30,20] (30)   22053.9
[10,40]   [40,40,5] (0)   24257.6
[10,40]   [40,40,5] (5)   24210.4
[10,40]   [40,40,5] (10)   24352.9
[10,40]   [40,40,5] (15)   23976.4
[10,40]   [40,40,5] (20)   22048.7
[10,40]   [40,40,5] (25)   18348.4
[10,40]   [40,40,5] (30)   15337.5
[10,40]   [40,40,10] (0)   24348.7
[10,40]   [40,40,10] (5)   24214.5
[10,40]   [40,40,10] (10)   24394.1
[10,40]   [40,40,10] (15)   24364
[10,40]   [40,40,10] (20)   24112.5
[10,40]   [40,40,10] (25)   22829.1
[10,40]   [40,40,10] (30)   21748.5
[10,40]   [40,40,15] (0)   24407.2
[10,40]   [40,40,15] (5)   24359.7
[10,40]   [40,40,15] (10)   24363.5
[10,40]   [40,40,15] (15)   23958.4
[10,40]   [40,40,15] (20)   22410.7
[10,40]   [40,40,15] (25)   21160.7
[10,40]   [40,40,15] (30)   20380.9
[10,40]   [40,40,20] (0)   24337.1
[10,40]   [40,40,20] (5)   24407.3
[10,40]   [40,40,20] (10)   24380.5
[10,40]   [40,40,20] (15)   24371.7
[10,40]   [40,40,20] (20)   24255.8
[10,40]   [40,40,20] (25)   23670
[10,40]   [40,40,20] (30)   23567
[10,40]   [40,50,5] (0)   26182.3
[10,40]   [40,50,5] (5)   26482.8
[10,40]   [40,50,5] (10)   26045.9
[10,40]   [40,50,5] (15)   26093.6
[10,40]   [40,50,5] (20)   26401.4
[10,40]   [40,50,5] (25)   25721.1
[10,40]   [40,50,5] (30)   26713.2
[10,40]   [40,50,10] (0)   25871.8
[10,40]   [40,50,10] (5)   25870.5
[10,40]   [40,50,10] (10)   25806.5
[10,40]   [40,50,10] (15)   25994.8
[10,40]   [40,50,10] (20)   26661.3
[10,40]   [40,50,10] (25)   26288.1
[10,40]   [40,50,10] (30)   25920.4
[10,40]   [40,50,15] (0)   25965.6
[10,40]   [40,50,15] (5)   26005.3
[10,40]   [40,50,15] (10)   25858.9
[10,40]   [40,50,15] (15)   26728.8
[10,40]   [40,50,15] (20)   26001.1
[10,40]   [40,50,15] (25)   26420.7
[10,40]   [40,50,15] (30)   25717.3
[10,40]   [40,50,20] (0)   26029.8
[10,40]   [40,50,20] (5)   26103.5
[10,40]   [40,50,20] (10)   26658.1
[10,40]   [40,50,20] (15)   26027.2
[10,40]   [40,50,20] (20)   26181.2
[10,40]   [40,50,20] (25)   26121.7
[10,40]   [40,50,20] (30)   26130.8
[10,40]   [40,60,5] (0)   32079.8
[10,40]   [40,60,5] (5)   32048.1
[10,40]   [40,60,5] (10)   31794.6
[10,40]   [40,60,5] (15)   32116.2
[10,40]   [40,60,5] (20)   31906.9
[10,40]   [40,60,5] (25)   31909.2
[10,40]   [40,60,5] (30)   31899
[10,40]   [40,60,10] (0)   31886.5
[10,40]   [40,60,10] (5)   31956.8
[10,40]   [40,60,10] (10)   32232.5
[10,40]   [40,60,10] (15)   32252.4
[10,40]   [40,60,10] (20)   32301.2
[10,40]   [40,60,10] (25)   32112.4
[10,40]   [40,60,10] (30)   31913
[10,40]   [40,60,15] (0)   31845.8
[10,40]   [40,60,15] (5)   31797.8
[10,40]   [40,60,15] (10)   31946.9
[10,40]   [40,60,15] (15)   31908.1
[10,40]   [40,60,15] (20)   32202.2
[10,40]   [40,60,15] (25)   32131.1
[10,40]   [40,60,15] (30)   32124.1
[10,40]   [40,60,20] (0)   31955.5
[10,40]   [40,60,20] (5)   31823.9
[10,40]   [40,60,20] (10)   31813.8
[10,40]   [40,60,20] (15)   31798.5
[10,40]   [40,60,20] (20)   32045.3
[10,40]   [40,60,20] (25)   31953.4
[10,40]   [40,60,20] (30)   31952.6
[10,40]   [50,10,5] (0)   26491.7
[10,40]   [50,10,5] (5)   17728.7
[10,40]   [50,10,5] (10)   12682.8
[10,40]   [50,10,5] (15)   10638.4
[10,40]   [50,10,5] (20)   9529.9
[10,40]   [50,10,5] (25)   8526.67
[10,40]   [50,10,5] (30)   7831
[10,40]   [50,10,10] (0)   26596.4
[10,40]   [50,10,10] (5)   21359.1
[10,40]   [50,10,10] (10)   19940
[10,40]   [50,10,10] (15)   18976
[10,40]   [50,10,10] (20)   18017.5
[10,40]   [50,10,10] (25)   17486.9
[10,40]   [50,10,10] (30)   17083.1
[10,40]   [50,10,15] (0)   26704.3
[10,40]   [50,10,15] (5)   19415
[10,40]   [50,10,15] (10)   19538.5
[10,40]   [50,10,15] (15)   17353.6
[10,40]   [50,10,15] (20)   16754.7
[10,40]   [50,10,15] (25)   16646.8
[10,40]   [50,10,15] (30)   15819.5
[10,40]   [50,10,20] (0)   26689.6
[10,40]   [50,10,20] (5)   22361.6
[10,40]   [50,10,20] (10)   21298.1
[10,40]   [50,10,20] (15)   21007.8
[10,40]   [50,10,20] (20)   19997.7
[10,40]   [50,10,20] (25)   21364.1
[10,40]   [50,10,20] (30)   21409.9
[10,40]   [50,20,5] (0)   23345.9
[10,40]   [50,20,5] (5)   23392
[10,40]   [50,20,5] (10)   19724.3
[10,40]   [50,20,5] (15)   15044.1
[10,40]   [50,20,5] (20)   11965.2
[10,40]   [50,20,5] (25)   10802
[10,40]   [50,20,5] (30)   9364.47
[10,40]   [50,20,10] (0)   23401.2
[10,40]   [50,20,10] (5)   23428.2
[10,40]   [50,20,10] (10)   22597.8
[10,40]   [50,20,10] (15)   21205.4
[10,40]   [50,20,10] (20)   19970.5
[10,40]   [50,20,10] (25)   19266.6
[10,40]   [50,20,10] (30)   18805.8
[10,40]   [50,20,15] (0)   23447.7
[10,40]   [50,20,15] (5)   23373.5
[10,40]   [50,20,15] (10)   20599
[10,40]   [50,20,15] (15)   18908.3
[10,40]   [50,20,15] (20)   17892.2
[10,40]   [50,20,15] (25)   18553.4
[10,40]   [50,20,15] (30)   17635.6
[10,40]   [50,20,20] (0)   23299.9
[10,40]   [50,20,20] (5)   23312
[10,40]   [50,20,20] (10)   23254.6
[10,40]   [50,20,20] (15)   22289.7
[10,40]   [50,20,20] (20)   22210.2
[10,40]   [50,20,20] (25)   22187
[10,40]   [50,20,20] (30)   21777.8
[10,40]   [50,30,5] (0)   24183.8
[10,40]   [50,30,5] (5)   24321.2
[10,40]   [50,30,5] (10)   23287.6
[10,40]   [50,30,5] (15)   21531.6
[10,40]   [50,30,5] (20)   16773.4
[10,40]   [50,30,5] (25)   13608.2
[10,40]   [50,30,5] (30)   11628.6
[10,40]   [50,30,10] (0)   24225
[10,40]   [50,30,10] (5)   24312.6
[10,40]   [50,30,10] (10)   24262.5
[10,40]   [50,30,10] (15)   23856.4
[10,40]   [50,30,10] (20)   22127.5
[10,40]   [50,30,10] (25)   20673.3
[10,40]   [50,30,10] (30)   20291.6
[10,40]   [50,30,15] (0)   24300.9
[10,40]   [50,30,15] (5)   24390.4
[10,40]   [50,30,15] (10)   23666.7
[10,40]   [50,30,15] (15)   21984
[10,40]   [50,30,15] (20)   20258
[10,40]   [50,30,15] (25)   19151.9
[10,40]   [50,30,15] (30)   18559.6
[10,40]   [50,30,20] (0)   24320
[10,40]   [50,30,20] (5)   24282.7
[10,40]   [50,30,20] (10)   24221.5
[10,40]   [50,30,20] (15)   24038.3
[10,40]   [50,30,20] (20)   21613.1
[10,40]   [50,30,20] (25)   23206
[10,40]   [50,30,20] (30)   22939.6
[10,40]   [50,40,5] (0)   25070.7
[10,40]   [50,40,5] (5)   25072.3
[10,40]   [50,40,5] (10)   25132.4
[10,40]   [50,40,5] (15)   24397.6
[10,40]   [50,40,5] (20)   23118.8
[10,40]   [50,40,5] (25)   18841.9
[10,40]   [50,40,5] (30)   15644.7
[10,40]   [50,40,10] (0)   25037.8
[10,40]   [50,40,10] (5)   25096
[10,40]   [50,40,10] (10)   25027.7
[10,40]   [50,40,10] (15)   25130.3
[10,40]   [50,40,10] (20)   24666.3
[10,40]   [50,40,10] (25)   22818.6
[10,40]   [50,40,10] (30)   22780
[10,40]   [50,40,15] (0)   25083.6
[10,40]   [50,40,15] (5)   25129.3
[10,40]   [50,40,15] (10)   25111.1
[10,40]   [50,40,15] (15)   24359
[10,40]   [50,40,15] (20)   23216.5
[10,40]   [50,40,15] (25)   21837.8
[10,40]   [50,40,15] (30)   20417.2
[10,40]   [50,40,20] (0)   25090.3
[10,40]   [50,40,20] (5)   25102.3
[10,40]   [50,40,20] (10)   25107.5
[10,40]   [50,40,20] (15)   25106.1
[10,40]   [50,40,20] (20)   24955.2
[10,40]   [50,40,20] (25)   24449.6
[10,40]   [50,40,20] (30)   23921.8
[10,40]   [50,50,5] (0)   33439.6
[10,40]   [50,50,5] (5)   33667.8
[10,40]   [50,50,5] (10)   33398.7
[10,40]   [50,50,5] (15)   33483.7
[10,40]   [50,50,5] (20)   33384.2
[10,40]   [50,50,5] (25)   25651.3
[10,40]   [50,50,5] (30)   21599.7
[10,40]   [50,50,10] (0)   33167.6
[10,40]   [50,50,10] (5)   33618.4
[10,40]   [50,50,10] (10)   33292.4
[10,40]   [50,50,10] (15)   33410.5
[10,40]   [50,50,10] (20)   33483
[10,40]   [50,50,10] (25)   27463
[10,40]   [50,50,10] (30)   25635.1
[10,40]   [50,50,15] (0)   33691
[10,40]   [50,50,15] (5)   33407.9
[10,40]   [50,50,15] (10)   33650.5
[10,40]   [50,50,15] (15)   33473.8
[10,40]   [50,50,15] (20)   33407.3
[10,40]   [50,50,15] (25)   25936.4
[10,40]   [50,50,15] (30)   23398.5
[10,40]   [50,50,20] (0)   33479.7
[10,40]   [50,50,20] (5)   33437.2
[10,40]   [50,50,20] (10)   33493.2
[10,40]   [50,50,20] (15)   33377.9
[10,40]   [50,50,20] (20)   33584.3
[10,40]   [50,50,20] (25)   28096.5
[10,40]   [50,50,20] (30)   25551.7
[10,40]   [50,60,5] (0)   25775.2
[10,40]   [50,60,5] (5)   28787.7
[10,40]   [50,60,5] (10)   16457
[10,40]   [50,60,5] (15)   25088.3
[10,40]   [50,60,5] (20)   28025.1
[10,40]   [50,60,5] (25)   19968.5
[10,40]   [50,60,5] (30)   27479.1
[10,40]   [50,60,10] (0)   21953.8
[10,40]   [50,60,10] (5)   27615
[10,40]   [50,60,10] (10)   24937.1
[10,40]   [50,60,10] (15)   28279
[10,40]   [50,60,10] (20)   24820.4
[10,40]   [50,60,10] (25)   22323.8
[10,40]   [50,60,10] (30)   22049.8
[10,40]   [50,60,15] (0)   22176.9
[10,40]   [50,60,15] (5)   22278.8
[10,40]   [50,60,15] (10)   19777.1
[10,40]   [50,60,15] (15)   24774.7
[10,40]   [50,60,15] (20)   24433.3
[10,40]   [50,60,15] (25)   26017.1
[10,40]   [50,60,15] (30)   21532.3
[10,40]   [50,60,20] (0)   26009.1
[10,40]   [50,60,20] (5)   27464.3
[10,40]   [50,60,20] (10)   25533.2
[10,40]   [50,60,20] (15)   21533.8
[10,40]   [50,60,20] (20)   25663.4
[10,40]   [50,60,20] (25)   22734.3
[10,40]   [50,60,20] (30)   27646.4
[10,40]   [60,10,5] (0)   29702.9
[10,40]   [60,10,5] (5)   20334.1
[10,40]   [60,10,5] (10)   13682.1
[10,40]   [60,10,5] (15)   11465
[10,40]   [60,10,5] (20)   10279
[10,40]   [60,10,5] (25)   9068.56
[10,40]   [60,10,5] (30)   8500.81
[10,40]   [60,10,10] (0)   30091.5
[10,40]   [60,10,10] (5)   23013
[10,40]   [60,10,10] (10)   21003.6
[10,40]   [60,10,10] (15)   19816.8
[10,40]   [60,10,10] (20)   19086.1
[10,40]   [60,10,10] (25)   18421.5
[10,40]   [60,10,10] (30)   17808.6
[10,40]   [60,10,15] (0)   29977.6
[10,40]   [60,10,15] (5)   19763.4
[10,40]   [60,10,15] (10)   18738.6
[10,40]   [60,10,15] (15)   16656.8
[10,40]   [60,10,15] (20)   18957.9
[10,40]   [60,10,15] (25)   17434.9
[10,40]   [60,10,15] (30)   16934
[10,40]   [60,10,20] (0)   29808.6
[10,40]   [60,10,20] (5)   22841
[10,40]   [60,10,20] (10)   22293.9
[10,40]   [60,10,20] (15)   22202.8
[10,40]   [60,10,20] (20)   21942.1
[10,40]   [60,10,20] (25)   21691.7
[10,40]   [60,10,20] (30)   21539
[10,40]   [60,20,5] (0)   24165.1
[10,40]   [60,20,5] (5)   24192.5
[10,40]   [60,20,5] (10)   21051.7
[10,40]   [60,20,5] (15)   15539.2
[10,40]   [60,20,5] (20)   13538.9
[10,40]   [60,20,5] (25)   11409.8
[10,40]   [60,20,5] (30)   10132.4
[10,40]   [60,20,10] (0)   24320
[10,40]   [60,20,10] (5)   24339
[10,40]   [60,20,10] (10)   23763.1
[10,40]   [60,20,10] (15)   21723.4
[10,40]   [60,20,10] (20)   20538.4
[10,40]   [60,20,10] (25)   20219
[10,40]   [60,20,10] (30)   19392.5
[10,40]   [60,20,15] (0)   24335.4
[10,40]   [60,20,15] (5)   24389
[10,40]   [60,20,15] (10)   21915.3
[10,40]   [60,20,15] (15)   19799.7
[10,40]   [60,20,15] (20)   19149
[10,40]   [60,20,15] (25)   18437.1
[10,40]   [60,20,15] (30)   17899.2
[10,40]   [60,20,20] (0)   24362.5
[10,40]   [60,20,20] (5)   24341.4
[10,40]   [60,20,20] (10)   24328.2
[10,40]   [60,20,20] (15)   22881.1
[10,40]   [60,20,20] (20)   23998.9
[10,40]   [60,20,20] (25)   22955.4
[10,40]   [60,20,20] (30)   22351.2
[10,40]   [60,30,5] (0)   25021.9
[10,40]   [60,30,5] (5)   25115.5
[10,40]   [60,30,5] (10)   24767.7
[10,40]   [60,30,5] (15)   22462.8
[10,40]   [60,30,5] (20)   17761.3
[10,40]   [60,30,5] (25)   14487.5
[10,40]   [60,30,5] (30)   12471
[10,40]   [60,30,10] (0)   25128.8
[10,40]   [60,30,10] (5)   25084.1
[10,40]   [60,30,10] (10)   25106.6
[10,40]   [60,30,10] (15)   24421.8
[10,40]   [60,30,10] (20)   21783.1
[10,40]   [60,30,10] (25)   22313.7
[10,40]   [60,30,10] (30)   20910.9
[10,40]   [60,30,15] (0)   25141.2
[10,40]   [60,30,15] (5)   25052.7
[10,40]   [60,30,15] (10)   24500
[10,40]   [60,30,15] (15)   22758.6
[10,40]   [60,30,15] (20)   21130.6
[10,40]   [60,30,15] (25)   19978.8
[10,40]   [60,30,15] (30)   19431.3
[10,40]   [60,30,20] (0)   25058.4
[10,40]   [60,30,20] (5)   25087.6
[10,40]   [60,30,20] (10)   25104.7
[10,40]   [60,30,20] (15)   24675.7
[10,40]   [60,30,20] (20)   24148.8
[10,40]   [60,30,20] (25)   23628.3
[10,40]   [60,30,20] (30)   23014.5
[10,40]   [60,40,5] (0)   33441.9
[10,40]   [60,40,5] (5)   33411.1
[10,40]   [60,40,5] (10)   33478.2
[10,40]   [60,40,5] (15)   33407.4
[10,40]   [60,40,5] (20)   25371.1
[10,40]   [60,40,5] (25)   20306
[10,40]   [60,40,5] (30)   16145.9
[10,40]   [60,40,10] (0)   33441.2
[10,40]   [60,40,10] (5)   33363.4
[10,40]   [60,40,10] (10)   33387.9
[10,40]   [60,40,10] (15)   33180.1
[10,40]   [60,40,10] (20)   27771.5
[10,40]   [60,40,10] (25)   25194.4
[10,40]   [60,40,10] (30)   22991.4
[10,40]   [60,40,15] (0)   33468.9
[10,40]   [60,40,15] (5)   33456.7
[10,40]   [60,40,15] (10)   33481.9
[10,40]   [60,40,15] (15)   33479.4
[10,40]   [60,40,15] (20)   24746.7
[10,40]   [60,40,15] (25)   22702.8
[10,40]   [60,40,15] (30)   21203.7
[10,40]   [60,40,20] (0)   33493.5
[10,40]   [60,40,20] (5)   33536.2
[10,40]   [60,40,20] (10)   33505.2
[10,40]   [60,40,20] (15)   33471
[10,40]   [60,40,20] (20)   27105.2
[10,40]   [60,40,20] (25)   25223.7
[10,40]   [60,40,20] (30)   24415.2
[10,40]   [60,50,5] (0)   26325.2
[10,40]   [60,50,5] (5)   26244.4
[10,40]   [60,50,5] (10)   26287.8
[10,40]   [60,50,5] (15)   26342.5
[10,40]   [60,50,5] (20)   26227.6
[10,40]   [60,50,5] (25)   23972.7
[10,40]   [60,50,5] (30)   21989.9
[10,40]   [60,50,10] (0)   26286.5
[10,40]   [60,50,10] (5)   26310.7
[10,40]   [60,50,10] (10)   26275.8
[10,40]   [60,50,10] (15)   26370.6
[10,40]   [60,50,10] (20)   26207.2
[10,40]   [60,50,10] (25)   26223.9
[10,40]   [60,50,10] (30)   25395.1
[10,40]   [60,50,15] (0)   26353
[10,40]   [60,50,15] (5)   26301.8
[10,40]   [60,50,15] (10)   26303.7
[10,40]   [60,50,15] (15)   26293.6
[10,40]   [60,50,15] (20)   25765.7
[10,40]   [60,50,15] (25)   24413.3
[10,40]   [60,50,15] (30)   23189.7
[10,40]   [60,50,20] (0)   26361.7
[10,40]   [60,50,20] (5)   26298.6
[10,40]   [60,50,20] (10)   26307.8
[10,40]   [60,50,20] (15)   26339
[10,40]   [60,50,20] (20)   26299.9
[10,40]   [60,50,20] (25)   26116.4
[10,40]   [60,50,20] (30)   25552.6
[10,40]   [60,60,5] (0)   26877.7
[10,40]   [60,60,5] (5)   26787.6
[10,40]   [60,60,5] (10)   26736.6
[10,40]   [60,60,5] (15)   26749.1
[10,40]   [60,60,5] (20)   26779.1
[10,40]   [60,60,5] (25)   26709.8
[10,40]   [60,60,5] (30)   25670.7
[10,40]   [60,60,10] (0)   26730.6
[10,40]   [60,60,10] (5)   26767.5
[10,40]   [60,60,10] (10)   26708.1
[10,40]   [60,60,10] (15)   26769.4
[10,40]   [60,60,10] (20)   26754.9
[10,40]   [60,60,10] (25)   26716.5
[10,40]   [60,60,10] (30)   26623
[10,40]   [60,60,15] (0)   26743.4
[10,40]   [60,60,15] (5)   26756.3
[10,40]   [60,60,15] (10)   26746.1
[10,40]   [60,60,15] (15)   26781.3
[10,40]   [60,60,15] (20)   26790.2
[10,40]   [60,60,15] (25)   26758.9
[10,40]   [60,60,15] (30)   25273.9
[10,40]   [60,60,20] (0)   26756.5
[10,40]   [60,60,20] (5)   26744.2
[10,40]   [60,60,20] (10)   26775.5
[10,40]   [60,60,20] (15)   26768.8
[10,40]   [60,60,20] (20)   26723.8
[10,40]   [60,60,20] (25)   26800.4
[10,40]   [60,60,20] (30)   26807.5
