[60,20]   [10,10,5] (0)   68.7102
[60,20]   [10,10,5] (5)   49.3323
[60,20]   [10,10,5] (10)   51.2969
[60,20]   [10,10,5] (15)   61.2165
[60,20]   [10,10,5] (20)   71.2559
[60,20]   [10,10,5] (25)   81.2277
[60,20]   [10,10,5] (30)   91.4028
[60,20]   [10,10,10] (0)   68.2638
[60,20]   [10,10,10] (5)   58.0192
[60,20]   [10,10,10] (10)   64.5229
[60,20]   [10,10,10] (15)   73.1606
[60,20]   [10,10,10] (20)   81.9457
[60,20]   [10,10,10] (25)   90.7586
[60,20]   [10,10,10] (30)   99.4731
[60,20]   [10,10,15] (0)   67.6924
[60,20]   [10,10,15] (5)   60.417
[60,20]   [10,10,15] (10)   68.3904
[60,20]   [10,10,15] (15)   77.4586
[60,20]   [10,10,15] (20)   86.1723
[60,20]   [10,10,15] (25)   95.4527
[60,20]   [10,10,15] (30)   104.311
[60,20]   [10,10,20] (0)   70.9434
[60,20]   [10,10,20] (5)   67.6028
[60,20]   [10,10,20] (10)   75.2992
[60,20]   [10,10,20] (15)   84.412
[60,20]   [10,10,20] (20)   93.095
[60,20]   [10,10,20] (25)   101.593
[60,20]   [10,10,20] (30)   110.372
[60,20]   [10,20,5] (0)   7793.13
[60,20]   [10,20,5] (5)   7876.18
[60,20]   [10,20,5] (10)   7769.93
[60,20]   [10,20,5] (15)   7778.08
[60,20]   [10,20,5] (20)   7794.04
[60,20]   [10,20,5] (25)   6816.21
[60,20]   [10,20,5] (30)   6790.8
[60,20]   [10,20,10] (0)   7852.56
[60,20]   [10,20,10] (5)   7901.46
[60,20]   [10,20,10] (10)   7785.85
[60,20]   [10,20,10] (15)   7780.41
[60,20]   [10,20,10] (20)   7848.05
[60,20]   [10,20,10] (25)   7872.34
[60,20]   [10,20,10] (30)   7792.62
[60,20]   [10,20,15] (0)   7896.5
[60,20]   [10,20,15] (5)   7756.77
[60,20]   [10,20,15] (10)   7826.39
[60,20]   [10,20,15] (15)   7789.5
[60,20]   [10,20,15] (20)   7683.09
[60,20]   [10,20,15] (25)   6621.1
[60,20]   [10,20,15] (30)   5427.14
[60,20]   [10,20,20] (0)   7753.67
[60,20]   [10,20,20] (5)   7789.36
[60,20]   [10,20,20] (10)   7804.85
[60,20]   [10,20,20] (15)   7939
[60,20]   [10,20,20] (20)   7702.36
[60,20]   [10,20,20] (25)   7727.61
[60,20]   [10,20,20] (30)   7858.48
[60,20]   [10,30,5] (0)   16586.2
[60,20]   [10,30,5] (5)   16586.4
[60,20]   [10,30,5] (10)   16750.6
[60,20]   [10,30,5] (15)   16757.3
[60,20]   [10,30,5] (20)   16798
[60,20]   [10,30,5] (25)   16553.6
[60,20]   [10,30,5] (30)   15300.3
[60,20]   [10,30,10] (0)   16618.3
[60,20]   [10,30,10] (5)   16601.5
[60,20]   [10,30,10] (10)   16749.8
[60,20]   [10,30,10] (15)   16708.7
[60,20]   [10,30,10] (20)   16495.6
[60,20]   [10,30,10] (25)   16590.5
[60,20]   [10,30,10] (30)   16543.6
[60,20]   [10,30,15] (0)   16536.6
[60,20]   [10,30,15] (5)   16762.5
[60,20]   [10,30,15] (10)   16499.9
[60,20]   [10,30,15] (15)   16523.6
[60,20]   [10,30,15] (20)   16774.9
[60,20]   [10,30,15] (25)   16899.4
[60,20]   [10,30,15] (30)   15279.1
[60,20]   [10,30,20] (0)   16598.9
[60,20]   [10,30,20] (5)   16581.1
[60,20]   [10,30,20] (10)   16707.1
[60,20]   [10,30,20] (15)   16747.3
[60,20]   [10,30,20] (20)   16744
[60,20]   [10,30,20] (25)   16725.2
[60,20]   [10,30,20] (30)   16679.7
[60,20]   [10,40,5] (0)   24480.1
[60,20]   [10,40,5] (5)   24303.8
[60,20]   [10,40,5] (10)   24516.4
[60,20]   [10,40,5] (15)   24407.1
[60,20]   [10,40,5] (20)   24286.9
[60,20]   [10,40,5] (25)   24303.2
[60,20]   [10,40,5] (30)   24285.7
[60,20]   [10,40,10] (0)   24268.9
[60,20]   [10,40,10] (5)   24513.7
[60,20]   [10,40,10] (10)   24371.7
[60,20]   [10,40,10] (15)   24205.5
[60,20]   [10,40,10] (20)   24086.7
[60,20]   [10,40,10] (25)   23994.5
[60,20]   [10,40,10] (30)   24451
[60,20]   [10,40,15] (0)   24411.8
[60,20]   [10,40,15] (5)   24419.7
[60,20]   [10,40,15] (10)   24415.7
[60,20]   [10,40,15] (15)   24383
[60,20]   [10,40,15] (20)   24439.7
[60,20]   [10,40,15] (25)   24364
[60,20]   [10,40,15] (30)   24345.3
[60,20]   [10,40,20] (0)   24298.3
[60,20]   [10,40,20] (5)   24426.2
[60,20]   [10,40,20] (10)   24392.4
[60,20]   [10,40,20] (15)   24411.1
[60,20]   [10,40,20] (20)   24385.3
[60,20]   [10,40,20] (25)   24283.3
[60,20]   [10,40,20] (30)   24222.4
[60,20]   [10,50,5] (0)   30344.3
[60,20]   [10,50,5] (5)   30398.3
[60,20]   [10,50,5] (10)   30601.4
[60,20]   [10,50,5] (15)   30562.5
[60,20]   [10,50,5] (20)   30435.2
[60,20]   [10,50,5] (25)   30289.1
[60,20]   [10,50,5] (30)   30490.5
[60,20]   [10,50,10] (0)   30410.6
[60,20]   [10,50,10] (5)   30422
[60,20]   [10,50,10] (10)   30457.2
[60,20]   [10,50,10] (15)   30448.8
[60,20]   [10,50,10] (20)   30532.7
[60,20]   [10,50,10] (25)   30408.9
[60,20]   [10,50,10] (30)   30451.3
[60,20]   [10,50,15] (0)   30427.5
[60,20]   [10,50,15] (5)   30429.3
[60,20]   [10,50,15] (10)   30521.2
[60,20]   [10,50,15] (15)   30331.1
[60,20]   [10,50,15] (20)   30443.3
[60,20]   [10,50,15] (25)   30391
[60,20]   [10,50,15] (30)   30514.5
[60,20]   [10,50,20] (0)   30386.8
[60,20]   [10,50,20] (5)   30438.1
[60,20]   [10,50,20] (10)   30412.8
[60,20]   [10,50,20] (15)   30441.5
[60,20]   [10,50,20] (20)   30394.5
[60,20]   [10,50,20] (25)   30407.4
[60,20]   [10,50,20] (30)   30426.3
[60,20]   [10,60,5] (0)   35605.8
[60,20]   [10,60,5] (5)   35419.4
[60,20]   [10,60,5] (10)   35429.8
[60,20]   [10,60,5] (15)   35452.1
[60,20]   [10,60,5] (20)   35596
[60,20]   [10,60,5] (25)   35379.5
[60,20]   [10,60,5] (30)   35282.6
[60,20]   [10,60,10] (0)   35563.9
[60,20]   [10,60,10] (5)   35573.9
[60,20]   [10,60,10] (10)   35557.7
[60,20]   [10,60,10] (15)   35620.9
[60,20]   [10,60,10] (20)   35600.1
[60,20]   [10,60,10] (25)   35457.3
[60,20]   [10,60,10] (30)   35579.8
[60,20]   [10,60,15] (0)   35533.1
[60,20]   [10,60,15] (5)   35534
[60,20]   [10,60,15] (10)   35457.9
[60,20]   [10,60,15] (15)   35619.6
[60,20]   [10,60,15] (20)   35564
[60,20]   [10,60,15] (25)   35587.2
[60,20]   [10,60,15] (30)   35569
[60,20]   [10,60,20] (0)   35610.8
[60,20]   [10,60,20] (5)   35587.8
[60,20]   [10,60,20] (10)   35612.4
[60,20]   [10,60,20] (15)   35583.3
[60,20]   [10,60,20] (20)   35560.1
[60,20]   [10,60,20] (25)   35540.4
[60,20]   [10,60,20] (30)   35574.5
[60,20]   [20,10,5] (0)   7512.04
[60,20]   [20,10,5] (5)   1422.04
[60,20]   [20,10,5] (10)   53.2852
[60,20]   [20,10,5] (15)   57.0003
[60,20]   [20,10,5] (20)   66.1891
[60,20]   [20,10,5] (25)   76.2533
[60,20]   [20,10,5] (30)   86.2827
[60,20]   [20,10,10] (0)   7493.8
[60,20]   [20,10,10] (5)   1711.04
[60,20]   [20,10,10] (10)   69.2791
[60,20]   [20,10,10] (15)   74.2838
[60,20]   [20,10,10] (20)   82.4274
[60,20]   [20,10,10] (25)   90.5208
[60,20]   [20,10,10] (30)   98.9849
[60,20]   [20,10,15] (0)   7418.04
[60,20]   [20,10,15] (5)   87.2292
[60,20]   [20,10,15] (10)   73.7901
[60,20]   [20,10,15] (15)   80.987
[60,20]   [20,10,15] (20)   88.9882
[60,20]   [20,10,15] (25)   97.1537
[60,20]   [20,10,15] (30)   105.614
[60,20]   [20,10,20] (0)   7484.13
[60,20]   [20,10,20] (5)   121.992
[60,20]   [20,10,20] (10)   88.1565
[60,20]   [20,10,20] (15)   93.7153
[60,20]   [20,10,20] (20)   101.251
[60,20]   [20,10,20] (25)   109.64
[60,20]   [20,10,20] (30)   117.419
[60,20]   [20,20,5] (0)   119.804
[60,20]   [20,20,5] (5)   118.926
[60,20]   [20,20,5] (10)   97.7216
[60,20]   [20,20,5] (15)   83.9567
[60,20]   [20,20,5] (20)   90.8514
[60,20]   [20,20,5] (25)   99.3549
[60,20]   [20,20,5] (30)   108.513
[60,20]   [20,20,10] (0)   117.027
[60,20]   [20,20,10] (5)   117.441
[60,20]   [20,20,10] (10)   102.589
[60,20]   [20,20,10] (15)   99.277
[60,20]   [20,20,10] (20)   106.479
[60,20]   [20,20,10] (25)   114.016
[60,20]   [20,20,10] (30)   122.645
[60,20]   [20,20,15] (0)   119.424
[60,20]   [20,20,15] (5)   120.705
[60,20]   [20,20,15] (10)   99.2076
[60,20]   [20,20,15] (15)   101.334
[60,20]   [20,20,15] (20)   108.846
[60,20]   [20,20,15] (25)   117.178
[60,20]   [20,20,15] (30)   124.409
[60,20]   [20,20,20] (0)   118.779
[60,20]   [20,20,20] (5)   119.863
[60,20]   [20,20,20] (10)   111.675
[60,20]   [20,20,20] (15)   117.518
[60,20]   [20,20,20] (20)   123.971
[60,20]   [20,20,20] (25)   131.739
[60,20]   [20,20,20] (30)   140.081
[60,20]   [20,30,5] (0)   5276.61
[60,20]   [20,30,5] (5)   5281.15
[60,20]   [20,30,5] (10)   5356.35
[60,20]   [20,30,5] (15)   5340.24
[60,20]   [20,30,5] (20)   5376.36
[60,20]   [20,30,5] (25)   5156.66
[60,20]   [20,30,5] (30)   5303.55
[60,20]   [20,30,10] (0)   5326.02
[60,20]   [20,30,10] (5)   5256.64
[60,20]   [20,30,10] (10)   5242.59
[60,20]   [20,30,10] (15)   5393.48
[60,20]   [20,30,10] (20)   5246.71
[60,20]   [20,30,10] (25)   5241.36
[60,20]   [20,30,10] (30)   5259.62
[60,20]   [20,30,15] (0)   5363.22
[60,20]   [20,30,15] (5)   5239.04
[60,20]   [20,30,15] (10)   5290.65
[60,20]   [20,30,15] (15)   5253.37
[60,20]   [20,30,15] (20)   5266.76
[60,20]   [20,30,15] (25)   5232.66
[60,20]   [20,30,15] (30)   3744.23
[60,20]   [20,30,20] (0)   5262.48
[60,20]   [20,30,20] (5)   5279.06
[60,20]   [20,30,20] (10)   5228.84
[60,20]   [20,30,20] (15)   5312.49
[60,20]   [20,30,20] (20)   5238.51
[60,20]   [20,30,20] (25)   5213.76
[60,20]   [20,30,20] (30)   5279.12
[60,20]   [20,40,5] (0)   17194.6
[60,20]   [20,40,5] (5)   17139
[60,20]   [20,40,5] (10)   17350.4
[60,20]   [20,40,5] (15)   17078.7
[60,20]   [20,40,5] (20)   17144.9
[60,20]   [20,40,5] (25)   17127.3
[60,20]   [20,40,5] (30)   17121.7
[60,20]   [20,40,10] (0)   17197.8
[60,20]   [20,40,10] (5)   17015.4
[60,20]   [20,40,10] (10)   17459
[60,20]   [20,40,10] (15)   17197.5
[60,20]   [20,40,10] (20)   17274.9
[60,20]   [20,40,10] (25)   17351.7
[60,20]   [20,40,10] (30)   17185.8
[60,20]   [20,40,15] (0)   17275.7
[60,20]   [20,40,15] (5)   17259.9
[60,20]   [20,40,15] (10)   17238.8
[60,20]   [20,40,15] (15)   17196
[60,20]   [20,40,15] (20)   17159.8
[60,20]   [20,40,15] (25)   17194.4
[60,20]   [20,40,15] (30)   17446.7
[60,20]   [20,40,20] (0)   17262.9
[60,20]   [20,40,20] (5)   17186.4
[60,20]   [20,40,20] (10)   17059.5
[60,20]   [20,40,20] (15)   17126.1
[60,20]   [20,40,20] (20)   17313.3
[60,20]   [20,40,20] (25)   17048.3
[60,20]   [20,40,20] (30)   17286.7
[60,20]   [20,50,5] (0)   19582.8
[60,20]   [20,50,5] (5)   19720.7
[60,20]   [20,50,5] (10)   19452.7
[60,20]   [20,50,5] (15)   19523.3
[60,20]   [20,50,5] (20)   19585.4
[60,20]   [20,50,5] (25)   19610.2
[60,20]   [20,50,5] (30)   19810.3
[60,20]   [20,50,10] (0)   19723.5
[60,20]   [20,50,10] (5)   19576.8
[60,20]   [20,50,10] (10)   19743.9
[60,20]   [20,50,10] (15)   19686.3
[60,20]   [20,50,10] (20)   19541.4
[60,20]   [20,50,10] (25)   19674.7
[60,20]   [20,50,10] (30)   19582.7
[60,20]   [20,50,15] (0)   19735.7
[60,20]   [20,50,15] (5)   19676.7
[60,20]   [20,50,15] (10)   19654.6
[60,20]   [20,50,15] (15)   19548.6
[60,20]   [20,50,15] (20)   19585.6
[60,20]   [20,50,15] (25)   19464.7
[60,20]   [20,50,15] (30)   19729.1
[60,20]   [20,50,20] (0)   19547.1
[60,20]   [20,50,20] (5)   19574.9
[60,20]   [20,50,20] (10)   19530.1
[60,20]   [20,50,20] (15)   19509.8
[60,20]   [20,50,20] (20)   19489.9
[60,20]   [20,50,20] (25)   19618.8
[60,20]   [20,50,20] (30)   19709.4
[60,20]   [20,60,5] (0)   30315.8
[60,20]   [20,60,5] (5)   30371.2
[60,20]   [20,60,5] (10)   30351.3
[60,20]   [20,60,5] (15)   30459.6
[60,20]   [20,60,5] (20)   30472.2
[60,20]   [20,60,5] (25)   30185.7
[60,20]   [20,60,5] (30)   30397.8
[60,20]   [20,60,10] (0)   30386.6
[60,20]   [20,60,10] (5)   30454
[60,20]   [20,60,10] (10)   30504.9
[60,20]   [20,60,10] (15)   30298.8
[60,20]   [20,60,10] (20)   30318.3
[60,20]   [20,60,10] (25)   30323.3
[60,20]   [20,60,10] (30)   30465.7
[60,20]   [20,60,15] (0)   30428.9
[60,20]   [20,60,15] (5)   30200.6
[60,20]   [20,60,15] (10)   30446.8
[60,20]   [20,60,15] (15)   30515.3
[60,20]   [20,60,15] (20)   30334.1
[60,20]   [20,60,15] (25)   30510.8
[60,20]   [20,60,15] (30)   30264.3
[60,20]   [20,60,20] (0)   30490.6
[60,20]   [20,60,20] (5)   30435.8
[60,20]   [20,60,20] (10)   30447
[60,20]   [20,60,20] (15)   30486
[60,20]   [20,60,20] (20)   30479.6
[60,20]   [20,60,20] (25)   30531.5
[60,20]   [20,60,20] (30)   30519.5
[60,20]   [30,10,5] (0)   13602.9
[60,20]   [30,10,5] (5)   6844.9
[60,20]   [30,10,5] (10)   65.0389
[60,20]   [30,10,5] (15)   61.9773
[60,20]   [30,10,5] (20)   65.7266
[60,20]   [30,10,5] (25)   74.7915
[60,20]   [30,10,5] (30)   84.9093
[60,20]   [30,10,10] (0)   13608.2
[60,20]   [30,10,10] (5)   7182.27
[60,20]   [30,10,10] (10)   99.6279
[60,20]   [30,10,10] (15)   78.4816
[60,20]   [30,10,10] (20)   82.2531
[60,20]   [30,10,10] (25)   89.223
[60,20]   [30,10,10] (30)   97.5437
[60,20]   [30,10,15] (0)   13788.3
[60,20]   [30,10,15] (5)   3236.04
[60,20]   [30,10,15] (10)   83.3691
[60,20]   [30,10,15] (15)   86.1531
[60,20]   [30,10,15] (20)   90.3858
[60,20]   [30,10,15] (25)   98.3124
[60,20]   [30,10,15] (30)   106.257
[60,20]   [30,10,20] (0)   13430.9
[60,20]   [30,10,20] (5)   2829.48
[60,20]   [30,10,20] (10)   89.7295
[60,20]   [30,10,20] (15)   91.7637
[60,20]   [30,10,20] (20)   98.3094
[60,20]   [30,10,20] (25)   105.383
[60,20]   [30,10,20] (30)   113.859
[60,20]   [30,20,5] (0)   5917.59
[60,20]   [30,20,5] (5)   5854.06
[60,20]   [30,20,5] (10)   3377.28
[60,20]   [30,20,5] (15)   89.2039
[60,20]   [30,20,5] (20)   76.5274
[60,20]   [30,20,5] (25)   80.3382
[60,20]   [30,20,5] (30)   90.0158
[60,20]   [30,20,10] (0)   5813.44
[60,20]   [30,20,10] (5)   5840.69
[60,20]   [30,20,10] (10)   3926.88
[60,20]   [30,20,10] (15)   102.055
[60,20]   [30,20,10] (20)   96.2372
[60,20]   [30,20,10] (25)   101.786
[60,20]   [30,20,10] (30)   109.886
[60,20]   [30,20,15] (0)   5789.78
[60,20]   [30,20,15] (5)   5908.19
[60,20]   [30,20,15] (10)   2260.25
[60,20]   [30,20,15] (15)   100.416
[60,20]   [30,20,15] (20)   101.747
[60,20]   [30,20,15] (25)   108.344
[60,20]   [30,20,15] (30)   116.201
[60,20]   [30,20,20] (0)   5880.9
[60,20]   [30,20,20] (5)   5899.93
[60,20]   [30,20,20] (10)   2736.26
[60,20]   [30,20,20] (15)   113.185
[60,20]   [30,20,20] (20)   115.156
[60,20]   [30,20,20] (25)   122.302
[60,20]   [30,20,20] (30)   129.955
[60,20]   [30,30,5] (0)   133.376
[60,20]   [30,30,5] (5)   131.85
[60,20]   [30,30,5] (10)   132.097
[60,20]   [30,30,5] (15)   128.237
[60,20]   [30,30,5] (20)   106.201
[60,20]   [30,30,5] (25)   103.574
[60,20]   [30,30,5] (30)   112.043
[60,20]   [30,30,10] (0)   135.32
[60,20]   [30,30,10] (5)   133.511
[60,20]   [30,30,10] (10)   132.844
[60,20]   [30,30,10] (15)   130.726
[60,20]   [30,30,10] (20)   118.599
[60,20]   [30,30,10] (25)   122.134
[60,20]   [30,30,10] (30)   129.902
[60,20]   [30,30,15] (0)   134.059
[60,20]   [30,30,15] (5)   134.874
[60,20]   [30,30,15] (10)   133.445
[60,20]   [30,30,15] (15)   126.88
[60,20]   [30,30,15] (20)   119.705
[60,20]   [30,30,15] (25)   125.244
[60,20]   [30,30,15] (30)   133.048
[60,20]   [30,30,20] (0)   132.487
[60,20]   [30,30,20] (5)   133.511
[60,20]   [30,30,20] (10)   133.038
[60,20]   [30,30,20] (15)   127.142
[60,20]   [30,30,20] (20)   125.552
[60,20]   [30,30,20] (25)   131.9
[60,20]   [30,30,20] (30)   139.937
[60,20]   [30,40,5] (0)   3302.65
[60,20]   [30,40,5] (5)   3482.66
[60,20]   [30,40,5] (10)   3366.87
[60,20]   [30,40,5] (15)   3401.36
[60,20]   [30,40,5] (20)   3445.72
[60,20]   [30,40,5] (25)   3471.15
[60,20]   [30,40,5] (30)   3336.51
[60,20]   [30,40,10] (0)   3377.57
[60,20]   [30,40,10] (5)   3466.1
[60,20]   [30,40,10] (10)   3443.44
[60,20]   [30,40,10] (15)   3326.78
[60,20]   [30,40,10] (20)   3400
[60,20]   [30,40,10] (25)   3363.81
[60,20]   [30,40,10] (30)   3354.67
[60,20]   [30,40,15] (0)   3459.9
[60,20]   [30,40,15] (5)   3297.9
[60,20]   [30,40,15] (10)   3403.97
[60,20]   [30,40,15] (15)   3379.99
[60,20]   [30,40,15] (20)   3444.99
[60,20]   [30,40,15] (25)   3313.68
[60,20]   [30,40,15] (30)   3445.17
[60,20]   [30,40,20] (0)   3441.78
[60,20]   [30,40,20] (5)   3338.33
[60,20]   [30,40,20] (10)   3455.71
[60,20]   [30,40,20] (15)   3338.55
[60,20]   [30,40,20] (20)   3369.58
[60,20]   [30,40,20] (25)   3367.42
[60,20]   [30,40,20] (30)   3384.99
[60,20]   [30,50,5] (0)   11642.1
[60,20]   [30,50,5] (5)   11618.2
[60,20]   [30,50,5] (10)   11633.1
[60,20]   [30,50,5] (15)   11615.5
[60,20]   [30,50,5] (20)   11703.1
[60,20]   [30,50,5] (25)   11442.4
[60,20]   [30,50,5] (30)   11747.3
[60,20]   [30,50,10] (0)   11441.4
[60,20]   [30,50,10] (5)   11390.5
[60,20]   [30,50,10] (10)   11449.1
[60,20]   [30,50,10] (15)   11690.8
[60,20]   [30,50,10] (20)   11689
[60,20]   [30,50,10] (25)   11690.1
[60,20]   [30,50,10] (30)   11630.4
[60,20]   [30,50,15] (0)   11588
[60,20]   [30,50,15] (5)   11575.4
[60,20]   [30,50,15] (10)   11565.7
[60,20]   [30,50,15] (15)   11521.9
[60,20]   [30,50,15] (20)   11727.4
[60,20]   [30,50,15] (25)   11473.5
[60,20]   [30,50,15] (30)   11642.3
[60,20]   [30,50,20] (0)   11458
[60,20]   [30,50,20] (5)   11616.8
[60,20]   [30,50,20] (10)   11632
[60,20]   [30,50,20] (15)   11424.9
[60,20]   [30,50,20] (20)   11600.5
[60,20]   [30,50,20] (25)   11569.6
[60,20]   [30,50,20] (30)   11588.7
[60,20]   [30,60,5] (0)   15977.8
[60,20]   [30,60,5] (5)   15786.6
[60,20]   [30,60,5] (10)   15810.8
[60,20]   [30,60,5] (15)   16036
[60,20]   [30,60,5] (20)   15992.1
[60,20]   [30,60,5] (25)   15761.7
[60,20]   [30,60,5] (30)   15954.3
[60,20]   [30,60,10] (0)   15906
[60,20]   [30,60,10] (5)   15862.3
[60,20]   [30,60,10] (10)   15819.7
[60,20]   [30,60,10] (15)   15912
[60,20]   [30,60,10] (20)   15914.5
[60,20]   [30,60,10] (25)   15984.8
[60,20]   [30,60,10] (30)   15961.5
[60,20]   [30,60,15] (0)   15979.1
[60,20]   [30,60,15] (5)   15942.8
[60,20]   [30,60,15] (10)   16018.3
[60,20]   [30,60,15] (15)   15965.6
[60,20]   [30,60,15] (20)   15835.7
[60,20]   [30,60,15] (25)   15745.6
[60,20]   [30,60,15] (30)   15954
[60,20]   [30,60,20] (0)   15719
[60,20]   [30,60,20] (5)   15654.5
[60,20]   [30,60,20] (10)   15876.2
[60,20]   [30,60,20] (15)   15767.7
[60,20]   [30,60,20] (20)   15791.2
[60,20]   [30,60,20] (25)   15763.6
[60,20]   [30,60,20] (30)   15856.8
[60,20]   [40,10,5] (0)   18707.9
[60,20]   [40,10,5] (5)   10994.3
[60,20]   [40,10,5] (10)   106.518
[60,20]   [40,10,5] (15)   66.0871
[60,20]   [40,10,5] (20)   71.5795
[60,20]   [40,10,5] (25)   76.7816
[60,20]   [40,10,5] (30)   83.477
[60,20]   [40,10,10] (0)   18524.4
[60,20]   [40,10,10] (5)   12081.6
[60,20]   [40,10,10] (10)   3585.1
[60,20]   [40,10,10] (15)   90.9348
[60,20]   [40,10,10] (20)   87.0738
[60,20]   [40,10,10] (25)   91.2167
[60,20]   [40,10,10] (30)   97.3844
[60,20]   [40,10,15] (0)   18504
[60,20]   [40,10,15] (5)   7826.78
[60,20]   [40,10,15] (10)   1007.19
[60,20]   [40,10,15] (15)   96.5596
[60,20]   [40,10,15] (20)   95.4282
[60,20]   [40,10,15] (25)   99.7673
[60,20]   [40,10,15] (30)   106.09
[60,20]   [40,10,20] (0)   18613.3
[60,20]   [40,10,20] (5)   7692.97
[60,20]   [40,10,20] (10)   109.442
[60,20]   [40,10,20] (15)   108.281
[60,20]   [40,10,20] (20)   111.732
[60,20]   [40,10,20] (25)   114.826
[60,20]   [40,10,20] (30)   121.131
[60,20]   [40,20,5] (0)   13268.5
[60,20]   [40,20,5] (5)   13178.3
[60,20]   [40,20,5] (10)   8870.39
[60,20]   [40,20,5] (15)   137.461
[60,20]   [40,20,5] (20)   82.9152
[60,20]   [40,20,5] (25)   83.3189
[60,20]   [40,20,5] (30)   88.8077
[60,20]   [40,20,10] (0)   13173.9
[60,20]   [40,20,10] (5)   13226.5
[60,20]   [40,20,10] (10)   9729.35
[60,20]   [40,20,10] (15)   1366.61
[60,20]   [40,20,10] (20)   101.175
[60,20]   [40,20,10] (25)   100.476
[60,20]   [40,20,10] (30)   105.11
[60,20]   [40,20,15] (0)   13240.3
[60,20]   [40,20,15] (5)   13349.6
[60,20]   [40,20,15] (10)   7696.95
[60,20]   [40,20,15] (15)   117.891
[60,20]   [40,20,15] (20)   107.88
[60,20]   [40,20,15] (25)   107.277
[60,20]   [40,20,15] (30)   113.301
[60,20]   [40,20,20] (0)   13220.2
[60,20]   [40,20,20] (5)   13275.7
[60,20]   [40,20,20] (10)   10672.3
[60,20]   [40,20,20] (15)   136.475
[60,20]   [40,20,20] (20)   126.753
[60,20]   [40,20,20] (25)   130.801
[60,20]   [40,20,20] (30)   137.773
[60,20]   [40,30,5] (0)   4780.52
[60,20]   [40,30,5] (5)   4798.48
[60,20]   [40,30,5] (10)   4731.39
[60,20]   [40,30,5] (15)   3526.74
[60,20]   [40,30,5] (20)   117.909
[60,20]   [40,30,5] (25)   97.909
[60,20]   [40,30,5] (30)   97.7112
[60,20]   [40,30,10] (0)   4762.83
[60,20]   [40,30,10] (5)   4805.69
[60,20]   [40,30,10] (10)   4753.69
[60,20]   [40,30,10] (15)   3933.58
[60,20]   [40,30,10] (20)   132.707
[60,20]   [40,30,10] (25)   115.845
[60,20]   [40,30,10] (30)   118.185
[60,20]   [40,30,15] (0)   4715.29
[60,20]   [40,30,15] (5)   4790.53
[60,20]   [40,30,15] (10)   4751
[60,20]   [40,30,15] (15)   2811.31
[60,20]   [40,30,15] (20)   124.65
[60,20]   [40,30,15] (25)   121.021
[60,20]   [40,30,15] (30)   125.106
[60,20]   [40,30,20] (0)   4804.41
[60,20]   [40,30,20] (5)   4786.27
[60,20]   [40,30,20] (10)   4849.42
[60,20]   [40,30,20] (15)   3263.91
[60,20]   [40,30,20] (20)   135.174
[60,20]   [40,30,20] (25)   133.639
[60,20]   [40,30,20] (30)   139.11
[60,20]   [40,40,5] (0)   144.745
[60,20]   [40,40,5] (5)   142.661
[60,20]   [40,40,5] (10)   145.084
[60,20]   [40,40,5] (15)   142.787
[60,20]   [40,40,5] (20)   147.627
[60,20]   [40,40,5] (25)   133.037
[60,20]   [40,40,5] (30)   125.242
[60,20]   [40,40,10] (0)   144.56
[60,20]   [40,40,10] (5)   142.992
[60,20]   [40,40,10] (10)   142.48
[60,20]   [40,40,10] (15)   145.715
[60,20]   [40,40,10] (20)   149.84
[60,20]   [40,40,10] (25)   139.954
[60,20]   [40,40,10] (30)   140.591
[60,20]   [40,40,15] (0)   142.166
[60,20]   [40,40,15] (5)   142.477
[60,20]   [40,40,15] (10)   143.061
[60,20]   [40,40,15] (15)   144.174
[60,20]   [40,40,15] (20)   147.01
[60,20]   [40,40,15] (25)   139.382
[60,20]   [40,40,15] (30)   142.469
[60,20]   [40,40,20] (0)   143.016
[60,20]   [40,40,20] (5)   145.582
[60,20]   [40,40,20] (10)   143.363
[60,20]   [40,40,20] (15)   144.264
[60,20]   [40,40,20] (20)   154.518
[60,20]   [40,40,20] (25)   153.716
[60,20]   [40,40,20] (30)   159.402
[60,20]   [40,50,5] (0)   2220.86
[60,20]   [40,50,5] (5)   2167.79
[60,20]   [40,50,5] (10)   2275.24
[60,20]   [40,50,5] (15)   2174.12
[60,20]   [40,50,5] (20)   2307.02
[60,20]   [40,50,5] (25)   2323.32
[60,20]   [40,50,5] (30)   2174.38
[60,20]   [40,50,10] (0)   2201.6
[60,20]   [40,50,10] (5)   2224.6
[60,20]   [40,50,10] (10)   2227.09
[60,20]   [40,50,10] (15)   2330.43
[60,20]   [40,50,10] (20)   2263.42
[60,20]   [40,50,10] (25)   2206.04
[60,20]   [40,50,10] (30)   2297.06
[60,20]   [40,50,15] (0)   2241.8
[60,20]   [40,50,15] (5)   2290.11
[60,20]   [40,50,15] (10)   2222.84
[60,20]   [40,50,15] (15)   2320.31
[60,20]   [40,50,15] (20)   2246.54
[60,20]   [40,50,15] (25)   2217.02
[60,20]   [40,50,15] (30)   2116.88
[60,20]   [40,50,20] (0)   2251.19
[60,20]   [40,50,20] (5)   2187.78
[60,20]   [40,50,20] (10)   2176.86
[60,20]   [40,50,20] (15)   2362.75
[60,20]   [40,50,20] (20)   2270.43
[60,20]   [40,50,20] (25)   2201.54
[60,20]   [40,50,20] (30)   2303.22
[60,20]   [40,60,5] (0)   10622.4
[60,20]   [40,60,5] (5)   10820.7
[60,20]   [40,60,5] (10)   10900.9
[60,20]   [40,60,5] (15)   10681
[60,20]   [40,60,5] (20)   10651.5
[60,20]   [40,60,5] (25)   11004.9
[60,20]   [40,60,5] (30)   10848.6
[60,20]   [40,60,10] (0)   10830.4
[60,20]   [40,60,10] (5)   10875.9
[60,20]   [40,60,10] (10)   10773.5
[60,20]   [40,60,10] (15)   10899.8
[60,20]   [40,60,10] (20)   10804.5
[60,20]   [40,60,10] (25)   10973.6
[60,20]   [40,60,10] (30)   10669.4
[60,20]   [40,60,15] (0)   10863.1
[60,20]   [40,60,15] (5)   10801.9
[60,20]   [40,60,15] (10)   10703.6
[60,20]   [40,60,15] (15)   10775.1
[60,20]   [40,60,15] (20)   10952.3
[60,20]   [40,60,15] (25)   10793.8
[60,20]   [40,60,15] (30)   10914.7
[60,20]   [40,60,20] (0)   10894.9
[60,20]   [40,60,20] (5)   10892.6
[60,20]   [40,60,20] (10)   10822.7
[60,20]   [40,60,20] (15)   10739.4
[60,20]   [40,60,20] (20)   10760.7
[60,20]   [40,60,20] (25)   10762.5
[60,20]   [40,60,20] (30)   11040.3
[60,20]   [50,10,5] (0)   22810
[60,20]   [50,10,5] (5)   14858.7
[60,20]   [50,10,5] (10)   2441.85
[60,20]   [50,10,5] (15)   76.7588
[60,20]   [50,10,5] (20)   77.69
[60,20]   [50,10,5] (25)   81.5954
[60,20]   [50,10,5] (30)   86.6312
[60,20]   [50,10,10] (0)   23340.4
[60,20]   [50,10,10] (5)   16071.5
[60,20]   [50,10,10] (10)   7575.26
[60,20]   [50,10,10] (15)   1659.64
[60,20]   [50,10,10] (20)   97.4634
[60,20]   [50,10,10] (25)   97.1987
[60,20]   [50,10,10] (30)   100.163
[60,20]   [50,10,15] (0)   23246.9
[60,20]   [50,10,15] (5)   12538.2
[60,20]   [50,10,15] (10)   5059.56
[60,20]   [50,10,15] (15)   137.566
[60,20]   [50,10,15] (20)   102.385
[60,20]   [50,10,15] (25)   104.989
[60,20]   [50,10,15] (30)   107.997
[60,20]   [50,10,20] (0)   23120.1
[60,20]   [50,10,20] (5)   12364.9
[60,20]   [50,10,20] (10)   3139.31
[60,20]   [50,10,20] (15)   1511.84
[60,20]   [50,10,20] (20)   115.031
[60,20]   [50,10,20] (25)   113.58
[60,20]   [50,10,20] (30)   118.102
[60,20]   [50,20,5] (0)   15839.3
[60,20]   [50,20,5] (5)   15681.5
[60,20]   [50,20,5] (10)   12572.7
[60,20]   [50,20,5] (15)   2848.7
[60,20]   [50,20,5] (20)   94.3841
[60,20]   [50,20,5] (25)   88.8843
[60,20]   [50,20,5] (30)   92.1185
[60,20]   [50,20,10] (0)   15662.8
[60,20]   [50,20,10] (5)   15634.2
[60,20]   [50,20,10] (10)   13603.8
[60,20]   [50,20,10] (15)   5466.68
[60,20]   [50,20,10] (20)   321.955
[60,20]   [50,20,10] (25)   107.835
[60,20]   [50,20,10] (30)   106.889
[60,20]   [50,20,15] (0)   15700.6
[60,20]   [50,20,15] (5)   15738.4
[60,20]   [50,20,15] (10)   11430.2
[60,20]   [50,20,15] (15)   2483.8
[60,20]   [50,20,15] (20)   121.277
[60,20]   [50,20,15] (25)   111.671
[60,20]   [50,20,15] (30)   114.12
[60,20]   [50,20,20] (0)   15655.3
[60,20]   [50,20,20] (5)   15705.7
[60,20]   [50,20,20] (10)   12455.8
[60,20]   [50,20,20] (15)   966.063
[60,20]   [50,20,20] (20)   134.489
[60,20]   [50,20,20] (25)   128.605
[60,20]   [50,20,20] (30)   130.661
[60,20]   [50,30,5] (0)   12234.7
[60,20]   [50,30,5] (5)   12252.7
[60,20]   [50,30,5] (10)   11985.9
[60,20]   [50,30,5] (15)   8290.79
[60,20]   [50,30,5] (20)   1329.49
[60,20]   [50,30,5] (25)   106.344
[60,20]   [50,30,5] (30)   99.3731
[60,20]   [50,30,10] (0)   12216.2
[60,20]   [50,30,10] (5)   12317.8
[60,20]   [50,30,10] (10)   11885.9
[60,20]   [50,30,10] (15)   8749.38
[60,20]   [50,30,10] (20)   2847.49
[60,20]   [50,30,10] (25)   127.955
[60,20]   [50,30,10] (30)   117.717
[60,20]   [50,30,15] (0)   12227
[60,20]   [50,30,15] (5)   12256.3
[60,20]   [50,30,15] (10)   12212.1
[60,20]   [50,30,15] (15)   7870.02
[60,20]   [50,30,15] (20)   306.713
[60,20]   [50,30,15] (25)   127.059
[60,20]   [50,30,15] (30)   123.557
[60,20]   [50,30,20] (0)   12218.6
[60,20]   [50,30,20] (5)   12206.1
[60,20]   [50,30,20] (10)   12090.5
[60,20]   [50,30,20] (15)   7854.57
[60,20]   [50,30,20] (20)   181.759
[60,20]   [50,30,20] (25)   136.371
[60,20]   [50,30,20] (30)   136.008
[60,20]   [50,40,5] (0)   4362.32
[60,20]   [50,40,5] (5)   4379.97
[60,20]   [50,40,5] (10)   4456.77
[60,20]   [50,40,5] (15)   4317.68
[60,20]   [50,40,5] (20)   3741.81
[60,20]   [50,40,5] (25)   338.891
[60,20]   [50,40,5] (30)   123.327
[60,20]   [50,40,10] (0)   4325.64
[60,20]   [50,40,10] (5)   4401.31
[60,20]   [50,40,10] (10)   4253.2
[60,20]   [50,40,10] (15)   4347.89
[60,20]   [50,40,10] (20)   3920.27
[60,20]   [50,40,10] (25)   635.499
[60,20]   [50,40,10] (30)   138.967
[60,20]   [50,40,15] (0)   4341.25
[60,20]   [50,40,15] (5)   4333.52
[60,20]   [50,40,15] (10)   4268.91
[60,20]   [50,40,15] (15)   4324.94
[60,20]   [50,40,15] (20)   3536.9
[60,20]   [50,40,15] (25)   163.13
[60,20]   [50,40,15] (30)   140.35
[60,20]   [50,40,20] (0)   4402.91
[60,20]   [50,40,20] (5)   4320.62
[60,20]   [50,40,20] (10)   4291.24
[60,20]   [50,40,20] (15)   4321.57
[60,20]   [50,40,20] (20)   3722.46
[60,20]   [50,40,20] (25)   167.297
[60,20]   [50,40,20] (30)   152.222
[60,20]   [50,50,5] (0)   247.914
[60,20]   [50,50,5] (5)   252.85
[60,20]   [50,50,5] (10)   278.197
[60,20]   [50,50,5] (15)   233.18
[60,20]   [50,50,5] (20)   248.029
[60,20]   [50,50,5] (25)   213.712
[60,20]   [50,50,5] (30)   158.509
[60,20]   [50,50,10] (0)   238.65
[60,20]   [50,50,10] (5)   223.041
[60,20]   [50,50,10] (10)   230.584
[60,20]   [50,50,10] (15)   232.084
[60,20]   [50,50,10] (20)   221.761
[60,20]   [50,50,10] (25)   242.566
[60,20]   [50,50,10] (30)   165.489
[60,20]   [50,50,15] (0)   241.979
[60,20]   [50,50,15] (5)   232.37
[60,20]   [50,50,15] (10)   251.307
[60,20]   [50,50,15] (15)   235.322
[60,20]   [50,50,15] (20)   245.767
[60,20]   [50,50,15] (25)   187.148
[60,20]   [50,50,15] (30)   160.646
[60,20]   [50,50,20] (0)   260.933
[60,20]   [50,50,20] (5)   219.706
[60,20]   [50,50,20] (10)   226.901
[60,20]   [50,50,20] (15)   260.897
[60,20]   [50,50,20] (20)   220.221
[60,20]   [50,50,20] (25)   202.954
[60,20]   [50,50,20] (30)   165.554
[60,20]   [50,60,5] (0)   1139.61
[60,20]   [50,60,5] (5)   1151.14
[60,20]   [50,60,5] (10)   1141.84
[60,20]   [50,60,5] (15)   1061.21
[60,20]   [50,60,5] (20)   1264.48
[60,20]   [50,60,5] (25)   1226.34
[60,20]   [50,60,5] (30)   1175.09
[60,20]   [50,60,10] (0)   1123.62
[60,20]   [50,60,10] (5)   1030.62
[60,20]   [50,60,10] (10)   1147.51
[60,20]   [50,60,10] (15)   1142.49
[60,20]   [50,60,10] (20)   1196.84
[60,20]   [50,60,10] (25)   1168.74
[60,20]   [50,60,10] (30)   1138.9
[60,20]   [50,60,15] (0)   1095.63
[60,20]   [50,60,15] (5)   1080.12
[60,20]   [50,60,15] (10)   1112.62
[60,20]   [50,60,15] (15)   1126.6
[60,20]   [50,60,15] (20)   1242.33
[60,20]   [50,60,15] (25)   1200.91
[60,20]   [50,60,15] (30)   1114.23
[60,20]   [50,60,20] (0)   1127.53
[60,20]   [50,60,20] (5)   1207.6
[60,20]   [50,60,20] (10)   1211.87
[60,20]   [50,60,20] (15)   1241.51
[60,20]   [50,60,20] (20)   1296.56
[60,20]   [50,60,20] (25)   1200.12
[60,20]   [50,60,20] (30)   1110.47
[60,20]   [60,10,5] (0)   26818.3
[60,20]   [60,10,5] (5)   17960.8
[60,20]   [60,10,5] (10)   5252.38
[60,20]   [60,10,5] (15)   96.1899
[60,20]   [60,10,5] (20)   83.8868
[60,20]   [60,10,5] (25)   87.002
[60,20]   [60,10,5] (30)   91.4811
[60,20]   [60,10,10] (0)   26987.5
[60,20]   [60,10,10] (5)   20040.3
[60,20]   [60,10,10] (10)   11184
[60,20]   [60,10,10] (15)   4787.28
[60,20]   [60,10,10] (20)   446.713
[60,20]   [60,10,10] (25)   105.814
[60,20]   [60,10,10] (30)   106.39
[60,20]   [60,10,15] (0)   26959.3
[60,20]   [60,10,15] (5)   15786.9
[60,20]   [60,10,15] (10)   8520.94
[60,20]   [60,10,15] (15)   2471.75
[60,20]   [60,10,15] (20)   120.291
[60,20]   [60,10,15] (25)   112.511
[60,20]   [60,10,15] (30)   113.851
[60,20]   [60,10,20] (0)   26963.3
[60,20]   [60,10,20] (5)   16306.4
[60,20]   [60,10,20] (10)   7203.62
[60,20]   [60,10,20] (15)   5529.84
[60,20]   [60,10,20] (20)   141.672
[60,20]   [60,10,20] (25)   128.108
[60,20]   [60,10,20] (30)   129.992
[60,20]   [60,20,5] (0)   34882.6
[60,20]   [60,20,5] (5)   35070.5
[60,20]   [60,20,5] (10)   16943.3
[60,20]   [60,20,5] (15)   6058.58
[60,20]   [60,20,5] (20)   117.551
[60,20]   [60,20,5] (25)   95.6643
[60,20]   [60,20,5] (30)   96.9367
[60,20]   [60,20,10] (0)   34927.3
[60,20]   [60,20,10] (5)   34884.2
[60,20]   [60,20,10] (10)   18141.5
[60,20]   [60,20,10] (15)   9206.14
[60,20]   [60,20,10] (20)   3310.48
[60,20]   [60,20,10] (25)   139.223
[60,20]   [60,20,10] (30)   115.121
[60,20]   [60,20,15] (0)   34827.4
[60,20]   [60,20,15] (5)   34920.7
[60,20]   [60,20,15] (10)   16550.4
[60,20]   [60,20,15] (15)   5872.48
[60,20]   [60,20,15] (20)   1572.89
[60,20]   [60,20,15] (25)   122.426
[60,20]   [60,20,15] (30)   119.93
[60,20]   [60,20,20] (0)   35035.1
[60,20]   [60,20,20] (5)   34976.7
[60,20]   [60,20,20] (10)   20479.6
[60,20]   [60,20,20] (15)   6138.36
[60,20]   [60,20,20] (20)   3255.64
[60,20]   [60,20,20] (25)   174.17
[60,20]   [60,20,20] (30)   145.777
[60,20]   [60,30,5] (0)   13753
[60,20]   [60,30,5] (5)   13654.6
[60,20]   [60,30,5] (10)   13619.5
[60,20]   [60,30,5] (15)   11946.4
[60,20]   [60,30,5] (20)   4248.66
[60,20]   [60,30,5] (25)   119.998
[60,20]   [60,30,5] (30)   105.355
[60,20]   [60,30,10] (0)   13577.9
[60,20]   [60,30,10] (5)   13615.1
[60,20]   [60,30,10] (10)   13582.9
[60,20]   [60,30,10] (15)   12532.5
[60,20]   [60,30,10] (20)   6509.92
[60,20]   [60,30,10] (25)   1208.41
[60,20]   [60,30,10] (30)   126.397
[60,20]   [60,30,15] (0)   13610.3
[60,20]   [60,30,15] (5)   13591.7
[60,20]   [60,30,15] (10)   13658.3
[60,20]   [60,30,15] (15)   11447.2
[60,20]   [60,30,15] (20)   3684.58
[60,20]   [60,30,15] (25)   158.045
[60,20]   [60,30,15] (30)   129.13
[60,20]   [60,30,20] (0)   13538.2
[60,20]   [60,30,20] (5)   13722.5
[60,20]   [60,30,20] (10)   13572.5
[60,20]   [60,30,20] (15)   11895.4
[60,20]   [60,30,20] (20)   2708.66
[60,20]   [60,30,20] (25)   160.593
[60,20]   [60,30,20] (30)   145.576
[60,20]   [60,40,5] (0)   9388.05
[60,20]   [60,40,5] (5)   9536.85
[60,20]   [60,40,5] (10)   9471.04
[60,20]   [60,40,5] (15)   9421.8
[60,20]   [60,40,5] (20)   8066.4
[60,20]   [60,40,5] (25)   3644.99
[60,20]   [60,40,5] (30)   136.222
[60,20]   [60,40,10] (0)   9473.17
[60,20]   [60,40,10] (5)   9482.68
[60,20]   [60,40,10] (10)   9438.24
[60,20]   [60,40,10] (15)   9335.72
[60,20]   [60,40,10] (20)   8617.14
[60,20]   [60,40,10] (25)   4924.47
[60,20]   [60,40,10] (30)   194.5
[60,20]   [60,40,15] (0)   9406.89
[60,20]   [60,40,15] (5)   9486.15
[60,20]   [60,40,15] (10)   9525.49
[60,20]   [60,40,15] (15)   9430.37
[60,20]   [60,40,15] (20)   7939.42
[60,20]   [60,40,15] (25)   2553.95
[60,20]   [60,40,15] (30)   153.303
[60,20]   [60,40,20] (0)   9487.71
[60,20]   [60,40,20] (5)   9446.28
[60,20]   [60,40,20] (10)   9385.11
[60,20]   [60,40,20] (15)   9469.44
[60,20]   [60,40,20] (20)   9095.59
[60,20]   [60,40,20] (25)   3604.98
[60,20]   [60,40,20] (30)   172.869
[60,20]   [60,50,5] (0)   4252.61
[60,20]   [60,50,5] (5)   4163.77
[60,20]   [60,50,5] (10)   4207.73
[60,20]   [60,50,5] (15)   4221.11
[60,20]   [60,50,5] (20)   4205.46
[60,20]   [60,50,5] (25)   3804.9
[60,20]   [60,50,5] (30)   1491.87
[60,20]   [60,50,10] (0)   4111.75
[60,20]   [60,50,10] (5)   4116.33
[60,20]   [60,50,10] (10)   4237.57
[60,20]   [60,50,10] (15)   4195.41
[60,20]   [60,50,10] (20)   4239.67
[60,20]   [60,50,10] (25)   4011.53
[60,20]   [60,50,10] (30)   1978.77
[60,20]   [60,50,15] (0)   4270.58
[60,20]   [60,50,15] (5)   4175.07
[60,20]   [60,50,15] (10)   4154.57
[60,20]   [60,50,15] (15)   4206.18
[60,20]   [60,50,15] (20)   4191.87
[60,20]   [60,50,15] (25)   3786.43
[60,20]   [60,50,15] (30)   597.235
[60,20]   [60,50,20] (0)   4147.36
[60,20]   [60,50,20] (5)   4197.68
[60,20]   [60,50,20] (10)   4193.27
[60,20]   [60,50,20] (15)   4203.7
[60,20]   [60,50,20] (20)   4190.15
[60,20]   [60,50,20] (25)   3912.1
[60,20]   [60,50,20] (30)   461.012
[60,20]   [60,60,5] (0)   226.171
[60,20]   [60,60,5] (5)   243.097
[60,20]   [60,60,5] (10)   244.952
[60,20]   [60,60,5] (15)   239.551
[60,20]   [60,60,5] (20)   232.158
[60,20]   [60,60,5] (25)   250.685
[60,20]   [60,60,5] (30)   230.427
[60,20]   [60,60,10] (0)   228.063
[60,20]   [60,60,10] (5)   231.615
[60,20]   [60,60,10] (10)   238.369
[60,20]   [60,60,10] (15)   259.982
[60,20]   [60,60,10] (20)   252.914
[60,20]   [60,60,10] (25)   228.474
[60,20]   [60,60,10] (30)   276.55
[60,20]   [60,60,15] (0)   255.672
[60,20]   [60,60,15] (5)   258.6
[60,20]   [60,60,15] (10)   241.614
[60,20]   [60,60,15] (15)   244.583
[60,20]   [60,60,15] (20)   221.989
[60,20]   [60,60,15] (25)   257.461
[60,20]   [60,60,15] (30)   224.337
[60,20]   [60,60,20] (0)   229.902
[60,20]   [60,60,20] (5)   232.003
[60,20]   [60,60,20] (10)   233.06
[60,20]   [60,60,20] (15)   236.815
[60,20]   [60,60,20] (20)   223.913
[60,20]   [60,60,20] (25)   249.378
[60,20]   [60,60,20] (30)   228.444
