[40,30]   [10,10,5] (0)   82.8419
[40,30]   [10,10,5] (5)   58.3123
[40,30]   [10,10,5] (10)   59.0004
[40,30]   [10,10,5] (15)   69.4404
[40,30]   [10,10,5] (20)   79.4796
[40,30]   [10,10,5] (25)   89.5246
[40,30]   [10,10,5] (30)   99.7941
[40,30]   [10,10,10] (0)   80.4746
[40,30]   [10,10,10] (5)   67.9751
[40,30]   [10,10,10] (10)   74.0514
[40,30]   [10,10,10] (15)   82.7233
[40,30]   [10,10,10] (20)   91.5761
[40,30]   [10,10,10] (25)   100.205
[40,30]   [10,10,10] (30)   109.122
[40,30]   [10,10,15] (0)   81.1547
[40,30]   [10,10,15] (5)   70.0025
[40,30]   [10,10,15] (10)   77.2569
[40,30]   [10,10,15] (15)   86.1214
[40,30]   [10,10,15] (20)   95.2848
[40,30]   [10,10,15] (25)   104.093
[40,30]   [10,10,15] (30)   112.948
[40,30]   [10,10,20] (0)   83.0626
[40,30]   [10,10,20] (5)   79.1612
[40,30]   [10,10,20] (10)   86.6668
[40,30]   [10,10,20] (15)   95.4634
[40,30]   [10,10,20] (20)   104.161
[40,30]   [10,10,20] (25)   112.513
[40,30]   [10,10,20] (30)   121.237
[40,30]   [10,20,5] (0)   7623.53
[40,30]   [10,20,5] (5)   7606.7
[40,30]   [10,20,5] (10)   7481.46
[40,30]   [10,20,5] (15)   7606.5
[40,30]   [10,20,5] (20)   7579.95
[40,30]   [10,20,5] (25)   6223.67
[40,30]   [10,20,5] (30)   6792.39
[40,30]   [10,20,10] (0)   7602.34
[40,30]   [10,20,10] (5)   7557.7
[40,30]   [10,20,10] (10)   7642.63
[40,30]   [10,20,10] (15)   7540.52
[40,30]   [10,20,10] (20)   7603.54
[40,30]   [10,20,10] (25)   7617.85
[40,30]   [10,20,10] (30)   7532.69
[40,30]   [10,20,15] (0)   7531.34
[40,30]   [10,20,15] (5)   7600.78
[40,30]   [10,20,15] (10)   7594.88
[40,30]   [10,20,15] (15)   7545.54
[40,30]   [10,20,15] (20)   7663.31
[40,30]   [10,20,15] (25)   6011.39
[40,30]   [10,20,15] (30)   5406.98
[40,30]   [10,20,20] (0)   7519.93
[40,30]   [10,20,20] (5)   7544.79
[40,30]   [10,20,20] (10)   7517.84
[40,30]   [10,20,20] (15)   7710.31
[40,30]   [10,20,20] (20)   7582.86
[40,30]   [10,20,20] (25)   7558.23
[40,30]   [10,20,20] (30)   7642.16
[40,30]   [10,30,5] (0)   16266.9
[40,30]   [10,30,5] (5)   16264.4
[40,30]   [10,30,5] (10)   16180.5
[40,30]   [10,30,5] (15)   16181.1
[40,30]   [10,30,5] (20)   16073.6
[40,30]   [10,30,5] (25)   16181.1
[40,30]   [10,30,5] (30)   15399.3
[40,30]   [10,30,10] (0)   16161
[40,30]   [10,30,10] (5)   16178.9
[40,30]   [10,30,10] (10)   16261
[40,30]   [10,30,10] (15)   16344.5
[40,30]   [10,30,10] (20)   16110.6
[40,30]   [10,30,10] (25)   16344.9
[40,30]   [10,30,10] (30)   16168.5
[40,30]   [10,30,15] (0)   16249
[40,30]   [10,30,15] (5)   16206.7
[40,30]   [10,30,15] (10)   16290.2
[40,30]   [10,30,15] (15)   16208.7
[40,30]   [10,30,15] (20)   16119.7
[40,30]   [10,30,15] (25)   16113.2
[40,30]   [10,30,15] (30)   14020.7
[40,30]   [10,30,20] (0)   16200
[40,30]   [10,30,20] (5)   16189.1
[40,30]   [10,30,20] (10)   16211.4
[40,30]   [10,30,20] (15)   16233.7
[40,30]   [10,30,20] (20)   16233.7
[40,30]   [10,30,20] (25)   16216.6
[40,30]   [10,30,20] (30)   16027.4
[40,30]   [10,40,5] (0)   23323.3
[40,30]   [10,40,5] (5)   23173.5
[40,30]   [10,40,5] (10)   23280.9
[40,30]   [10,40,5] (15)   23288.5
[40,30]   [10,40,5] (20)   23290.3
[40,30]   [10,40,5] (25)   23247.3
[40,30]   [10,40,5] (30)   23188.6
[40,30]   [10,40,10] (0)   23064.9
[40,30]   [10,40,10] (5)   23231.4
[40,30]   [10,40,10] (10)   23337.2
[40,30]   [10,40,10] (15)   23272.8
[40,30]   [10,40,10] (20)   23294.7
[40,30]   [10,40,10] (25)   23199
[40,30]   [10,40,10] (30)   23291.2
[40,30]   [10,40,15] (0)   23313.6
[40,30]   [10,40,15] (5)   23163.6
[40,30]   [10,40,15] (10)   23186.7
[40,30]   [10,40,15] (15)   23147
[40,30]   [10,40,15] (20)   23285.2
[40,30]   [10,40,15] (25)   23203.6
[40,30]   [10,40,15] (30)   23175.5
[40,30]   [10,40,20] (0)   23191.2
[40,30]   [10,40,20] (5)   23222.3
[40,30]   [10,40,20] (10)   23255.7
[40,30]   [10,40,20] (15)   23325.7
[40,30]   [10,40,20] (20)   23356.2
[40,30]   [10,40,20] (25)   23285
[40,30]   [10,40,20] (30)   23301.3
[40,30]   [10,50,5] (0)   28902.5
[40,30]   [10,50,5] (5)   28929
[40,30]   [10,50,5] (10)   28959.9
[40,30]   [10,50,5] (15)   28952.4
[40,30]   [10,50,5] (20)   28899.4
[40,30]   [10,50,5] (25)   28935.1
[40,30]   [10,50,5] (30)   28951.9
[40,30]   [10,50,10] (0)   28974.6
[40,30]   [10,50,10] (5)   28931.7
[40,30]   [10,50,10] (10)   28976.4
[40,30]   [10,50,10] (15)   28910.6
[40,30]   [10,50,10] (20)   28912.6
[40,30]   [10,50,10] (25)   28934
[40,30]   [10,50,10] (30)   28905.2
[40,30]   [10,50,15] (0)   28927.2
[40,30]   [10,50,15] (5)   28948.2
[40,30]   [10,50,15] (10)   28933.2
[40,30]   [10,50,15] (15)   28966.5
[40,30]   [10,50,15] (20)   28964.7
[40,30]   [10,50,15] (25)   28964.8
[40,30]   [10,50,15] (30)   28951.1
[40,30]   [10,50,20] (0)   28927.9
[40,30]   [10,50,20] (5)   28942.1
[40,30]   [10,50,20] (10)   28921.1
[40,30]   [10,50,20] (15)   28949.9
[40,30]   [10,50,20] (20)   28898.9
[40,30]   [10,50,20] (25)   28873.3
[40,30]   [10,50,20] (30)   28892.6
[40,30]   [10,60,5] (0)   38183.3
[40,30]   [10,60,5] (5)   38203.4
[40,30]   [10,60,5] (10)   38200.9
[40,30]   [10,60,5] (15)   38194.3
[40,30]   [10,60,5] (20)   38254.6
[40,30]   [10,60,5] (25)   38150.2
[40,30]   [10,60,5] (30)   38148.8
[40,30]   [10,60,10] (0)   38193.7
[40,30]   [10,60,10] (5)   38216.4
[40,30]   [10,60,10] (10)   38246.6
[40,30]   [10,60,10] (15)   38181
[40,30]   [10,60,10] (20)   38188.1
[40,30]   [10,60,10] (25)   38161.9
[40,30]   [10,60,10] (30)   38241.3
[40,30]   [10,60,15] (0)   38208.7
[40,30]   [10,60,15] (5)   38034.2
[40,30]   [10,60,15] (10)   38082.2
[40,30]   [10,60,15] (15)   38220.2
[40,30]   [10,60,15] (20)   38219
[40,30]   [10,60,15] (25)   38186.5
[40,30]   [10,60,15] (30)   38196.3
[40,30]   [10,60,20] (0)   38158.9
[40,30]   [10,60,20] (5)   38207.6
[40,30]   [10,60,20] (10)   38206.1
[40,30]   [10,60,20] (15)   38188.9
[40,30]   [10,60,20] (20)   38185.7
[40,30]   [10,60,20] (25)   38184.7
[40,30]   [10,60,20] (30)   38247.2
[40,30]   [20,10,5] (0)   7180.06
[40,30]   [20,10,5] (5)   969.527
[40,30]   [20,10,5] (10)   62.1835
[40,30]   [20,10,5] (15)   64.6014
[40,30]   [20,10,5] (20)   73.6551
[40,30]   [20,10,5] (25)   83.654
[40,30]   [20,10,5] (30)   93.8817
[40,30]   [20,10,10] (0)   7232.89
[40,30]   [20,10,10] (5)   1597.36
[40,30]   [20,10,10] (10)   78.3528
[40,30]   [20,10,10] (15)   82.7127
[40,30]   [20,10,10] (20)   90.885
[40,30]   [20,10,10] (25)   99.2077
[40,30]   [20,10,10] (30)   107.575
[40,30]   [20,10,15] (0)   7242.66
[40,30]   [20,10,15] (5)   96.3117
[40,30]   [20,10,15] (10)   81.0538
[40,30]   [20,10,15] (15)   87.7833
[40,30]   [20,10,15] (20)   95.8877
[40,30]   [20,10,15] (25)   104.194
[40,30]   [20,10,15] (30)   112.671
[40,30]   [20,10,20] (0)   7269
[40,30]   [20,10,20] (5)   127.543
[40,30]   [20,10,20] (10)   94.4645
[40,30]   [20,10,20] (15)   99.8454
[40,30]   [20,10,20] (20)   107.839
[40,30]   [20,10,20] (25)   115.806
[40,30]   [20,10,20] (30)   123.965
[40,30]   [20,20,5] (0)   115.046
[40,30]   [20,20,5] (5)   117.024
[40,30]   [20,20,5] (10)   100.301
[40,30]   [20,20,5] (15)   87.6047
[40,30]   [20,20,5] (20)   93.8158
[40,30]   [20,20,5] (25)   102.299
[40,30]   [20,20,5] (30)   111.183
[40,30]   [20,20,10] (0)   117.257
[40,30]   [20,20,10] (5)   118.051
[40,30]   [20,20,10] (10)   106.004
[40,30]   [20,20,10] (15)   101.822
[40,30]   [20,20,10] (20)   109.593
[40,30]   [20,20,10] (25)   117.277
[40,30]   [20,20,10] (30)   124.965
[40,30]   [20,20,15] (0)   119.422
[40,30]   [20,20,15] (5)   120.466
[40,30]   [20,20,15] (10)   102.489
[40,30]   [20,20,15] (15)   103.348
[40,30]   [20,20,15] (20)   110.891
[40,30]   [20,20,15] (25)   119.014
[40,30]   [20,20,15] (30)   127.095
[40,30]   [20,20,20] (0)   117.995
[40,30]   [20,20,20] (5)   116.916
[40,30]   [20,20,20] (10)   110.452
[40,30]   [20,20,20] (15)   114.63
[40,30]   [20,20,20] (20)   122.286
[40,30]   [20,20,20] (25)   130.03
[40,30]   [20,20,20] (30)   137.468
[40,30]   [20,30,5] (0)   5033.58
[40,30]   [20,30,5] (5)   5001.48
[40,30]   [20,30,5] (10)   5006.84
[40,30]   [20,30,5] (15)   5061.61
[40,30]   [20,30,5] (20)   4869.75
[40,30]   [20,30,5] (25)   4965.31
[40,30]   [20,30,5] (30)   4743.36
[40,30]   [20,30,10] (0)   5035.36
[40,30]   [20,30,10] (5)   4933.82
[40,30]   [20,30,10] (10)   5070.32
[40,30]   [20,30,10] (15)   4905.95
[40,30]   [20,30,10] (20)   4978.06
[40,30]   [20,30,10] (25)   5024.53
[40,30]   [20,30,10] (30)   5029.69
[40,30]   [20,30,15] (0)   4945.19
[40,30]   [20,30,15] (5)   5029.4
[40,30]   [20,30,15] (10)   4993.36
[40,30]   [20,30,15] (15)   5060.86
[40,30]   [20,30,15] (20)   4909.35
[40,30]   [20,30,15] (25)   5036.2
[40,30]   [20,30,15] (30)   3206.36
[40,30]   [20,30,20] (0)   5046.14
[40,30]   [20,30,20] (5)   5020.32
[40,30]   [20,30,20] (10)   5003.92
[40,30]   [20,30,20] (15)   4965.02
[40,30]   [20,30,20] (20)   5015.24
[40,30]   [20,30,20] (25)   4933.94
[40,30]   [20,30,20] (30)   4963.68
[40,30]   [20,40,5] (0)   12157.7
[40,30]   [20,40,5] (5)   12370.8
[40,30]   [20,40,5] (10)   12165
[40,30]   [20,40,5] (15)   12433.8
[40,30]   [20,40,5] (20)   12232
[40,30]   [20,40,5] (25)   12336.1
[40,30]   [20,40,5] (30)   12308.7
[40,30]   [20,40,10] (0)   12302.3
[40,30]   [20,40,10] (5)   12174.4
[40,30]   [20,40,10] (10)   12400
[40,30]   [20,40,10] (15)   12364.5
[40,30]   [20,40,10] (20)   12386.6
[40,30]   [20,40,10] (25)   12371.8
[40,30]   [20,40,10] (30)   12295.2
[40,30]   [20,40,15] (0)   12355.1
[40,30]   [20,40,15] (5)   12278.8
[40,30]   [20,40,15] (10)   12400.9
[40,30]   [20,40,15] (15)   12360.6
[40,30]   [20,40,15] (20)   12266.4
[40,30]   [20,40,15] (25)   12238.8
[40,30]   [20,40,15] (30)   12119.9
[40,30]   [20,40,20] (0)   12277.3
[40,30]   [20,40,20] (5)   12246.8
[40,30]   [20,40,20] (10)   12403.5
[40,30]   [20,40,20] (15)   12384.6
[40,30]   [20,40,20] (20)   12421.2
[40,30]   [20,40,20] (25)   12210.4
[40,30]   [20,40,20] (30)   12176.7
[40,30]   [20,50,5] (0)   21370.3
[40,30]   [20,50,5] (5)   21837.3
[40,30]   [20,50,5] (10)   21635.6
[40,30]   [20,50,5] (15)   21674.6
[40,30]   [20,50,5] (20)   21747.7
[40,30]   [20,50,5] (25)   21578
[40,30]   [20,50,5] (30)   21532.1
[40,30]   [20,50,10] (0)   21659.9
[40,30]   [20,50,10] (5)   21608.1
[40,30]   [20,50,10] (10)   21487.6
[40,30]   [20,50,10] (15)   21581.2
[40,30]   [20,50,10] (20)   21678.6
[40,30]   [20,50,10] (25)   21624.4
[40,30]   [20,50,10] (30)   21690.6
[40,30]   [20,50,15] (0)   21709.1
[40,30]   [20,50,15] (5)   21535.2
[40,30]   [20,50,15] (10)   21585.7
[40,30]   [20,50,15] (15)   21547.4
[40,30]   [20,50,15] (20)   21678.2
[40,30]   [20,50,15] (25)   21665.5
[40,30]   [20,50,15] (30)   21526
[40,30]   [20,50,20] (0)   21386.5
[40,30]   [20,50,20] (5)   21503.7
[40,30]   [20,50,20] (10)   21588.8
[40,30]   [20,50,20] (15)   21772.1
[40,30]   [20,50,20] (20)   21616.9
[40,30]   [20,50,20] (25)   21608.9
[40,30]   [20,50,20] (30)   21664.3
[40,30]   [20,60,5] (0)   23372.3
[40,30]   [20,60,5] (5)   23575.8
[40,30]   [20,60,5] (10)   23539.2
[40,30]   [20,60,5] (15)   23569.8
[40,30]   [20,60,5] (20)   23553
[40,30]   [20,60,5] (25)   23516.3
[40,30]   [20,60,5] (30)   23476.1
[40,30]   [20,60,10] (0)   23448.2
[40,30]   [20,60,10] (5)   23623.4
[40,30]   [20,60,10] (10)   23240.5
[40,30]   [20,60,10] (15)   23706.2
[40,30]   [20,60,10] (20)   23576.4
[40,30]   [20,60,10] (25)   23473.5
[40,30]   [20,60,10] (30)   23425.8
[40,30]   [20,60,15] (0)   23438.2
[40,30]   [20,60,15] (5)   23425.5
[40,30]   [20,60,15] (10)   23510.9
[40,30]   [20,60,15] (15)   23500.1
[40,30]   [20,60,15] (20)   23546.8
[40,30]   [20,60,15] (25)   23384.9
[40,30]   [20,60,15] (30)   23562.6
[40,30]   [20,60,20] (0)   23509.7
[40,30]   [20,60,20] (5)   23371.5
[40,30]   [20,60,20] (10)   23480.6
[40,30]   [20,60,20] (15)   23578.2
[40,30]   [20,60,20] (20)   23559.2
[40,30]   [20,60,20] (25)   23698.9
[40,30]   [20,60,20] (30)   23567.6
[40,30]   [30,10,5] (0)   13099.5
[40,30]   [30,10,5] (5)   6329.85
[40,30]   [30,10,5] (10)   73.2205
[40,30]   [30,10,5] (15)   68.2775
[40,30]   [30,10,5] (20)   72.0456
[40,30]   [30,10,5] (25)   80.3414
[40,30]   [30,10,5] (30)   90.4042
[40,30]   [30,10,10] (0)   13095
[40,30]   [30,10,10] (5)   7025.63
[40,30]   [30,10,10] (10)   107.964
[40,30]   [30,10,10] (15)   86.8932
[40,30]   [30,10,10] (20)   90.2856
[40,30]   [30,10,10] (25)   97.4135
[40,30]   [30,10,10] (30)   104.622
[40,30]   [30,10,15] (0)   13065.3
[40,30]   [30,10,15] (5)   2971.69
[40,30]   [30,10,15] (10)   90.4673
[40,30]   [30,10,15] (15)   91.3578
[40,30]   [30,10,15] (20)   94.481
[40,30]   [30,10,15] (25)   107.767
[40,30]   [30,10,15] (30)   116.769
[40,30]   [30,10,20] (0)   13036.3
[40,30]   [30,10,20] (5)   2891.09
[40,30]   [30,10,20] (10)   99.5476
[40,30]   [30,10,20] (15)   101.325
[40,30]   [30,10,20] (20)   108.736
[40,30]   [30,10,20] (25)   116.388
[40,30]   [30,10,20] (30)   124.39
[40,30]   [30,20,5] (0)   5645.17
[40,30]   [30,20,5] (5)   5609.64
[40,30]   [30,20,5] (10)   3304.63
[40,30]   [30,20,5] (15)   90.4539
[40,30]   [30,20,5] (20)   83.0027
[40,30]   [30,20,5] (25)   87.3942
[40,30]   [30,20,5] (30)   96.7871
[40,30]   [30,20,10] (0)   5623.97
[40,30]   [30,20,10] (5)   5623.99
[40,30]   [30,20,10] (10)   3708.4
[40,30]   [30,20,10] (15)   105.97
[40,30]   [30,20,10] (20)   102.496
[40,30]   [30,20,10] (25)   109.28
[40,30]   [30,20,10] (30)   117.287
[40,30]   [30,20,15] (0)   5609.32
[40,30]   [30,20,15] (5)   5643.03
[40,30]   [30,20,15] (10)   1815.75
[40,30]   [30,20,15] (15)   103.706
[40,30]   [30,20,15] (20)   106.063
[40,30]   [30,20,15] (25)   112.879
[40,30]   [30,20,15] (30)   120.588
[40,30]   [30,20,20] (0)   5636.9
[40,30]   [30,20,20] (5)   5602.89
[40,30]   [30,20,20] (10)   2334
[40,30]   [30,20,20] (15)   115.45
[40,30]   [30,20,20] (20)   116.248
[40,30]   [30,20,20] (25)   123.335
[40,30]   [30,20,20] (30)   131.092
[40,30]   [30,30,5] (0)   145.99
[40,30]   [30,30,5] (5)   144.041
[40,30]   [30,30,5] (10)   143.785
[40,30]   [30,30,5] (15)   131.097
[40,30]   [30,30,5] (20)   107.483
[40,30]   [30,30,5] (25)   107.081
[40,30]   [30,30,5] (30)   114.798
[40,30]   [30,30,10] (0)   145.279
[40,30]   [30,30,10] (5)   144.459
[40,30]   [30,30,10] (10)   143.151
[40,30]   [30,30,10] (15)   136.373
[40,30]   [30,30,10] (20)   123.887
[40,30]   [30,30,10] (25)   128.527
[40,30]   [30,30,10] (30)   136.182
[40,30]   [30,30,15] (0)   142.617
[40,30]   [30,30,15] (5)   144.541
[40,30]   [30,30,15] (10)   144.928
[40,30]   [30,30,15] (15)   129.829
[40,30]   [30,30,15] (20)   122.229
[40,30]   [30,30,15] (25)   127.108
[40,30]   [30,30,15] (30)   135.385
[40,30]   [30,30,20] (0)   146.611
[40,30]   [30,30,20] (5)   145.867
[40,30]   [30,30,20] (10)   145.561
[40,30]   [30,30,20] (15)   136.485
[40,30]   [30,30,20] (20)   133.884
[40,30]   [30,30,20] (25)   140.31
[40,30]   [30,30,20] (30)   148.281
[40,30]   [30,40,5] (0)   2288.07
[40,30]   [30,40,5] (5)   2212.52
[40,30]   [30,40,5] (10)   2269.25
[40,30]   [30,40,5] (15)   2287.69
[40,30]   [30,40,5] (20)   2304.73
[40,30]   [30,40,5] (25)   2242.08
[40,30]   [30,40,5] (30)   2155.92
[40,30]   [30,40,10] (0)   2296.04
[40,30]   [30,40,10] (5)   2253.01
[40,30]   [30,40,10] (10)   2327.99
[40,30]   [30,40,10] (15)   2225.45
[40,30]   [30,40,10] (20)   2318.29
[40,30]   [30,40,10] (25)   2518.23
[40,30]   [30,40,10] (30)   2538.61
[40,30]   [30,40,15] (0)   2194.13
[40,30]   [30,40,15] (5)   2161.69
[40,30]   [30,40,15] (10)   2223.79
[40,30]   [30,40,15] (15)   2329.8
[40,30]   [30,40,15] (20)   2156.57
[40,30]   [30,40,15] (25)   2239.56
[40,30]   [30,40,15] (30)   2089.07
[40,30]   [30,40,20] (0)   2251.56
[40,30]   [30,40,20] (5)   2330.92
[40,30]   [30,40,20] (10)   2196.29
[40,30]   [30,40,20] (15)   2272.99
[40,30]   [30,40,20] (20)   2249.33
[40,30]   [30,40,20] (25)   2222.4
[40,30]   [30,40,20] (30)   2082.15
[40,30]   [30,50,5] (0)   9092.88
[40,30]   [30,50,5] (5)   9137.58
[40,30]   [30,50,5] (10)   9193.5
[40,30]   [30,50,5] (15)   9000.38
[40,30]   [30,50,5] (20)   9160.55
[40,30]   [30,50,5] (25)   9180.93
[40,30]   [30,50,5] (30)   9252.29
[40,30]   [30,50,10] (0)   9246.62
[40,30]   [30,50,10] (5)   9075.76
[40,30]   [30,50,10] (10)   9263.68
[40,30]   [30,50,10] (15)   9281.88
[40,30]   [30,50,10] (20)   9052.69
[40,30]   [30,50,10] (25)   9083.86
[40,30]   [30,50,10] (30)   9220.25
[40,30]   [30,50,15] (0)   9249.65
[40,30]   [30,50,15] (5)   9162.34
[40,30]   [30,50,15] (10)   9141.6
[40,30]   [30,50,15] (15)   9231.54
[40,30]   [30,50,15] (20)   9163.84
[40,30]   [30,50,15] (25)   9214.74
[40,30]   [30,50,15] (30)   9132.84
[40,30]   [30,50,20] (0)   9103.56
[40,30]   [30,50,20] (5)   9041.79
[40,30]   [30,50,20] (10)   9208.14
[40,30]   [30,50,20] (15)   9205.23
[40,30]   [30,50,20] (20)   9220.49
[40,30]   [30,50,20] (25)   9131.72
[40,30]   [30,50,20] (30)   9071.27
[40,30]   [30,60,5] (0)   14562.5
[40,30]   [30,60,5] (5)   14604.7
[40,30]   [30,60,5] (10)   14684.4
[40,30]   [30,60,5] (15)   14529.1
[40,30]   [30,60,5] (20)   14676.5
[40,30]   [30,60,5] (25)   14636.3
[40,30]   [30,60,5] (30)   14669.7
[40,30]   [30,60,10] (0)   14596.2
[40,30]   [30,60,10] (5)   14565.4
[40,30]   [30,60,10] (10)   14729.2
[40,30]   [30,60,10] (15)   14533.3
[40,30]   [30,60,10] (20)   14703
[40,30]   [30,60,10] (25)   14746.7
[40,30]   [30,60,10] (30)   14564.3
[40,30]   [30,60,15] (0)   14597.2
[40,30]   [30,60,15] (5)   14685.4
[40,30]   [30,60,15] (10)   14601
[40,30]   [30,60,15] (15)   14602.3
[40,30]   [30,60,15] (20)   14416.6
[40,30]   [30,60,15] (25)   14518.5
[40,30]   [30,60,15] (30)   14598.5
[40,30]   [30,60,20] (0)   14637.6
[40,30]   [30,60,20] (5)   14642.3
[40,30]   [30,60,20] (10)   14346.8
[40,30]   [30,60,20] (15)   14721
[40,30]   [30,60,20] (20)   14409.6
[40,30]   [30,60,20] (25)   14751.1
[40,30]   [30,60,20] (30)   14593
[40,30]   [40,10,5] (0)   17905.8
[40,30]   [40,10,5] (5)   10665.1
[40,30]   [40,10,5] (10)   104.164
[40,30]   [40,10,5] (15)   73.378
[40,30]   [40,10,5] (20)   76.2504
[40,30]   [40,10,5] (25)   81.1333
[40,30]   [40,10,5] (30)   87.47
[40,30]   [40,10,10] (0)   17992.5
[40,30]   [40,10,10] (5)   11425.5
[40,30]   [40,10,10] (10)   3458.23
[40,30]   [40,10,10] (15)   96.1688
[40,30]   [40,10,10] (20)   94.3239
[40,30]   [40,10,10] (25)   97.3887
[40,30]   [40,10,10] (30)   103.334
[40,30]   [40,10,15] (0)   17706.7
[40,30]   [40,10,15] (5)   7547.51
[40,30]   [40,10,15] (10)   971.766
[40,30]   [40,10,15] (15)   100.744
[40,30]   [40,10,15] (20)   100.778
[40,30]   [40,10,15] (25)   104.833
[40,30]   [40,10,15] (30)   110.908
[40,30]   [40,10,20] (0)   17896.4
[40,30]   [40,10,20] (5)   7823.99
[40,30]   [40,10,20] (10)   99.4528
[40,30]   [40,10,20] (15)   114.995
[40,30]   [40,10,20] (20)   115.106
[40,30]   [40,10,20] (25)   118.732
[40,30]   [40,10,20] (30)   125.446
[40,30]   [40,20,5] (0)   10512.8
[40,30]   [40,20,5] (5)   10566.7
[40,30]   [40,20,5] (10)   7747.78
[40,30]   [40,20,5] (15)   134.482
[40,30]   [40,20,5] (20)   87.769
[40,30]   [40,20,5] (25)   86.7019
[40,30]   [40,20,5] (30)   92.559
[40,30]   [40,20,10] (0)   10521.7
[40,30]   [40,20,10] (5)   10532.9
[40,30]   [40,20,10] (10)   8426.49
[40,30]   [40,20,10] (15)   1322.64
[40,30]   [40,20,10] (20)   109.267
[40,30]   [40,20,10] (25)   105.513
[40,30]   [40,20,10] (30)   109.996
[40,30]   [40,20,15] (0)   10524.1
[40,30]   [40,20,15] (5)   10450.3
[40,30]   [40,20,15] (10)   6549.92
[40,30]   [40,20,15] (15)   123.98
[40,30]   [40,20,15] (20)   109.348
[40,30]   [40,20,15] (25)   110.655
[40,30]   [40,20,15] (30)   116.352
[40,30]   [40,20,20] (0)   10572
[40,30]   [40,20,20] (5)   10557.2
[40,30]   [40,20,20] (10)   7322.74
[40,30]   [40,20,20] (15)   128.698
[40,30]   [40,20,20] (20)   122.687
[40,30]   [40,20,20] (25)   126.815
[40,30]   [40,20,20] (30)   132.896
[40,30]   [40,30,5] (0)   7696.45
[40,30]   [40,30,5] (5)   7668.3
[40,30]   [40,30,5] (10)   7397.89
[40,30]   [40,30,5] (15)   3481.7
[40,30]   [40,30,5] (20)   121.618
[40,30]   [40,30,5] (25)   102.081
[40,30]   [40,30,5] (30)   101.7
[40,30]   [40,30,10] (0)   7682.53
[40,30]   [40,30,10] (5)   7688.99
[40,30]   [40,30,10] (10)   7681.15
[40,30]   [40,30,10] (15)   3807.4
[40,30]   [40,30,10] (20)   146.58
[40,30]   [40,30,10] (25)   124.503
[40,30]   [40,30,10] (30)   124.773
[40,30]   [40,30,15] (0)   7731.6
[40,30]   [40,30,15] (5)   7754.13
[40,30]   [40,30,15] (10)   7693.26
[40,30]   [40,30,15] (15)   2878.89
[40,30]   [40,30,15] (20)   126.97
[40,30]   [40,30,15] (25)   123.218
[40,30]   [40,30,15] (30)   127.148
[40,30]   [40,30,20] (0)   7808.74
[40,30]   [40,30,20] (5)   7687.43
[40,30]   [40,30,20] (10)   7642.54
[40,30]   [40,30,20] (15)   3148.51
[40,30]   [40,30,20] (20)   140.193
[40,30]   [40,30,20] (25)   138.336
[40,30]   [40,30,20] (30)   144.16
[40,30]   [40,40,5] (0)   163.015
[40,30]   [40,40,5] (5)   163.362
[40,30]   [40,40,5] (10)   161.754
[40,30]   [40,40,5] (15)   162.139
[40,30]   [40,40,5] (20)   153.177
[40,30]   [40,40,5] (25)   130.335
[40,30]   [40,40,5] (30)   121.34
[40,30]   [40,40,10] (0)   162.329
[40,30]   [40,40,10] (5)   162.991
[40,30]   [40,40,10] (10)   162.122
[40,30]   [40,40,10] (15)   163.271
[40,30]   [40,40,10] (20)   155.794
[40,30]   [40,40,10] (25)   141.368
[40,30]   [40,40,10] (30)   141.642
[40,30]   [40,40,15] (0)   160.585
[40,30]   [40,40,15] (5)   165.384
[40,30]   [40,40,15] (10)   162.73
[40,30]   [40,40,15] (15)   160.343
[40,30]   [40,40,15] (20)   150.339
[40,30]   [40,40,15] (25)   136.661
[40,30]   [40,40,15] (30)   139.378
[40,30]   [40,40,20] (0)   161.409
[40,30]   [40,40,20] (5)   163.195
[40,30]   [40,40,20] (10)   162.436
[40,30]   [40,40,20] (15)   161.96
[40,30]   [40,40,20] (20)   157.252
[40,30]   [40,40,20] (25)   148.46
[40,30]   [40,40,20] (30)   152.872
[40,30]   [40,50,5] (0)   1504.08
[40,30]   [40,50,5] (5)   1550.79
[40,30]   [40,50,5] (10)   1380.29
[40,30]   [40,50,5] (15)   1527.75
[40,30]   [40,50,5] (20)   1548.95
[40,30]   [40,50,5] (25)   1440.64
[40,30]   [40,50,5] (30)   1526.51
[40,30]   [40,50,10] (0)   1578.71
[40,30]   [40,50,10] (5)   1487.82
[40,30]   [40,50,10] (10)   1524.73
[40,30]   [40,50,10] (15)   1478.28
[40,30]   [40,50,10] (20)   1400.21
[40,30]   [40,50,10] (25)   1520.64
[40,30]   [40,50,10] (30)   1508.92
[40,30]   [40,50,15] (0)   1578.01
[40,30]   [40,50,15] (5)   1485.66
[40,30]   [40,50,15] (10)   1656.59
[40,30]   [40,50,15] (15)   1478.49
[40,30]   [40,50,15] (20)   1533.35
[40,30]   [40,50,15] (25)   1497.19
[40,30]   [40,50,15] (30)   1592.11
[40,30]   [40,50,20] (0)   1523.49
[40,30]   [40,50,20] (5)   1454.41
[40,30]   [40,50,20] (10)   1454.44
[40,30]   [40,50,20] (15)   1497.1
[40,30]   [40,50,20] (20)   1444.43
[40,30]   [40,50,20] (25)   1511.95
[40,30]   [40,50,20] (30)   1495.53
[40,30]   [40,60,5] (0)   7071.57
[40,30]   [40,60,5] (5)   7004.09
[40,30]   [40,60,5] (10)   7139.6
[40,30]   [40,60,5] (15)   6932.02
[40,30]   [40,60,5] (20)   7149.98
[40,30]   [40,60,5] (25)   7147.63
[40,30]   [40,60,5] (30)   7140.17
[40,30]   [40,60,10] (0)   7039.11
[40,30]   [40,60,10] (5)   7067.37
[40,30]   [40,60,10] (10)   7016.94
[40,30]   [40,60,10] (15)   7244.95
[40,30]   [40,60,10] (20)   7201.14
[40,30]   [40,60,10] (25)   7047.74
[40,30]   [40,60,10] (30)   7107.57
[40,30]   [40,60,15] (0)   7082.64
[40,30]   [40,60,15] (5)   7105.2
[40,30]   [40,60,15] (10)   7236.89
[40,30]   [40,60,15] (15)   6976.67
[40,30]   [40,60,15] (20)   7056.84
[40,30]   [40,60,15] (25)   7079.84
[40,30]   [40,60,15] (30)   7046.02
[40,30]   [40,60,20] (0)   7109
[40,30]   [40,60,20] (5)   7052.97
[40,30]   [40,60,20] (10)   7228.73
[40,30]   [40,60,20] (15)   7033.38
[40,30]   [40,60,20] (20)   7027.61
[40,30]   [40,60,20] (25)   7099.01
[40,30]   [40,60,20] (30)   7054.75
[40,30]   [50,10,5] (0)   21640.7
[40,30]   [50,10,5] (5)   13689.1
[40,30]   [50,10,5] (10)   2294.61
[40,30]   [50,10,5] (15)   79.6805
[40,30]   [50,10,5] (20)   79.5461
[40,30]   [50,10,5] (25)   83.9947
[40,30]   [50,10,5] (30)   89.0974
[40,30]   [50,10,10] (0)   21636.4
[40,30]   [50,10,10] (5)   15463.5
[40,30]   [50,10,10] (10)   6950.26
[40,30]   [50,10,10] (15)   1299.67
[40,30]   [50,10,10] (20)   102.97
[40,30]   [50,10,10] (25)   102.383
[40,30]   [50,10,10] (30)   105.324
[40,30]   [50,10,15] (0)   22013.2
[40,30]   [50,10,15] (5)   11413.2
[40,30]   [50,10,15] (10)   4557.33
[40,30]   [50,10,15] (15)   127.901
[40,30]   [50,10,15] (20)   109.051
[40,30]   [50,10,15] (25)   109.563
[40,30]   [50,10,15] (30)   112.976
[40,30]   [50,10,20] (0)   21599.9
[40,30]   [50,10,20] (5)   12112.6
[40,30]   [50,10,20] (10)   3053.12
[40,30]   [50,10,20] (15)   1389.6
[40,30]   [50,10,20] (20)   123.04
[40,30]   [50,10,20] (25)   122.757
[40,30]   [50,10,20] (30)   126.421
[40,30]   [50,20,5] (0)   16682.2
[40,30]   [50,20,5] (5)   16693.5
[40,30]   [50,20,5] (10)   12401.5
[40,30]   [50,20,5] (15)   2577.63
[40,30]   [50,20,5] (20)   93.1298
[40,30]   [50,20,5] (25)   90.4353
[40,30]   [50,20,5] (30)   93.6573
[40,30]   [50,20,10] (0)   16739.9
[40,30]   [50,20,10] (5)   16704.2
[40,30]   [50,20,10] (10)   14035.2
[40,30]   [50,20,10] (15)   5073.58
[40,30]   [50,20,10] (20)   161.495
[40,30]   [50,20,10] (25)   110.327
[40,30]   [50,20,10] (30)   110.703
[40,30]   [50,20,15] (0)   16696
[40,30]   [50,20,15] (5)   16670.3
[40,30]   [50,20,15] (10)   11743.9
[40,30]   [50,20,15] (15)   2128.08
[40,30]   [50,20,15] (20)   125.442
[40,30]   [50,20,15] (25)   115.662
[40,30]   [50,20,15] (30)   117.89
[40,30]   [50,20,20] (0)   16722.8
[40,30]   [50,20,20] (5)   16664
[40,30]   [50,20,20] (10)   12738.6
[40,30]   [50,20,20] (15)   724.529
[40,30]   [50,20,20] (20)   137.11
[40,30]   [50,20,20] (25)   130.306
[40,30]   [50,20,20] (30)   131.741
[40,30]   [50,30,5] (0)   8749.73
[40,30]   [50,30,5] (5)   8777.23
[40,30]   [50,30,5] (10)   8793.32
[40,30]   [50,30,5] (15)   7562.46
[40,30]   [50,30,5] (20)   758.531
[40,30]   [50,30,5] (25)   107.584
[40,30]   [50,30,5] (30)   101.676
[40,30]   [50,30,10] (0)   8840.86
[40,30]   [50,30,10] (5)   8740.79
[40,30]   [50,30,10] (10)   8769.99
[40,30]   [50,30,10] (15)   7860.67
[40,30]   [50,30,10] (20)   2464.66
[40,30]   [50,30,10] (25)   134.285
[40,30]   [50,30,10] (30)   121.229
[40,30]   [50,30,15] (0)   8793.72
[40,30]   [50,30,15] (5)   8769.54
[40,30]   [50,30,15] (10)   8730.6
[40,30]   [50,30,15] (15)   6907.72
[40,30]   [50,30,15] (20)   193.647
[40,30]   [50,30,15] (25)   129.212
[40,30]   [50,30,15] (30)   125.142
[40,30]   [50,30,20] (0)   8792.15
[40,30]   [50,30,20] (5)   8829.39
[40,30]   [50,30,20] (10)   8759.52
[40,30]   [50,30,20] (15)   7294.19
[40,30]   [50,30,20] (20)   164.745
[40,30]   [50,30,20] (25)   139.495
[40,30]   [50,30,20] (30)   141.162
[40,30]   [50,40,5] (0)   3708.09
[40,30]   [50,40,5] (5)   3799.16
[40,30]   [50,40,5] (10)   3679.36
[40,30]   [50,40,5] (15)   3717.37
[40,30]   [50,40,5] (20)   3250.18
[40,30]   [50,40,5] (25)   180.73
[40,30]   [50,40,5] (30)   120.181
[40,30]   [50,40,10] (0)   3733.91
[40,30]   [50,40,10] (5)   3772.74
[40,30]   [50,40,10] (10)   3753.94
[40,30]   [50,40,10] (15)   3724.1
[40,30]   [50,40,10] (20)   3347.49
[40,30]   [50,40,10] (25)   322.501
[40,30]   [50,40,10] (30)   139.631
[40,30]   [50,40,15] (0)   3727.39
[40,30]   [50,40,15] (5)   3726.12
[40,30]   [50,40,15] (10)   3747.86
[40,30]   [50,40,15] (15)   3721.87
[40,30]   [50,40,15] (20)   2913.99
[40,30]   [50,40,15] (25)   151.611
[40,30]   [50,40,15] (30)   139.848
[40,30]   [50,40,20] (0)   3773.13
[40,30]   [50,40,20] (5)   3761.83
[40,30]   [50,40,20] (10)   3748.54
[40,30]   [50,40,20] (15)   3747.98
[40,30]   [50,40,20] (20)   2975.7
[40,30]   [50,40,20] (25)   159.595
[40,30]   [50,40,20] (30)   150.042
[40,30]   [50,50,5] (0)   168.818
[40,30]   [50,50,5] (5)   166.886
[40,30]   [50,50,5] (10)   168.467
[40,30]   [50,50,5] (15)   167.602
[40,30]   [50,50,5] (20)   168.09
[40,30]   [50,50,5] (25)   163.884
[40,30]   [50,50,5] (30)   150.56
[40,30]   [50,50,10] (0)   170.104
[40,30]   [50,50,10] (5)   167.58
[40,30]   [50,50,10] (10)   167.85
[40,30]   [50,50,10] (15)   168.38
[40,30]   [50,50,10] (20)   169.844
[40,30]   [50,50,10] (25)   165.274
[40,30]   [50,50,10] (30)   155.849
[40,30]   [50,50,15] (0)   170.36
[40,30]   [50,50,15] (5)   169.044
[40,30]   [50,50,15] (10)   169.263
[40,30]   [50,50,15] (15)   169.306
[40,30]   [50,50,15] (20)   168.967
[40,30]   [50,50,15] (25)   163.184
[40,30]   [50,50,15] (30)   152.929
[40,30]   [50,50,20] (0)   167.622
[40,30]   [50,50,20] (5)   167.241
[40,30]   [50,50,20] (10)   168.78
[40,30]   [50,50,20] (15)   166.671
[40,30]   [50,50,20] (20)   168.717
[40,30]   [50,50,20] (25)   164.502
[40,30]   [50,50,20] (30)   158.169
[40,30]   [50,60,5] (0)   586.087
[40,30]   [50,60,5] (5)   656.831
[40,30]   [50,60,5] (10)   557.046
[40,30]   [50,60,5] (15)   541.114
[40,30]   [50,60,5] (20)   544.93
[40,30]   [50,60,5] (25)   606.048
[40,30]   [50,60,5] (30)   705.752
[40,30]   [50,60,10] (0)   547.162
[40,30]   [50,60,10] (5)   558.569
[40,30]   [50,60,10] (10)   598.737
[40,30]   [50,60,10] (15)   603.849
[40,30]   [50,60,10] (20)   590.965
[40,30]   [50,60,10] (25)   470.373
[40,30]   [50,60,10] (30)   462.003
[40,30]   [50,60,15] (0)   591.919
[40,30]   [50,60,15] (5)   641.787
[40,30]   [50,60,15] (10)   682.135
[40,30]   [50,60,15] (15)   493.519
[40,30]   [50,60,15] (20)   577.26
[40,30]   [50,60,15] (25)   542.712
[40,30]   [50,60,15] (30)   635.039
[40,30]   [50,60,20] (0)   636.723
[40,30]   [50,60,20] (5)   656.201
[40,30]   [50,60,20] (10)   591.305
[40,30]   [50,60,20] (15)   474.971
[40,30]   [50,60,20] (20)   662.261
[40,30]   [50,60,20] (25)   664.081
[40,30]   [50,60,20] (30)   615.745
[40,30]   [60,10,5] (0)   28375.9
[40,30]   [60,10,5] (5)   17924.6
[40,30]   [60,10,5] (10)   4675.5
[40,30]   [60,10,5] (15)   93.2151
[40,30]   [60,10,5] (20)   83.8554
[40,30]   [60,10,5] (25)   87.2403
[40,30]   [60,10,5] (30)   92.4306
[40,30]   [60,10,10] (0)   28651.8
[40,30]   [60,10,10] (5)   18689.1
[40,30]   [60,10,10] (10)   10336.2
[40,30]   [60,10,10] (15)   4376.35
[40,30]   [60,10,10] (20)   227.069
[40,30]   [60,10,10] (25)   109.649
[40,30]   [60,10,10] (30)   110.091
[40,30]   [60,10,15] (0)   28354
[40,30]   [60,10,15] (5)   15227.2
[40,30]   [60,10,15] (10)   7743.44
[40,30]   [60,10,15] (15)   1949.04
[40,30]   [60,10,15] (20)   121.655
[40,30]   [60,10,15] (25)   115.993
[40,30]   [60,10,15] (30)   117.14
[40,30]   [60,10,20] (0)   28352.6
[40,30]   [60,10,20] (5)   15911.7
[40,30]   [60,10,20] (10)   6513.94
[40,30]   [60,10,20] (15)   4802.23
[40,30]   [60,10,20] (20)   142.748
[40,30]   [60,10,20] (25)   130.78
[40,30]   [60,10,20] (30)   131.631
[40,30]   [60,20,5] (0)   18079.1
[40,30]   [60,20,5] (5)   18056.6
[40,30]   [60,20,5] (10)   14749.2
[40,30]   [60,20,5] (15)   5064.7
[40,30]   [60,20,5] (20)   109.58
[40,30]   [60,20,5] (25)   93.4153
[40,30]   [60,20,5] (30)   96.2177
[40,30]   [60,20,10] (0)   18057.8
[40,30]   [60,20,10] (5)   18056.7
[40,30]   [60,20,10] (10)   15837.2
[40,30]   [60,20,10] (15)   8344.2
[40,30]   [60,20,10] (20)   2879.45
[40,30]   [60,20,10] (25)   128.383
[40,30]   [60,20,10] (30)   115.95
[40,30]   [60,20,15] (0)   18118.1
[40,30]   [60,20,15] (5)   18023
[40,30]   [60,20,15] (10)   13873
[40,30]   [60,20,15] (15)   5369.85
[40,30]   [60,20,15] (20)   1276.57
[40,30]   [60,20,15] (25)   123.249
[40,30]   [60,20,15] (30)   122.285
[40,30]   [60,20,20] (0)   18176.2
[40,30]   [60,20,20] (5)   18054.5
[40,30]   [60,20,20] (10)   15077.3
[40,30]   [60,20,20] (15)   4145.41
[40,30]   [60,20,20] (20)   2094.57
[40,30]   [60,20,20] (25)   143.718
[40,30]   [60,20,20] (30)   135.182
[40,30]   [60,30,5] (0)   12397.9
[40,30]   [60,30,5] (5)   12381.7
[40,30]   [60,30,5] (10)   12358.8
[40,30]   [60,30,5] (15)   10952
[40,30]   [60,30,5] (20)   3742.29
[40,30]   [60,30,5] (25)   116.966
[40,30]   [60,30,5] (30)   103.839
[40,30]   [60,30,10] (0)   12409.9
[40,30]   [60,30,10] (5)   12336
[40,30]   [60,30,10] (10)   12419.4
[40,30]   [60,30,10] (15)   11504.7
[40,30]   [60,30,10] (20)   5837.25
[40,30]   [60,30,10] (25)   815.038
[40,30]   [60,30,10] (30)   129.205
[40,30]   [60,30,15] (0)   12428.3
[40,30]   [60,30,15] (5)   12427.4
[40,30]   [60,30,15] (10)   12374.3
[40,30]   [60,30,15] (15)   10311.6
[40,30]   [60,30,15] (20)   3006.42
[40,30]   [60,30,15] (25)   152.288
[40,30]   [60,30,15] (30)   130.674
[40,30]   [60,30,20] (0)   12396.6
[40,30]   [60,30,20] (5)   12427.8
[40,30]   [60,30,20] (10)   12413.2
[40,30]   [60,30,20] (15)   10749.6
[40,30]   [60,30,20] (20)   2344.21
[40,30]   [60,30,20] (25)   155.485
[40,30]   [60,30,20] (30)   146.42
[40,30]   [60,40,5] (0)   7448.8
[40,30]   [60,40,5] (5)   7416.98
[40,30]   [60,40,5] (10)   7437.75
[40,30]   [60,40,5] (15)   7444.5
[40,30]   [60,40,5] (20)   6874.75
[40,30]   [60,40,5] (25)   2429.15
[40,30]   [60,40,5] (30)   127.006
[40,30]   [60,40,10] (0)   7494.72
[40,30]   [60,40,10] (5)   7456.63
[40,30]   [60,40,10] (10)   7521.65
[40,30]   [60,40,10] (15)   7480.8
[40,30]   [60,40,10] (20)   7068.35
[40,30]   [60,40,10] (25)   3585.55
[40,30]   [60,40,10] (30)   160.649
[40,30]   [60,40,15] (0)   7511.69
[40,30]   [60,40,15] (5)   7552.04
[40,30]   [60,40,15] (10)   7518.09
[40,30]   [60,40,15] (15)   7483.37
[40,30]   [60,40,15] (20)   6549.15
[40,30]   [60,40,15] (25)   1492
[40,30]   [60,40,15] (30)   147.767
[40,30]   [60,40,20] (0)   7426.81
[40,30]   [60,40,20] (5)   7478.17
[40,30]   [60,40,20] (10)   7539.55
[40,30]   [60,40,20] (15)   7436.61
[40,30]   [60,40,20] (20)   6569.83
[40,30]   [60,40,20] (25)   1034.37
[40,30]   [60,40,20] (30)   157.219
[40,30]   [60,50,5] (0)   3198.17
[40,30]   [60,50,5] (5)   3222.71
[40,30]   [60,50,5] (10)   3240.38
[40,30]   [60,50,5] (15)   3209.77
[40,30]   [60,50,5] (20)   3155.02
[40,30]   [60,50,5] (25)   2953.44
[40,30]   [60,50,5] (30)   750.334
[40,30]   [60,50,10] (0)   3257.53
[40,30]   [60,50,10] (5)   3173.15
[40,30]   [60,50,10] (10)   3231.75
[40,30]   [60,50,10] (15)   3117.02
[40,30]   [60,50,10] (20)   3211.91
[40,30]   [60,50,10] (25)   3004.77
[40,30]   [60,50,10] (30)   1090.58
[40,30]   [60,50,15] (0)   3189.25
[40,30]   [60,50,15] (5)   3156.61
[40,30]   [60,50,15] (10)   3241.33
[40,30]   [60,50,15] (15)   3236.54
[40,30]   [60,50,15] (20)   3201.05
[40,30]   [60,50,15] (25)   2815.09
[40,30]   [60,50,15] (30)   208.112
[40,30]   [60,50,20] (0)   3227.74
[40,30]   [60,50,20] (5)   3200.31
[40,30]   [60,50,20] (10)   3188.38
[40,30]   [60,50,20] (15)   3208.79
[40,30]   [60,50,20] (20)   3111.53
[40,30]   [60,50,20] (25)   2886.47
[40,30]   [60,50,20] (30)   207.469
[40,30]   [60,60,5] (0)   186.701
[40,30]   [60,60,5] (5)   189.332
[40,30]   [60,60,5] (10)   186.91
[40,30]   [60,60,5] (15)   185.678
[40,30]   [60,60,5] (20)   189.004
[40,30]   [60,60,5] (25)   185.845
[40,30]   [60,60,5] (30)   187.052
[40,30]   [60,60,10] (0)   189.64
[40,30]   [60,60,10] (5)   187.382
[40,30]   [60,60,10] (10)   188.63
[40,30]   [60,60,10] (15)   185.218
[40,30]   [60,60,10] (20)   187.969
[40,30]   [60,60,10] (25)   186.041
[40,30]   [60,60,10] (30)   187.367
[40,30]   [60,60,15] (0)   188.464
[40,30]   [60,60,15] (5)   190.859
[40,30]   [60,60,15] (10)   186.88
[40,30]   [60,60,15] (15)   188.245
[40,30]   [60,60,15] (20)   188.401
[40,30]   [60,60,15] (25)   188.172
[40,30]   [60,60,15] (30)   185.975
[40,30]   [60,60,20] (0)   185.682
[40,30]   [60,60,20] (5)   188.419
[40,30]   [60,60,20] (10)   188.694
[40,30]   [60,60,20] (15)   188.661
[40,30]   [60,60,20] (20)   187.57
[40,30]   [60,60,20] (25)   186.691
[40,30]   [60,60,20] (30)   187.134
