[10,60]   [10,10,5] (0)   16438.8
[10,60]   [10,10,5] (5)   12406.3
[10,60]   [10,10,5] (10)   10917.7
[10,60]   [10,10,5] (15)   10832.1
[10,60]   [10,10,5] (20)   10866.1
[10,60]   [10,10,5] (25)   10859.9
[10,60]   [10,10,5] (30)   10811
[10,60]   [10,10,10] (0)   16442.1
[10,60]   [10,10,10] (5)   16453
[10,60]   [10,10,10] (10)   16375.5
[10,60]   [10,10,10] (15)   16458.8
[10,60]   [10,10,10] (20)   16454
[10,60]   [10,10,10] (25)   16443.6
[10,60]   [10,10,10] (30)   16489.4
[10,60]   [10,10,15] (0)   16389.1
[10,60]   [10,10,15] (5)   14736.4
[10,60]   [10,10,15] (10)   14706.9
[10,60]   [10,10,15] (15)   14883.6
[10,60]   [10,10,15] (20)   14801.7
[10,60]   [10,10,15] (25)   14773.3
[10,60]   [10,10,15] (30)   14787.3
[10,60]   [10,10,20] (0)   16424.1
[10,60]   [10,10,20] (5)   17434.5
[10,60]   [10,10,20] (10)   17500.5
[10,60]   [10,10,20] (15)   17518.5
[10,60]   [10,10,20] (20)   17485.4
[10,60]   [10,10,20] (25)   17498.2
[10,60]   [10,10,20] (30)   17536.3
[10,60]   [10,20,5] (0)   29277.4
[10,60]   [10,20,5] (5)   29179.7
[10,60]   [10,20,5] (10)   29232.9
[10,60]   [10,20,5] (15)   29213.2
[10,60]   [10,20,5] (20)   29252.3
[10,60]   [10,20,5] (25)   25312
[10,60]   [10,20,5] (30)   28396
[10,60]   [10,20,10] (0)   29293.8
[10,60]   [10,20,10] (5)   29169.8
[10,60]   [10,20,10] (10)   29153.7
[10,60]   [10,20,10] (15)   29249
[10,60]   [10,20,10] (20)   29150.7
[10,60]   [10,20,10] (25)   29259.5
[10,60]   [10,20,10] (30)   29159.3
[10,60]   [10,20,15] (0)   29226.9
[10,60]   [10,20,15] (5)   29161.8
[10,60]   [10,20,15] (10)   29273.6
[10,60]   [10,20,15] (15)   29281.7
[10,60]   [10,20,15] (20)   28421.4
[10,60]   [10,20,15] (25)   23058.4
[10,60]   [10,20,15] (30)   21469.1
[10,60]   [10,20,20] (0)   29224.6
[10,60]   [10,20,20] (5)   29162.1
[10,60]   [10,20,20] (10)   29144.7
[10,60]   [10,20,20] (15)   29095.5
[10,60]   [10,20,20] (20)   29205.4
[10,60]   [10,20,20] (25)   29053
[10,60]   [10,20,20] (30)   29235.2
[10,60]   [10,30,5] (0)   41518.4
[10,60]   [10,30,5] (5)   41425.4
[10,60]   [10,30,5] (10)   41537.5
[10,60]   [10,30,5] (15)   41499.2
[10,60]   [10,30,5] (20)   41453.7
[10,60]   [10,30,5] (25)   41489.8
[10,60]   [10,30,5] (30)   38834.7
[10,60]   [10,30,10] (0)   41455.3
[10,60]   [10,30,10] (5)   41555.3
[10,60]   [10,30,10] (10)   41529.1
[10,60]   [10,30,10] (15)   41514.8
[10,60]   [10,30,10] (20)   41514.3
[10,60]   [10,30,10] (25)   41513.5
[10,60]   [10,30,10] (30)   41556.9
[10,60]   [10,30,15] (0)   41497.3
[10,60]   [10,30,15] (5)   41549
[10,60]   [10,30,15] (10)   41530.2
[10,60]   [10,30,15] (15)   41504.6
[10,60]   [10,30,15] (20)   41537.8
[10,60]   [10,30,15] (25)   41556.5
[10,60]   [10,30,15] (30)   39651.2
[10,60]   [10,30,20] (0)   41598.8
[10,60]   [10,30,20] (5)   41576.3
[10,60]   [10,30,20] (10)   41498.9
[10,60]   [10,30,20] (15)   41526.4
[10,60]   [10,30,20] (20)   41544.6
[10,60]   [10,30,20] (25)   41527.4
[10,60]   [10,30,20] (30)   41558.8
[10,60]   [10,40,5] (0)   51891.4
[10,60]   [10,40,5] (5)   51934.5
[10,60]   [10,40,5] (10)   52001.3
[10,60]   [10,40,5] (15)   51938.9
[10,60]   [10,40,5] (20)   51914.8
[10,60]   [10,40,5] (25)   51921.1
[10,60]   [10,40,5] (30)   52005.9
[10,60]   [10,40,10] (0)   51909.6
[10,60]   [10,40,10] (5)   51962.7
[10,60]   [10,40,10] (10)   51923.1
[10,60]   [10,40,10] (15)   51942.1
[10,60]   [10,40,10] (20)   51867.4
[10,60]   [10,40,10] (25)   51939.9
[10,60]   [10,40,10] (30)   51960.3
[10,60]   [10,40,15] (0)   51926.7
[10,60]   [10,40,15] (5)   51900.1
[10,60]   [10,40,15] (10)   51967.4
[10,60]   [10,40,15] (15)   51855.4
[10,60]   [10,40,15] (20)   51942.1
[10,60]   [10,40,15] (25)   51863.1
[10,60]   [10,40,15] (30)   51878.9
[10,60]   [10,40,20] (0)   52014.2
[10,60]   [10,40,20] (5)   51865.2
[10,60]   [10,40,20] (10)   51929.4
[10,60]   [10,40,20] (15)   51962.4
[10,60]   [10,40,20] (20)   51874.6
[10,60]   [10,40,20] (25)   51915.5
[10,60]   [10,40,20] (30)   51901.6
[10,60]   [10,50,5] (0)   60229
[10,60]   [10,50,5] (5)   60290.8
[10,60]   [10,50,5] (10)   60284.1
[10,60]   [10,50,5] (15)   60229.6
[10,60]   [10,50,5] (20)   60222.1
[10,60]   [10,50,5] (25)   60305.4
[10,60]   [10,50,5] (30)   60269.7
[10,60]   [10,50,10] (0)   60272.6
[10,60]   [10,50,10] (5)   60280.4
[10,60]   [10,50,10] (10)   60360.7
[10,60]   [10,50,10] (15)   60346.8
[10,60]   [10,50,10] (20)   60296.1
[10,60]   [10,50,10] (25)   60336.2
[10,60]   [10,50,10] (30)   60299.2
[10,60]   [10,50,15] (0)   60316.6
[10,60]   [10,50,15] (5)   60349.5
[10,60]   [10,50,15] (10)   60300.4
[10,60]   [10,50,15] (15)   60207.2
[10,60]   [10,50,15] (20)   60331.9
[10,60]   [10,50,15] (25)   60242.6
[10,60]   [10,50,15] (30)   60289
[10,60]   [10,50,20] (0)   60289.2
[10,60]   [10,50,20] (5)   60264.2
[10,60]   [10,50,20] (10)   60296.8
[10,60]   [10,50,20] (15)   60257.9
[10,60]   [10,50,20] (20)   60257.9
[10,60]   [10,50,20] (25)   60300.7
[10,60]   [10,50,20] (30)   60301.2
[10,60]   [10,60,5] (0)   116953
[10,60]   [10,60,5] (5)   116854
[10,60]   [10,60,5] (10)   116826
[10,60]   [10,60,5] (15)   116884
[10,60]   [10,60,5] (20)   116934
[10,60]   [10,60,5] (25)   116950
[10,60]   [10,60,5] (30)   116821
[10,60]   [10,60,10] (0)   116897
[10,60]   [10,60,10] (5)   116922
[10,60]   [10,60,10] (10)   117008
[10,60]   [10,60,10] (15)   116867
[10,60]   [10,60,10] (20)   116930
[10,60]   [10,60,10] (25)   116838
[10,60]   [10,60,10] (30)   116857
[10,60]   [10,60,15] (0)   116913
[10,60]   [10,60,15] (5)   116939
[10,60]   [10,60,15] (10)   116785
[10,60]   [10,60,15] (15)   116881
[10,60]   [10,60,15] (20)   116853
[10,60]   [10,60,15] (25)   116853
[10,60]   [10,60,15] (30)   116925
[10,60]   [10,60,20] (0)   116841
[10,60]   [10,60,20] (5)   116879
[10,60]   [10,60,20] (10)   116919
[10,60]   [10,60,20] (15)   116916
[10,60]   [10,60,20] (20)   116962
[10,60]   [10,60,20] (25)   116823
[10,60]   [10,60,20] (30)   116872
[10,60]   [20,10,5] (0)   21530.1
[10,60]   [20,10,5] (5)   16317.2
[10,60]   [20,10,5] (10)   12125.8
[10,60]   [20,10,5] (15)   10532.4
[10,60]   [20,10,5] (20)   10329.6
[10,60]   [20,10,5] (25)   10289.9
[10,60]   [20,10,5] (30)   10188.3
[10,60]   [20,10,10] (0)   21453.1
[10,60]   [20,10,10] (5)   20691.8
[10,60]   [20,10,10] (10)   19729.5
[10,60]   [20,10,10] (15)   19422
[10,60]   [20,10,10] (20)   19208.2
[10,60]   [20,10,10] (25)   19458.7
[10,60]   [20,10,10] (30)   19411
[10,60]   [20,10,15] (0)   21591.2
[10,60]   [20,10,15] (5)   18607.1
[10,60]   [20,10,15] (10)   18561.4
[10,60]   [20,10,15] (15)   18327.3
[10,60]   [20,10,15] (20)   18168.3
[10,60]   [20,10,15] (25)   18207.5
[10,60]   [20,10,15] (30)   18197.1
[10,60]   [20,10,20] (0)   21655
[10,60]   [20,10,20] (5)   22285.6
[10,60]   [20,10,20] (10)   22765.7
[10,60]   [20,10,20] (15)   22825.5
[10,60]   [20,10,20] (20)   22604
[10,60]   [20,10,20] (25)   22801
[10,60]   [20,10,20] (30)   22831.4
[10,60]   [20,20,5] (0)   25868.1
[10,60]   [20,20,5] (5)   25663.6
[10,60]   [20,20,5] (10)   22002.2
[10,60]   [20,20,5] (15)   17336.2
[10,60]   [20,20,5] (20)   16536
[10,60]   [20,20,5] (25)   16714.3
[10,60]   [20,20,5] (30)   16623.4
[10,60]   [20,20,10] (0)   25663.7
[10,60]   [20,20,10] (5)   25550
[10,60]   [20,20,10] (10)   25084.2
[10,60]   [20,20,10] (15)   24140.4
[10,60]   [20,20,10] (20)   23917.9
[10,60]   [20,20,10] (25)   24146.6
[10,60]   [20,20,10] (30)   23931.9
[10,60]   [20,20,15] (0)   25689.6
[10,60]   [20,20,15] (5)   25641.2
[10,60]   [20,20,15] (10)   23294.7
[10,60]   [20,20,15] (15)   22404.9
[10,60]   [20,20,15] (20)   22326.3
[10,60]   [20,20,15] (25)   22210.7
[10,60]   [20,20,15] (30)   22308.1
[10,60]   [20,20,20] (0)   25555.8
[10,60]   [20,20,20] (5)   25818.1
[10,60]   [20,20,20] (10)   25846.6
[10,60]   [20,20,20] (15)   25589.9
[10,60]   [20,20,20] (20)   25552.4
[10,60]   [20,20,20] (25)   25588.1
[10,60]   [20,20,20] (30)   25496.4
[10,60]   [20,30,5] (0)   33384.1
[10,60]   [20,30,5] (5)   33565.4
[10,60]   [20,30,5] (10)   33792.6
[10,60]   [20,30,5] (15)   33351.6
[10,60]   [20,30,5] (20)   33356.4
[10,60]   [20,30,5] (25)   32667.7
[10,60]   [20,30,5] (30)   32648.6
[10,60]   [20,30,10] (0)   33479.1
[10,60]   [20,30,10] (5)   33342.5
[10,60]   [20,30,10] (10)   33875.7
[10,60]   [20,30,10] (15)   33446.4
[10,60]   [20,30,10] (20)   33528.4
[10,60]   [20,30,10] (25)   33744
[10,60]   [20,30,10] (30)   33550.9
[10,60]   [20,30,15] (0)   33373.3
[10,60]   [20,30,15] (5)   33556.2
[10,60]   [20,30,15] (10)   33489.2
[10,60]   [20,30,15] (15)   33680.9
[10,60]   [20,30,15] (20)   33875
[10,60]   [20,30,15] (25)   32823.7
[10,60]   [20,30,15] (30)   31118.5
[10,60]   [20,30,20] (0)   33419.7
[10,60]   [20,30,20] (5)   33656.2
[10,60]   [20,30,20] (10)   33424
[10,60]   [20,30,20] (15)   33484.2
[10,60]   [20,30,20] (20)   33617.2
[10,60]   [20,30,20] (25)   33490.4
[10,60]   [20,30,20] (30)   33621.1
[10,60]   [20,40,5] (0)   43663.8
[10,60]   [20,40,5] (5)   43432.6
[10,60]   [20,40,5] (10)   43678
[10,60]   [20,40,5] (15)   43696
[10,60]   [20,40,5] (20)   43726.7
[10,60]   [20,40,5] (25)   43710.3
[10,60]   [20,40,5] (30)   43592.9
[10,60]   [20,40,10] (0)   43662.5
[10,60]   [20,40,10] (5)   43713.6
[10,60]   [20,40,10] (10)   43659.5
[10,60]   [20,40,10] (15)   43616.7
[10,60]   [20,40,10] (20)   43659.8
[10,60]   [20,40,10] (25)   43685.9
[10,60]   [20,40,10] (30)   43689.3
[10,60]   [20,40,15] (0)   43660.7
[10,60]   [20,40,15] (5)   43645.5
[10,60]   [20,40,15] (10)   43663.1
[10,60]   [20,40,15] (15)   43607.4
[10,60]   [20,40,15] (20)   43671.3
[10,60]   [20,40,15] (25)   43569.5
[10,60]   [20,40,15] (30)   43659.3
[10,60]   [20,40,20] (0)   43685.2
[10,60]   [20,40,20] (5)   43641.6
[10,60]   [20,40,20] (10)   43764.5
[10,60]   [20,40,20] (15)   43747.4
[10,60]   [20,40,20] (20)   43617.1
[10,60]   [20,40,20] (25)   43605.7
[10,60]   [20,40,20] (30)   43711.4
[10,60]   [20,50,5] (0)   59346.2
[10,60]   [20,50,5] (5)   59245
[10,60]   [20,50,5] (10)   59333.7
[10,60]   [20,50,5] (15)   59209.5
[10,60]   [20,50,5] (20)   59332.5
[10,60]   [20,50,5] (25)   59265.3
[10,60]   [20,50,5] (30)   59241.4
[10,60]   [20,50,10] (0)   59255.7
[10,60]   [20,50,10] (5)   59277.3
[10,60]   [20,50,10] (10)   59356
[10,60]   [20,50,10] (15)   59363.4
[10,60]   [20,50,10] (20)   59274.1
[10,60]   [20,50,10] (25)   59282.3
[10,60]   [20,50,10] (30)   59269.6
[10,60]   [20,50,15] (0)   59279.7
[10,60]   [20,50,15] (5)   59299.3
[10,60]   [20,50,15] (10)   59253.7
[10,60]   [20,50,15] (15)   59272.7
[10,60]   [20,50,15] (20)   59328
[10,60]   [20,50,15] (25)   59221
[10,60]   [20,50,15] (30)   59302.1
[10,60]   [20,50,20] (0)   59292.9
[10,60]   [20,50,20] (5)   59270.3
[10,60]   [20,50,20] (10)   59283.8
[10,60]   [20,50,20] (15)   59341.1
[10,60]   [20,50,20] (20)   59261.2
[10,60]   [20,50,20] (25)   59235.2
[10,60]   [20,50,20] (30)   59369.3
[10,60]   [20,60,5] (0)   59040.9
[10,60]   [20,60,5] (5)   59019.8
[10,60]   [20,60,5] (10)   59134.6
[10,60]   [20,60,5] (15)   59065.4
[10,60]   [20,60,5] (20)   59097.7
[10,60]   [20,60,5] (25)   59030.4
[10,60]   [20,60,5] (30)   59052.8
[10,60]   [20,60,10] (0)   59092.4
[10,60]   [20,60,10] (5)   59124.5
[10,60]   [20,60,10] (10)   59066.3
[10,60]   [20,60,10] (15)   59002.3
[10,60]   [20,60,10] (20)   59114
[10,60]   [20,60,10] (25)   58989.3
[10,60]   [20,60,10] (30)   59101.2
[10,60]   [20,60,15] (0)   58990.4
[10,60]   [20,60,15] (5)   58929.2
[10,60]   [20,60,15] (10)   59132.9
[10,60]   [20,60,15] (15)   59105.1
[10,60]   [20,60,15] (20)   59060.9
[10,60]   [20,60,15] (25)   59132.1
[10,60]   [20,60,15] (30)   59033.5
[10,60]   [20,60,20] (0)   59088.8
[10,60]   [20,60,20] (5)   58997.6
[10,60]   [20,60,20] (10)   59081.5
[10,60]   [20,60,20] (15)   59108.8
[10,60]   [20,60,20] (20)   59114.2
[10,60]   [20,60,20] (25)   58963.3
[10,60]   [20,60,20] (30)   59022.3
[10,60]   [30,10,5] (0)   25505.9
[10,60]   [30,10,5] (5)   19816.6
[10,60]   [30,10,5] (10)   14193.3
[10,60]   [30,10,5] (15)   11464.8
[10,60]   [30,10,5] (20)   10811
[10,60]   [30,10,5] (25)   10425.9
[10,60]   [30,10,5] (30)   10437
[10,60]   [30,10,10] (0)   25499.9
[10,60]   [30,10,10] (5)   24394.7
[10,60]   [30,10,10] (10)   22513.9
[10,60]   [30,10,10] (15)   21291.1
[10,60]   [30,10,10] (20)   20230.3
[10,60]   [30,10,10] (25)   20807.2
[10,60]   [30,10,10] (30)   20588.5
[10,60]   [30,10,15] (0)   25436.5
[10,60]   [30,10,15] (5)   21726.5
[10,60]   [30,10,15] (10)   21026.6
[10,60]   [30,10,15] (15)   19975.6
[10,60]   [30,10,15] (20)   19555
[10,60]   [30,10,15] (25)   20618
[10,60]   [30,10,15] (30)   20423.2
[10,60]   [30,10,20] (0)   25640.4
[10,60]   [30,10,20] (5)   25794.3
[10,60]   [30,10,20] (10)   25551.4
[10,60]   [30,10,20] (15)   25638.2
[10,60]   [30,10,20] (20)   25702.1
[10,60]   [30,10,20] (25)   25625.3
[10,60]   [30,10,20] (30)   25508.9
[10,60]   [30,20,5] (0)   28714
[10,60]   [30,20,5] (5)   28751
[10,60]   [30,20,5] (10)   24221.4
[10,60]   [30,20,5] (15)   17346.8
[10,60]   [30,20,5] (20)   14265
[10,60]   [30,20,5] (25)   13290.6
[10,60]   [30,20,5] (30)   13502.8
[10,60]   [30,20,10] (0)   28779.6
[10,60]   [30,20,10] (5)   28714.8
[10,60]   [30,20,10] (10)   28075.6
[10,60]   [30,20,10] (15)   25456.3
[10,60]   [30,20,10] (20)   23547.7
[10,60]   [30,20,10] (25)   22866
[10,60]   [30,20,10] (30)   22869.8
[10,60]   [30,20,15] (0)   28733
[10,60]   [30,20,15] (5)   28734.3
[10,60]   [30,20,15] (10)   25359.3
[10,60]   [30,20,15] (15)   23780.3
[10,60]   [30,20,15] (20)   23238.8
[10,60]   [30,20,15] (25)   23128
[10,60]   [30,20,15] (30)   22998.7
[10,60]   [30,20,20] (0)   28724.7
[10,60]   [30,20,20] (5)   28761.4
[10,60]   [30,20,20] (10)   29007.6
[10,60]   [30,20,20] (15)   28102.3
[10,60]   [30,20,20] (20)   27700.3
[10,60]   [30,20,20] (25)   27421.7
[10,60]   [30,20,20] (30)   27468.6
[10,60]   [30,30,5] (0)   31385.4
[10,60]   [30,30,5] (5)   31360.7
[10,60]   [30,30,5] (10)   31165.3
[10,60]   [30,30,5] (15)   27765.5
[10,60]   [30,30,5] (20)   21049.5
[10,60]   [30,30,5] (25)   19016.1
[10,60]   [30,30,5] (30)   18806.1
[10,60]   [30,30,10] (0)   31359.1
[10,60]   [30,30,10] (5)   31349.1
[10,60]   [30,30,10] (10)   31373.7
[10,60]   [30,30,10] (15)   30628.7
[10,60]   [30,30,10] (20)   28034.5
[10,60]   [30,30,10] (25)   27430.3
[10,60]   [30,30,10] (30)   27580.6
[10,60]   [30,30,15] (0)   31447.7
[10,60]   [30,30,15] (5)   31388.6
[10,60]   [30,30,15] (10)   30431.1
[10,60]   [30,30,15] (15)   28555.1
[10,60]   [30,30,15] (20)   27203
[10,60]   [30,30,15] (25)   26688.6
[10,60]   [30,30,15] (30)   26817.9
[10,60]   [30,30,20] (0)   31329.6
[10,60]   [30,30,20] (5)   31326.8
[10,60]   [30,30,20] (10)   31351.2
[10,60]   [30,30,20] (15)   30960.2
[10,60]   [30,30,20] (20)   30507.5
[10,60]   [30,30,20] (25)   30423.8
[10,60]   [30,30,20] (30)   30536.7
[10,60]   [30,40,5] (0)   42789
[10,60]   [30,40,5] (5)   42946.5
[10,60]   [30,40,5] (10)   42837.5
[10,60]   [30,40,5] (15)   43208.7
[10,60]   [30,40,5] (20)   43282.3
[10,60]   [30,40,5] (25)   43290.4
[10,60]   [30,40,5] (30)   43011.5
[10,60]   [30,40,10] (0)   42831.2
[10,60]   [30,40,10] (5)   42881.7
[10,60]   [30,40,10] (10)   42999.7
[10,60]   [30,40,10] (15)   43029.8
[10,60]   [30,40,10] (20)   42790.2
[10,60]   [30,40,10] (25)   42831.4
[10,60]   [30,40,10] (30)   42785.9
[10,60]   [30,40,15] (0)   43176.7
[10,60]   [30,40,15] (5)   42953
[10,60]   [30,40,15] (10)   42922.6
[10,60]   [30,40,15] (15)   42829.5
[10,60]   [30,40,15] (20)   43058.6
[10,60]   [30,40,15] (25)   42864.4
[10,60]   [30,40,15] (30)   42975.1
[10,60]   [30,40,20] (0)   42781.2
[10,60]   [30,40,20] (5)   42774.6
[10,60]   [30,40,20] (10)   42891.5
[10,60]   [30,40,20] (15)   43272
[10,60]   [30,40,20] (20)   43275.3
[10,60]   [30,40,20] (25)   43046.1
[10,60]   [30,40,20] (30)   43059.6
[10,60]   [30,50,5] (0)   44283.5
[10,60]   [30,50,5] (5)   44316.6
[10,60]   [30,50,5] (10)   44285.4
[10,60]   [30,50,5] (15)   44287.7
[10,60]   [30,50,5] (20)   44327.9
[10,60]   [30,50,5] (25)   44340.8
[10,60]   [30,50,5] (30)   44479.4
[10,60]   [30,50,10] (0)   44305.9
[10,60]   [30,50,10] (5)   44240.8
[10,60]   [30,50,10] (10)   44295.1
[10,60]   [30,50,10] (15)   44352.4
[10,60]   [30,50,10] (20)   44427.3
[10,60]   [30,50,10] (25)   44364.5
[10,60]   [30,50,10] (30)   44428.5
[10,60]   [30,50,15] (0)   44524.3
[10,60]   [30,50,15] (5)   44371.3
[10,60]   [30,50,15] (10)   44206.4
[10,60]   [30,50,15] (15)   44305.4
[10,60]   [30,50,15] (20)   44351.2
[10,60]   [30,50,15] (25)   44288.8
[10,60]   [30,50,15] (30)   44336.7
[10,60]   [30,50,20] (0)   44239.8
[10,60]   [30,50,20] (5)   44377.7
[10,60]   [30,50,20] (10)   44213
[10,60]   [30,50,20] (15)   44399.6
[10,60]   [30,50,20] (20)   44432.7
[10,60]   [30,50,20] (25)   44292.1
[10,60]   [30,50,20] (30)   44297.9
[10,60]   [30,60,5] (0)   51489.7
[10,60]   [30,60,5] (5)   51546.8
[10,60]   [30,60,5] (10)   51576.3
[10,60]   [30,60,5] (15)   51531
[10,60]   [30,60,5] (20)   51533.5
[10,60]   [30,60,5] (25)   51512.8
[10,60]   [30,60,5] (30)   51528
[10,60]   [30,60,10] (0)   51555.9
[10,60]   [30,60,10] (5)   51386.6
[10,60]   [30,60,10] (10)   51479.4
[10,60]   [30,60,10] (15)   51493.8
[10,60]   [30,60,10] (20)   51533.8
[10,60]   [30,60,10] (25)   51563.3
[10,60]   [30,60,10] (30)   51512.9
[10,60]   [30,60,15] (0)   51395.4
[10,60]   [30,60,15] (5)   51443.3
[10,60]   [30,60,15] (10)   51575.2
[10,60]   [30,60,15] (15)   51383
[10,60]   [30,60,15] (20)   51459.5
[10,60]   [30,60,15] (25)   51525.1
[10,60]   [30,60,15] (30)   51551.7
[10,60]   [30,60,20] (0)   51465.2
[10,60]   [30,60,20] (5)   51550.5
[10,60]   [30,60,20] (10)   51488.9
[10,60]   [30,60,20] (15)   51486.9
[10,60]   [30,60,20] (20)   51515.9
[10,60]   [30,60,20] (25)   51537
[10,60]   [30,60,20] (30)   51579
[10,60]   [40,10,5] (0)   28733.8
[10,60]   [40,10,5] (5)   22649.9
[10,60]   [40,10,5] (10)   16094.1
[10,60]   [40,10,5] (15)   13355.7
[10,60]   [40,10,5] (20)   11767.9
[10,60]   [40,10,5] (25)   10926
[10,60]   [40,10,5] (30)   10424.1
[10,60]   [40,10,10] (0)   28851.5
[10,60]   [40,10,10] (5)   27256.4
[10,60]   [40,10,10] (10)   24839.2
[10,60]   [40,10,10] (15)   23009.3
[10,60]   [40,10,10] (20)   22425.3
[10,60]   [40,10,10] (25)   21706.2
[10,60]   [40,10,10] (30)   21494.7
[10,60]   [40,10,15] (0)   28753.5
[10,60]   [40,10,15] (5)   25162.4
[10,60]   [40,10,15] (10)   23642
[10,60]   [40,10,15] (15)   22301.3
[10,60]   [40,10,15] (20)   21968.7
[10,60]   [40,10,15] (25)   21883.9
[10,60]   [40,10,15] (30)   21711.2
[10,60]   [40,10,20] (0)   28984.5
[10,60]   [40,10,20] (5)   29122.6
[10,60]   [40,10,20] (10)   28742.6
[10,60]   [40,10,20] (15)   27084.4
[10,60]   [40,10,20] (20)   27401.5
[10,60]   [40,10,20] (25)   27222.1
[10,60]   [40,10,20] (30)   27162
[10,60]   [40,20,5] (0)   31355
[10,60]   [40,20,5] (5)   31362.2
[10,60]   [40,20,5] (10)   26955.6
[10,60]   [40,20,5] (15)   19531.2
[10,60]   [40,20,5] (20)   15606.9
[10,60]   [40,20,5] (25)   13646.4
[10,60]   [40,20,5] (30)   12483
[10,60]   [40,20,10] (0)   31367.8
[10,60]   [40,20,10] (5)   31331.2
[10,60]   [40,20,10] (10)   30664.1
[10,60]   [40,20,10] (15)   26823.4
[10,60]   [40,20,10] (20)   25727
[10,60]   [40,20,10] (25)   24556.4
[10,60]   [40,20,10] (30)   24072
[10,60]   [40,20,15] (0)   31350.2
[10,60]   [40,20,15] (5)   31315.6
[10,60]   [40,20,15] (10)   28458.2
[10,60]   [40,20,15] (15)   25520.7
[10,60]   [40,20,15] (20)   24613.3
[10,60]   [40,20,15] (25)   24037.8
[10,60]   [40,20,15] (30)   23787.6
[10,60]   [40,20,20] (0)   31328
[10,60]   [40,20,20] (5)   31368.8
[10,60]   [40,20,20] (10)   31878.3
[10,60]   [40,20,20] (15)   29685
[10,60]   [40,20,20] (20)   29563.4
[10,60]   [40,20,20] (25)   29325
[10,60]   [40,20,20] (30)   29049.8
[10,60]   [40,30,5] (0)   38360.5
[10,60]   [40,30,5] (5)   38282.4
[10,60]   [40,30,5] (10)   36766.7
[10,60]   [40,30,5] (15)   30100.2
[10,60]   [40,30,5] (20)   22926.4
[10,60]   [40,30,5] (25)   17864.2
[10,60]   [40,30,5] (30)   15735.2
[10,60]   [40,30,10] (0)   38352.1
[10,60]   [40,30,10] (5)   38274.4
[10,60]   [40,30,10] (10)   35828.6
[10,60]   [40,30,10] (15)   33449.2
[10,60]   [40,30,10] (20)   30293.2
[10,60]   [40,30,10] (25)   27997.1
[10,60]   [40,30,10] (30)   27220.8
[10,60]   [40,30,15] (0)   38510.4
[10,60]   [40,30,15] (5)   38306.7
[10,60]   [40,30,15] (10)   37350.9
[10,60]   [40,30,15] (15)   30989.3
[10,60]   [40,30,15] (20)   28171.4
[10,60]   [40,30,15] (25)   27257
[10,60]   [40,30,15] (30)   26646.7
[10,60]   [40,30,20] (0)   38333.5
[10,60]   [40,30,20] (5)   38274.3
[10,60]   [40,30,20] (10)   37821.4
[10,60]   [40,30,20] (15)   33754.5
[10,60]   [40,30,20] (20)   32226.7
[10,60]   [40,30,20] (25)   31767
[10,60]   [40,30,20] (30)   31772.8
[10,60]   [40,40,5] (0)   35379.5
[10,60]   [40,40,5] (5)   35359.1
[10,60]   [40,40,5] (10)   35410.6
[10,60]   [40,40,5] (15)   34997.6
[10,60]   [40,40,5] (20)   32902.5
[10,60]   [40,40,5] (25)   27145.8
[10,60]   [40,40,5] (30)   22817.6
[10,60]   [40,40,10] (0)   35391
[10,60]   [40,40,10] (5)   35366.8
[10,60]   [40,40,10] (10)   35349.5
[10,60]   [40,40,10] (15)   35396.8
[10,60]   [40,40,10] (20)   35090.2
[10,60]   [40,40,10] (25)   33284.5
[10,60]   [40,40,10] (30)   31991.2
[10,60]   [40,40,15] (0)   35418.6
[10,60]   [40,40,15] (5)   35397.4
[10,60]   [40,40,15] (10)   35431
[10,60]   [40,40,15] (15)   34813.6
[10,60]   [40,40,15] (20)   32933.5
[10,60]   [40,40,15] (25)   31256.1
[10,60]   [40,40,15] (30)   30410.3
[10,60]   [40,40,20] (0)   35349.7
[10,60]   [40,40,20] (5)   35400.4
[10,60]   [40,40,20] (10)   35412.9
[10,60]   [40,40,20] (15)   35399.5
[10,60]   [40,40,20] (20)   35203
[10,60]   [40,40,20] (25)   34676
[10,60]   [40,40,20] (30)   34468.7
[10,60]   [40,50,5] (0)   38793.6
[10,60]   [40,50,5] (5)   38958.4
[10,60]   [40,50,5] (10)   38566.3
[10,60]   [40,50,5] (15)   39476.9
[10,60]   [40,50,5] (20)   39154.7
[10,60]   [40,50,5] (25)   38673.8
[10,60]   [40,50,5] (30)   38916.3
[10,60]   [40,50,10] (0)   39975.8
[10,60]   [40,50,10] (5)   39607.1
[10,60]   [40,50,10] (10)   38723.5
[10,60]   [40,50,10] (15)   38934.1
[10,60]   [40,50,10] (20)   39250.4
[10,60]   [40,50,10] (25)   38946.2
[10,60]   [40,50,10] (30)   39120.7
[10,60]   [40,50,15] (0)   39388.8
[10,60]   [40,50,15] (5)   39243.8
[10,60]   [40,50,15] (10)   39056.8
[10,60]   [40,50,15] (15)   39561.8
[10,60]   [40,50,15] (20)   38877
[10,60]   [40,50,15] (25)   38846.1
[10,60]   [40,50,15] (30)   38410.5
[10,60]   [40,50,20] (0)   39510
[10,60]   [40,50,20] (5)   38833.2
[10,60]   [40,50,20] (10)   39084.3
[10,60]   [40,50,20] (15)   39149
[10,60]   [40,50,20] (20)   39609.8
[10,60]   [40,50,20] (25)   38409.8
[10,60]   [40,50,20] (30)   38700.5
[10,60]   [40,60,5] (0)   45460.2
[10,60]   [40,60,5] (5)   45438.4
[10,60]   [40,60,5] (10)   45382.6
[10,60]   [40,60,5] (15)   45333.1
[10,60]   [40,60,5] (20)   45465.7
[10,60]   [40,60,5] (25)   45481.3
[10,60]   [40,60,5] (30)   45556.9
[10,60]   [40,60,10] (0)   45540.2
[10,60]   [40,60,10] (5)   45549.9
[10,60]   [40,60,10] (10)   45706.6
[10,60]   [40,60,10] (15)   45449.8
[10,60]   [40,60,10] (20)   45405.9
[10,60]   [40,60,10] (25)   45659.2
[10,60]   [40,60,10] (30)   45664.6
[10,60]   [40,60,15] (0)   45321.2
[10,60]   [40,60,15] (5)   45418.1
[10,60]   [40,60,15] (10)   45677.2
[10,60]   [40,60,15] (15)   45318.3
[10,60]   [40,60,15] (20)   45413.8
[10,60]   [40,60,15] (25)   45607.3
[10,60]   [40,60,15] (30)   45531
[10,60]   [40,60,20] (0)   45433.8
[10,60]   [40,60,20] (5)   45465.9
[10,60]   [40,60,20] (10)   45399.2
[10,60]   [40,60,20] (15)   45456
[10,60]   [40,60,20] (20)   45655.6
[10,60]   [40,60,20] (25)   45436.7
[10,60]   [40,60,20] (30)   45424.8
[10,60]   [50,10,5] (0)   32153.8
[10,60]   [50,10,5] (5)   25283
[10,60]   [50,10,5] (10)   17802.7
[10,60]   [50,10,5] (15)   14870.8
[10,60]   [50,10,5] (20)   13020.4
[10,60]   [50,10,5] (25)   11839.7
[10,60]   [50,10,5] (30)   11112.2
[10,60]   [50,10,10] (0)   31725.5
[10,60]   [50,10,10] (5)   29254
[10,60]   [50,10,10] (10)   26775.5
[10,60]   [50,10,10] (15)   25279.6
[10,60]   [50,10,10] (20)   23947.5
[10,60]   [50,10,10] (25)   23054
[10,60]   [50,10,10] (30)   22463
[10,60]   [50,10,15] (0)   31834.1
[10,60]   [50,10,15] (5)   28516.3
[10,60]   [50,10,15] (10)   25463
[10,60]   [50,10,15] (15)   24467.3
[10,60]   [50,10,15] (20)   23744.6
[10,60]   [50,10,15] (25)   23013.4
[10,60]   [50,10,15] (30)   22782.1
[10,60]   [50,10,20] (0)   31592.1
[10,60]   [50,10,20] (5)   30884.4
[10,60]   [50,10,20] (10)   29805.3
[10,60]   [50,10,20] (15)   29176.6
[10,60]   [50,10,20] (20)   28919.6
[10,60]   [50,10,20] (25)   28778.2
[10,60]   [50,10,20] (30)   28541.2
[10,60]   [50,20,5] (0)   38266.9
[10,60]   [50,20,5] (5)   38343
[10,60]   [50,20,5] (10)   29484.3
[10,60]   [50,20,5] (15)   22012.1
[10,60]   [50,20,5] (20)   17122.4
[10,60]   [50,20,5] (25)   14685.1
[10,60]   [50,20,5] (30)   13202.1
[10,60]   [50,20,10] (0)   38291.2
[10,60]   [50,20,10] (5)   38291.5
[10,60]   [50,20,10] (10)   31580.8
[10,60]   [50,20,10] (15)   29373.9
[10,60]   [50,20,10] (20)   27554.4
[10,60]   [50,20,10] (25)   26024.2
[10,60]   [50,20,10] (30)   24803
[10,60]   [50,20,15] (0)   38325.5
[10,60]   [50,20,15] (5)   38263.2
[10,60]   [50,20,15] (10)   30499.1
[10,60]   [50,20,15] (15)   27811.4
[10,60]   [50,20,15] (20)   26659.3
[10,60]   [50,20,15] (25)   25662
[10,60]   [50,20,15] (30)   24886.3
[10,60]   [50,20,20] (0)   38261.1
[10,60]   [50,20,20] (5)   38285.1
[10,60]   [50,20,20] (10)   32385.1
[10,60]   [50,20,20] (15)   31617.9
[10,60]   [50,20,20] (20)   31419.6
[10,60]   [50,20,20] (25)   30583.6
[10,60]   [50,20,20] (30)   30419.4
[10,60]   [50,30,5] (0)   35557.1
[10,60]   [50,30,5] (5)   35619.2
[10,60]   [50,30,5] (10)   34847.4
[10,60]   [50,30,5] (15)   31779
[10,60]   [50,30,5] (20)   24801.6
[10,60]   [50,30,5] (25)   19150.9
[10,60]   [50,30,5] (30)   16427.7
[10,60]   [50,30,10] (0)   35583.8
[10,60]   [50,30,10] (5)   35590.9
[10,60]   [50,30,10] (10)   35560.9
[10,60]   [50,30,10] (15)   34832.2
[10,60]   [50,30,10] (20)   31747.5
[10,60]   [50,30,10] (25)   29314.4
[10,60]   [50,30,10] (30)   27794
[10,60]   [50,30,15] (0)   35527
[10,60]   [50,30,15] (5)   35544.7
[10,60]   [50,30,15] (10)   35581
[10,60]   [50,30,15] (15)   32533.3
[10,60]   [50,30,15] (20)   29860.4
[10,60]   [50,30,15] (25)   28470.7
[10,60]   [50,30,15] (30)   27096.5
[10,60]   [50,30,20] (0)   35510.1
[10,60]   [50,30,20] (5)   35553.3
[10,60]   [50,30,20] (10)   35518.3
[10,60]   [50,30,20] (15)   34882.8
[10,60]   [50,30,20] (20)   33347.1
[10,60]   [50,30,20] (25)   32998.7
[10,60]   [50,30,20] (30)   32551.1
[10,60]   [50,40,5] (0)   36983.8
[10,60]   [50,40,5] (5)   37045.3
[10,60]   [50,40,5] (10)   37201.6
[10,60]   [50,40,5] (15)   36760.6
[10,60]   [50,40,5] (20)   34106.6
[10,60]   [50,40,5] (25)   28480.8
[10,60]   [50,40,5] (30)   21908.4
[10,60]   [50,40,10] (0)   37086.3
[10,60]   [50,40,10] (5)   37195
[10,60]   [50,40,10] (10)   36994.9
[10,60]   [50,40,10] (15)   37100.8
[10,60]   [50,40,10] (20)   36803.7
[10,60]   [50,40,10] (25)   34517.1
[10,60]   [50,40,10] (30)   31656.1
[10,60]   [50,40,15] (0)   37133
[10,60]   [50,40,15] (5)   37110.4
[10,60]   [50,40,15] (10)   37168.5
[10,60]   [50,40,15] (15)   36231.6
[10,60]   [50,40,15] (20)   34977.1
[10,60]   [50,40,15] (25)   32355.4
[10,60]   [50,40,15] (30)   30685.8
[10,60]   [50,40,20] (0)   37121
[10,60]   [50,40,20] (5)   37162.2
[10,60]   [50,40,20] (10)   37162.1
[10,60]   [50,40,20] (15)   37139.3
[10,60]   [50,40,20] (20)   36718.6
[10,60]   [50,40,20] (25)   35481.6
[10,60]   [50,40,20] (30)   34743.1
[10,60]   [50,50,5] (0)   38639.8
[10,60]   [50,50,5] (5)   38670.9
[10,60]   [50,50,5] (10)   38609.3
[10,60]   [50,50,5] (15)   38681.6
[10,60]   [50,50,5] (20)   38614.2
[10,60]   [50,50,5] (25)   36622.8
[10,60]   [50,50,5] (30)   31177.4
[10,60]   [50,50,10] (0)   38595.3
[10,60]   [50,50,10] (5)   38673.9
[10,60]   [50,50,10] (10)   38642.2
[10,60]   [50,50,10] (15)   38645.8
[10,60]   [50,50,10] (20)   38640.4
[10,60]   [50,50,10] (25)   38481.3
[10,60]   [50,50,10] (30)   36706.5
[10,60]   [50,50,15] (0)   38628.5
[10,60]   [50,50,15] (5)   38623.2
[10,60]   [50,50,15] (10)   38655.3
[10,60]   [50,50,15] (15)   38604.8
[10,60]   [50,50,15] (20)   37660.2
[10,60]   [50,50,15] (25)   36756.7
[10,60]   [50,50,15] (30)   34861.9
[10,60]   [50,50,20] (0)   38670.4
[10,60]   [50,50,20] (5)   38635.9
[10,60]   [50,50,20] (10)   38691.5
[10,60]   [50,50,20] (15)   38655.1
[10,60]   [50,50,20] (20)   38567
[10,60]   [50,50,20] (25)   38458.6
[10,60]   [50,50,20] (30)   37391.2
[10,60]   [50,60,5] (0)   37922.7
[10,60]   [50,60,5] (5)   42764.9
[10,60]   [50,60,5] (10)   42585.7
[10,60]   [50,60,5] (15)   42997.2
[10,60]   [50,60,5] (20)   42866.2
[10,60]   [50,60,5] (25)   33267.5
[10,60]   [50,60,5] (30)   42834.7
[10,60]   [50,60,10] (0)   39411.3
[10,60]   [50,60,10] (5)   37093.2
[10,60]   [50,60,10] (10)   44278.5
[10,60]   [50,60,10] (15)   41931.4
[10,60]   [50,60,10] (20)   43376.4
[10,60]   [50,60,10] (25)   43760
[10,60]   [50,60,10] (30)   42562.3
[10,60]   [50,60,15] (0)   37568.3
[10,60]   [50,60,15] (5)   41671.8
[10,60]   [50,60,15] (10)   42029.7
[10,60]   [50,60,15] (15)   38347.2
[10,60]   [50,60,15] (20)   33241.9
[10,60]   [50,60,15] (25)   43563.9
[10,60]   [50,60,15] (30)   37518
[10,60]   [50,60,20] (0)   41224.1
[10,60]   [50,60,20] (5)   35852.4
[10,60]   [50,60,20] (10)   34899
[10,60]   [50,60,20] (15)   41840.2
[10,60]   [50,60,20] (20)   29410.9
[10,60]   [50,60,20] (25)   42278.4
[10,60]   [50,60,20] (30)   33045.1
[10,60]   [60,10,5] (0)   40693.3
[10,60]   [60,10,5] (5)   27086.3
[10,60]   [60,10,5] (10)   19583.7
[10,60]   [60,10,5] (15)   16175.9
[10,60]   [60,10,5] (20)   14255.4
[10,60]   [60,10,5] (25)   12794.2
[10,60]   [60,10,5] (30)   11936.1
[10,60]   [60,10,10] (0)   40484
[10,60]   [60,10,10] (5)   32049.2
[10,60]   [60,10,10] (10)   28963.9
[10,60]   [60,10,10] (15)   26944.6
[10,60]   [60,10,10] (20)   25669.9
[10,60]   [60,10,10] (25)   24483.9
[10,60]   [60,10,10] (30)   23640.7
[10,60]   [60,10,15] (0)   40679.6
[10,60]   [60,10,15] (5)   29679.9
[10,60]   [60,10,15] (10)   27507.4
[10,60]   [60,10,15] (15)   26125.7
[10,60]   [60,10,15] (20)   25316.3
[10,60]   [60,10,15] (25)   24652.7
[10,60]   [60,10,15] (30)   24023.9
[10,60]   [60,10,20] (0)   40515
[10,60]   [60,10,20] (5)   32577.7
[10,60]   [60,10,20] (10)   31582.5
[10,60]   [60,10,20] (15)   31050
[10,60]   [60,10,20] (20)   30344.9
[10,60]   [60,10,20] (25)   30229.5
[10,60]   [60,10,20] (30)   29487.7
[10,60]   [60,20,5] (0)   35695.4
[10,60]   [60,20,5] (5)   35697.9
[10,60]   [60,20,5] (10)   31259.7
[10,60]   [60,20,5] (15)   23330.7
[10,60]   [60,20,5] (20)   18497.7
[10,60]   [60,20,5] (25)   15885.7
[10,60]   [60,20,5] (30)   14009.2
[10,60]   [60,20,10] (0)   35642.9
[10,60]   [60,20,10] (5)   35705.2
[10,60]   [60,20,10] (10)   34378.3
[10,60]   [60,20,10] (15)   31228
[10,60]   [60,20,10] (20)   28947
[10,60]   [60,20,10] (25)   27575
[10,60]   [60,20,10] (30)   25951.1
[10,60]   [60,20,15] (0)   35672.5
[10,60]   [60,20,15] (5)   35633.7
[10,60]   [60,20,15] (10)   32140.2
[10,60]   [60,20,15] (15)   29664.7
[10,60]   [60,20,15] (20)   28187.8
[10,60]   [60,20,15] (25)   27173.4
[10,60]   [60,20,15] (30)   26212.8
[10,60]   [60,20,20] (0)   35675.6
[10,60]   [60,20,20] (5)   35620.1
[10,60]   [60,20,20] (10)   35005.2
[10,60]   [60,20,20] (15)   33052.3
[10,60]   [60,20,20] (20)   33041.9
[10,60]   [60,20,20] (25)   31849.1
[10,60]   [60,20,20] (30)   31454
[10,60]   [60,30,5] (0)   37167.3
[10,60]   [60,30,5] (5)   37015.3
[10,60]   [60,30,5] (10)   36643.1
[10,60]   [60,30,5] (15)   33761.5
[10,60]   [60,30,5] (20)   26257.5
[10,60]   [60,30,5] (25)   20552.5
[10,60]   [60,30,5] (30)   17191
[10,60]   [60,30,10] (0)   37149.8
[10,60]   [60,30,10] (5)   37259.9
[10,60]   [60,30,10] (10)   37136.5
[10,60]   [60,30,10] (15)   36236.5
[10,60]   [60,30,10] (20)   33402.5
[10,60]   [60,30,10] (25)   31095
[10,60]   [60,30,10] (30)   28898
[10,60]   [60,30,15] (0)   37246.9
[10,60]   [60,30,15] (5)   37179.9
[10,60]   [60,30,15] (10)   35940.4
[10,60]   [60,30,15] (15)   34234.6
[10,60]   [60,30,15] (20)   30937.3
[10,60]   [60,30,15] (25)   29952.6
[10,60]   [60,30,15] (30)   28578.3
[10,60]   [60,30,20] (0)   37159.8
[10,60]   [60,30,20] (5)   37223
[10,60]   [60,30,20] (10)   37249.5
[10,60]   [60,30,20] (15)   36583.2
[10,60]   [60,30,20] (20)   34832.8
[10,60]   [60,30,20] (25)   34259.9
[10,60]   [60,30,20] (30)   33163.7
[10,60]   [60,40,5] (0)   38558.3
[10,60]   [60,40,5] (5)   38565.9
[10,60]   [60,40,5] (10)   38526.4
[10,60]   [60,40,5] (15)   38160.9
[10,60]   [60,40,5] (20)   35954.9
[10,60]   [60,40,5] (25)   29798.2
[10,60]   [60,40,5] (30)   23272.5
[10,60]   [60,40,10] (0)   38555.3
[10,60]   [60,40,10] (5)   38566.2
[10,60]   [60,40,10] (10)   38573.9
[10,60]   [60,40,10] (15)   38569
[10,60]   [60,40,10] (20)   38295.5
[10,60]   [60,40,10] (25)   35301.8
[10,60]   [60,40,10] (30)   32493.8
[10,60]   [60,40,15] (0)   38564
[10,60]   [60,40,15] (5)   38561.6
[10,60]   [60,40,15] (10)   38593.1
[10,60]   [60,40,15] (15)   38164.3
[10,60]   [60,40,15] (20)   36328
[10,60]   [60,40,15] (25)   33451.6
[10,60]   [60,40,15] (30)   31679.9
[10,60]   [60,40,20] (0)   38492.4
[10,60]   [60,40,20] (5)   38637.4
[10,60]   [60,40,20] (10)   38596.5
[10,60]   [60,40,20] (15)   38557.9
[10,60]   [60,40,20] (20)   38235.4
[10,60]   [60,40,20] (25)   36171.5
[10,60]   [60,40,20] (30)   35434.2
[10,60]   [60,50,5] (0)   39894.9
[10,60]   [60,50,5] (5)   39913.3
[10,60]   [60,50,5] (10)   39913.5
[10,60]   [60,50,5] (15)   39915.8
[10,60]   [60,50,5] (20)   39804.1
[10,60]   [60,50,5] (25)   37174.4
[10,60]   [60,50,5] (30)   32838.4
[10,60]   [60,50,10] (0)   39966.5
[10,60]   [60,50,10] (5)   39906.5
[10,60]   [60,50,10] (10)   39945.9
[10,60]   [60,50,10] (15)   39883.6
[10,60]   [60,50,10] (20)   39888.3
[10,60]   [60,50,10] (25)   39607
[10,60]   [60,50,10] (30)   37530.3
[10,60]   [60,50,15] (0)   39966.6
[10,60]   [60,50,15] (5)   39971.6
[10,60]   [60,50,15] (10)   39923.5
[10,60]   [60,50,15] (15)   39946.7
[10,60]   [60,50,15] (20)   39837.6
[10,60]   [60,50,15] (25)   37208.3
[10,60]   [60,50,15] (30)   35517.3
[10,60]   [60,50,20] (0)   39886.7
[10,60]   [60,50,20] (5)   39916.9
[10,60]   [60,50,20] (10)   39938.1
[10,60]   [60,50,20] (15)   39920.4
[10,60]   [60,50,20] (20)   39918
[10,60]   [60,50,20] (25)   39707.2
[10,60]   [60,50,20] (30)   38142.8
[10,60]   [60,60,5] (0)   41018
[10,60]   [60,60,5] (5)   40983.9
[10,60]   [60,60,5] (10)   41087.7
[10,60]   [60,60,5] (15)   41088.6
[10,60]   [60,60,5] (20)   41027.6
[10,60]   [60,60,5] (25)   40971.2
[10,60]   [60,60,5] (30)   38932.8
[10,60]   [60,60,10] (0)   41035.2
[10,60]   [60,60,10] (5)   41013.8
[10,60]   [60,60,10] (10)   41043.3
[10,60]   [60,60,10] (15)   40835.7
[10,60]   [60,60,10] (20)   41094.4
[10,60]   [60,60,10] (25)   41053.2
[10,60]   [60,60,10] (30)   40933.2
[10,60]   [60,60,15] (0)   41016.9
[10,60]   [60,60,15] (5)   41040.2
[10,60]   [60,60,15] (10)   41061
[10,60]   [60,60,15] (15)   41049
[10,60]   [60,60,15] (20)   41031
[10,60]   [60,60,15] (25)   41039.8
[10,60]   [60,60,15] (30)   39133.2
[10,60]   [60,60,20] (0)   41063.5
[10,60]   [60,60,20] (5)   40869
[10,60]   [60,60,20] (10)   41037.8
[10,60]   [60,60,20] (15)   41057.5
[10,60]   [60,60,20] (20)   40983.8
[10,60]   [60,60,20] (25)   41037.8
[10,60]   [60,60,20] (30)   40990.2
