[80,20]   [10,10,5] (0)   68.9761
[80,20]   [10,10,5] (5)   48.3555
[80,20]   [10,10,5] (10)   50.496
[80,20]   [10,10,5] (15)   60.3103
[80,20]   [10,10,5] (20)   70.3094
[80,20]   [10,10,5] (25)   80.1274
[80,20]   [10,10,5] (30)   90.0853
[80,20]   [10,10,10] (0)   67.8029
[80,20]   [10,10,10] (5)   56.9761
[80,20]   [10,10,10] (10)   63.2271
[80,20]   [10,10,10] (15)   71.9277
[80,20]   [10,10,10] (20)   80.7004
[80,20]   [10,10,10] (25)   89.5117
[80,20]   [10,10,10] (30)   98.2856
[80,20]   [10,10,15] (0)   67.8505
[80,20]   [10,10,15] (5)   60.2861
[80,20]   [10,10,15] (10)   67.8236
[80,20]   [10,10,15] (15)   76.8393
[80,20]   [10,10,15] (20)   85.7176
[80,20]   [10,10,15] (25)   94.6414
[80,20]   [10,10,15] (30)   103.418
[80,20]   [10,10,20] (0)   70.0699
[80,20]   [10,10,20] (5)   66.8499
[80,20]   [10,10,20] (10)   75.2671
[80,20]   [10,10,20] (15)   83.6915
[80,20]   [10,10,20] (20)   92.2538
[80,20]   [10,10,20] (25)   100.563
[80,20]   [10,10,20] (30)   109.647
[80,20]   [10,20,5] (0)   8113.57
[80,20]   [10,20,5] (5)   8227.45
[80,20]   [10,20,5] (10)   8102.54
[80,20]   [10,20,5] (15)   8082.86
[80,20]   [10,20,5] (20)   8110.23
[80,20]   [10,20,5] (25)   7597.03
[80,20]   [10,20,5] (30)   6982.07
[80,20]   [10,20,10] (0)   8170.94
[80,20]   [10,20,10] (5)   8179.79
[80,20]   [10,20,10] (10)   8095.47
[80,20]   [10,20,10] (15)   8045.81
[80,20]   [10,20,10] (20)   8050.71
[80,20]   [10,20,10] (25)   8119.17
[80,20]   [10,20,10] (30)   7989.57
[80,20]   [10,20,15] (0)   8082.79
[80,20]   [10,20,15] (5)   8153.87
[80,20]   [10,20,15] (10)   8137.15
[80,20]   [10,20,15] (15)   8089.83
[80,20]   [10,20,15] (20)   8241.77
[80,20]   [10,20,15] (25)   7259.52
[80,20]   [10,20,15] (30)   6020.27
[80,20]   [10,20,20] (0)   8143.83
[80,20]   [10,20,20] (5)   8146.99
[80,20]   [10,20,20] (10)   8010.12
[80,20]   [10,20,20] (15)   8163.69
[80,20]   [10,20,20] (20)   8102.75
[80,20]   [10,20,20] (25)   8150.77
[80,20]   [10,20,20] (30)   8097.19
[80,20]   [10,30,5] (0)   17405.8
[80,20]   [10,30,5] (5)   17352.2
[80,20]   [10,30,5] (10)   17334.9
[80,20]   [10,30,5] (15)   17356.1
[80,20]   [10,30,5] (20)   17335.1
[80,20]   [10,30,5] (25)   17324.1
[80,20]   [10,30,5] (30)   16791.1
[80,20]   [10,30,10] (0)   17159.5
[80,20]   [10,30,10] (5)   17367.5
[80,20]   [10,30,10] (10)   17348.7
[80,20]   [10,30,10] (15)   17245.2
[80,20]   [10,30,10] (20)   17404.9
[80,20]   [10,30,10] (25)   17247.3
[80,20]   [10,30,10] (30)   17316.3
[80,20]   [10,30,15] (0)   17355.9
[80,20]   [10,30,15] (5)   17643.5
[80,20]   [10,30,15] (10)   17349.9
[80,20]   [10,30,15] (15)   17193.7
[80,20]   [10,30,15] (20)   17413.7
[80,20]   [10,30,15] (25)   17277.5
[80,20]   [10,30,15] (30)   15067.7
[80,20]   [10,30,20] (0)   17585.7
[80,20]   [10,30,20] (5)   17470.5
[80,20]   [10,30,20] (10)   17471.5
[80,20]   [10,30,20] (15)   17439
[80,20]   [10,30,20] (20)   17204
[80,20]   [10,30,20] (25)   17379.7
[80,20]   [10,30,20] (30)   17397.7
[80,20]   [10,40,5] (0)   27234
[80,20]   [10,40,5] (5)   27451.9
[80,20]   [10,40,5] (10)   27291.7
[80,20]   [10,40,5] (15)   27052.4
[80,20]   [10,40,5] (20)   27223.1
[80,20]   [10,40,5] (25)   27286.5
[80,20]   [10,40,5] (30)   27268.4
[80,20]   [10,40,10] (0)   27289.2
[80,20]   [10,40,10] (5)   27516
[80,20]   [10,40,10] (10)   27264
[80,20]   [10,40,10] (15)   27299.5
[80,20]   [10,40,10] (20)   27221.5
[80,20]   [10,40,10] (25)   27315.3
[80,20]   [10,40,10] (30)   27329.5
[80,20]   [10,40,15] (0)   27171
[80,20]   [10,40,15] (5)   27327.7
[80,20]   [10,40,15] (10)   27326.7
[80,20]   [10,40,15] (15)   27173.2
[80,20]   [10,40,15] (20)   27338.1
[80,20]   [10,40,15] (25)   27289.1
[80,20]   [10,40,15] (30)   27440.7
[80,20]   [10,40,20] (0)   27455
[80,20]   [10,40,20] (5)   27365.7
[80,20]   [10,40,20] (10)   27317
[80,20]   [10,40,20] (15)   27439.1
[80,20]   [10,40,20] (20)   27305.7
[80,20]   [10,40,20] (25)   27268.5
[80,20]   [10,40,20] (30)   27309
[80,20]   [10,50,5] (0)   32602.9
[80,20]   [10,50,5] (5)   32611.6
[80,20]   [10,50,5] (10)   32580.2
[80,20]   [10,50,5] (15)   32575.8
[80,20]   [10,50,5] (20)   32566.6
[80,20]   [10,50,5] (25)   32607.4
[80,20]   [10,50,5] (30)   32608.7
[80,20]   [10,50,10] (0)   32600.9
[80,20]   [10,50,10] (5)   32636.7
[80,20]   [10,50,10] (10)   32749.8
[80,20]   [10,50,10] (15)   32618.6
[80,20]   [10,50,10] (20)   32592
[80,20]   [10,50,10] (25)   32662.1
[80,20]   [10,50,10] (30)   32625.3
[80,20]   [10,50,15] (0)   32824
[80,20]   [10,50,15] (5)   32634.8
[80,20]   [10,50,15] (10)   32584.2
[80,20]   [10,50,15] (15)   32635.4
[80,20]   [10,50,15] (20)   32719.9
[80,20]   [10,50,15] (25)   32589.5
[80,20]   [10,50,15] (30)   32643.4
[80,20]   [10,50,20] (0)   32592.9
[80,20]   [10,50,20] (5)   32643.2
[80,20]   [10,50,20] (10)   32681.8
[80,20]   [10,50,20] (15)   32578.3
[80,20]   [10,50,20] (20)   32751.8
[80,20]   [10,50,20] (25)   32587.4
[80,20]   [10,50,20] (30)   32693
[80,20]   [10,60,5] (0)   38670.8
[80,20]   [10,60,5] (5)   38821.3
[80,20]   [10,60,5] (10)   38972.8
[80,20]   [10,60,5] (15)   38707.4
[80,20]   [10,60,5] (20)   38656.2
[80,20]   [10,60,5] (25)   38622.7
[80,20]   [10,60,5] (30)   38686.2
[80,20]   [10,60,10] (0)   38670.5
[80,20]   [10,60,10] (5)   38653.5
[80,20]   [10,60,10] (10)   38726.6
[80,20]   [10,60,10] (15)   38690.1
[80,20]   [10,60,10] (20)   38668.9
[80,20]   [10,60,10] (25)   38982
[80,20]   [10,60,10] (30)   38680.9
[80,20]   [10,60,15] (0)   38689.7
[80,20]   [10,60,15] (5)   38711.3
[80,20]   [10,60,15] (10)   38667.2
[80,20]   [10,60,15] (15)   38641.2
[80,20]   [10,60,15] (20)   38829.7
[80,20]   [10,60,15] (25)   38843.2
[80,20]   [10,60,15] (30)   38705.9
[80,20]   [10,60,20] (0)   38533.6
[80,20]   [10,60,20] (5)   38715
[80,20]   [10,60,20] (10)   38656.5
[80,20]   [10,60,20] (15)   38685.9
[80,20]   [10,60,20] (20)   38701.6
[80,20]   [10,60,20] (25)   38650.5
[80,20]   [10,60,20] (30)   38682.7
[80,20]   [20,10,5] (0)   7609.19
[80,20]   [20,10,5] (5)   1420.32
[80,20]   [20,10,5] (10)   52.6769
[80,20]   [20,10,5] (15)   56.7082
[80,20]   [20,10,5] (20)   65.9914
[80,20]   [20,10,5] (25)   75.8327
[80,20]   [20,10,5] (30)   85.8885
[80,20]   [20,10,10] (0)   7792.17
[80,20]   [20,10,10] (5)   1661.51
[80,20]   [20,10,10] (10)   68.7611
[80,20]   [20,10,10] (15)   73.4754
[80,20]   [20,10,10] (20)   81.5262
[80,20]   [20,10,10] (25)   89.8211
[80,20]   [20,10,10] (30)   98.0355
[80,20]   [20,10,15] (0)   7670.55
[80,20]   [20,10,15] (5)   91.0454
[80,20]   [20,10,15] (10)   74.4581
[80,20]   [20,10,15] (15)   81.2906
[80,20]   [20,10,15] (20)   89.2765
[80,20]   [20,10,15] (25)   97.6238
[80,20]   [20,10,15] (30)   105.655
[80,20]   [20,10,20] (0)   7558.18
[80,20]   [20,10,20] (5)   113.743
[80,20]   [20,10,20] (10)   87.1803
[80,20]   [20,10,20] (15)   92.2025
[80,20]   [20,10,20] (20)   100.158
[80,20]   [20,10,20] (25)   108.153
[80,20]   [20,10,20] (30)   116.448
[80,20]   [20,20,5] (0)   116.419
[80,20]   [20,20,5] (5)   118.582
[80,20]   [20,20,5] (10)   97.1529
[80,20]   [20,20,5] (15)   85.5468
[80,20]   [20,20,5] (20)   92.0429
[80,20]   [20,20,5] (25)   99.4102
[80,20]   [20,20,5] (30)   108.205
[80,20]   [20,20,10] (0)   114.98
[80,20]   [20,20,10] (5)   117.593
[80,20]   [20,20,10] (10)   104.012
[80,20]   [20,20,10] (15)   99.262
[80,20]   [20,20,10] (20)   107.357
[80,20]   [20,20,10] (25)   115.505
[80,20]   [20,20,10] (30)   122.957
[80,20]   [20,20,15] (0)   115.168
[80,20]   [20,20,15] (5)   118.16
[80,20]   [20,20,15] (10)   100.245
[80,20]   [20,20,15] (15)   102.329
[80,20]   [20,20,15] (20)   109.575
[80,20]   [20,20,15] (25)   117.531
[80,20]   [20,20,15] (30)   125.143
[80,20]   [20,20,20] (0)   115.446
[80,20]   [20,20,20] (5)   115.021
[80,20]   [20,20,20] (10)   111.774
[80,20]   [20,20,20] (15)   118.045
[80,20]   [20,20,20] (20)   124.608
[80,20]   [20,20,20] (25)   132.555
[80,20]   [20,20,20] (30)   139.963
[80,20]   [20,30,5] (0)   6404.37
[80,20]   [20,30,5] (5)   6377.61
[80,20]   [20,30,5] (10)   6474.41
[80,20]   [20,30,5] (15)   6457.54
[80,20]   [20,30,5] (20)   6387.27
[80,20]   [20,30,5] (25)   6321.98
[80,20]   [20,30,5] (30)   5531.76
[80,20]   [20,30,10] (0)   6334.5
[80,20]   [20,30,10] (5)   6425.4
[80,20]   [20,30,10] (10)   6309.51
[80,20]   [20,30,10] (15)   6507.25
[80,20]   [20,30,10] (20)   6224.4
[80,20]   [20,30,10] (25)   6487.85
[80,20]   [20,30,10] (30)   5619.28
[80,20]   [20,30,15] (0)   6398.64
[80,20]   [20,30,15] (5)   6367.51
[80,20]   [20,30,15] (10)   6490.23
[80,20]   [20,30,15] (15)   6440.7
[80,20]   [20,30,15] (20)   6370.14
[80,20]   [20,30,15] (25)   6302.26
[80,20]   [20,30,15] (30)   5835.54
[80,20]   [20,30,20] (0)   6460.56
[80,20]   [20,30,20] (5)   6350.23
[80,20]   [20,30,20] (10)   6356.82
[80,20]   [20,30,20] (15)   6498.78
[80,20]   [20,30,20] (20)   6345.8
[80,20]   [20,30,20] (25)   6603.82
[80,20]   [20,30,20] (30)   7419.78
[80,20]   [20,40,5] (0)   17959.3
[80,20]   [20,40,5] (5)   17845.6
[80,20]   [20,40,5] (10)   17681.9
[80,20]   [20,40,5] (15)   17870
[80,20]   [20,40,5] (20)   17735.9
[80,20]   [20,40,5] (25)   17748.9
[80,20]   [20,40,5] (30)   17941.5
[80,20]   [20,40,10] (0)   17921.9
[80,20]   [20,40,10] (5)   17806.6
[80,20]   [20,40,10] (10)   17899
[80,20]   [20,40,10] (15)   17734.3
[80,20]   [20,40,10] (20)   17871.3
[80,20]   [20,40,10] (25)   17875.4
[80,20]   [20,40,10] (30)   17800.4
[80,20]   [20,40,15] (0)   17868.3
[80,20]   [20,40,15] (5)   17990
[80,20]   [20,40,15] (10)   17848.3
[80,20]   [20,40,15] (15)   17785.6
[80,20]   [20,40,15] (20)   17777.7
[80,20]   [20,40,15] (25)   17922.4
[80,20]   [20,40,15] (30)   17899.9
[80,20]   [20,40,20] (0)   17887.1
[80,20]   [20,40,20] (5)   18058
[80,20]   [20,40,20] (10)   17922.2
[80,20]   [20,40,20] (15)   17690.3
[80,20]   [20,40,20] (20)   17807
[80,20]   [20,40,20] (25)   18126.2
[80,20]   [20,40,20] (30)   17973.2
[80,20]   [20,50,5] (0)   21422.3
[80,20]   [20,50,5] (5)   21333.4
[80,20]   [20,50,5] (10)   21431.8
[80,20]   [20,50,5] (15)   21222.1
[80,20]   [20,50,5] (20)   21285
[80,20]   [20,50,5] (25)   21243.2
[80,20]   [20,50,5] (30)   21175
[80,20]   [20,50,10] (0)   21372.6
[80,20]   [20,50,10] (5)   21337.6
[80,20]   [20,50,10] (10)   21456.9
[80,20]   [20,50,10] (15)   21325.7
[80,20]   [20,50,10] (20)   21265.9
[80,20]   [20,50,10] (25)   21369.2
[80,20]   [20,50,10] (30)   21420.8
[80,20]   [20,50,15] (0)   21260.3
[80,20]   [20,50,15] (5)   21416.3
[80,20]   [20,50,15] (10)   21307.1
[80,20]   [20,50,15] (15)   21372
[80,20]   [20,50,15] (20)   21293
[80,20]   [20,50,15] (25)   21200
[80,20]   [20,50,15] (30)   21230
[80,20]   [20,50,20] (0)   21344.9
[80,20]   [20,50,20] (5)   21312.7
[80,20]   [20,50,20] (10)   21261.9
[80,20]   [20,50,20] (15)   21345
[80,20]   [20,50,20] (20)   21322.2
[80,20]   [20,50,20] (25)   21204.1
[80,20]   [20,50,20] (30)   21348.5
[80,20]   [20,60,5] (0)   32584
[80,20]   [20,60,5] (5)   32357.4
[80,20]   [20,60,5] (10)   32511.7
[80,20]   [20,60,5] (15)   32594.4
[80,20]   [20,60,5] (20)   32624
[80,20]   [20,60,5] (25)   32336.1
[80,20]   [20,60,5] (30)   32490.8
[80,20]   [20,60,10] (0)   32589.5
[80,20]   [20,60,10] (5)   32635.1
[80,20]   [20,60,10] (10)   32476.5
[80,20]   [20,60,10] (15)   32671.6
[80,20]   [20,60,10] (20)   32661
[80,20]   [20,60,10] (25)   32536
[80,20]   [20,60,10] (30)   32452.6
[80,20]   [20,60,15] (0)   32628.7
[80,20]   [20,60,15] (5)   32672.7
[80,20]   [20,60,15] (10)   32642.2
[80,20]   [20,60,15] (15)   32508.2
[80,20]   [20,60,15] (20)   32602.9
[80,20]   [20,60,15] (25)   32637.8
[80,20]   [20,60,15] (30)   32921.9
[80,20]   [20,60,20] (0)   32566
[80,20]   [20,60,20] (5)   32477.5
[80,20]   [20,60,20] (10)   32698.5
[80,20]   [20,60,20] (15)   32519.9
[80,20]   [20,60,20] (20)   32557.4
[80,20]   [20,60,20] (25)   32558.3
[80,20]   [20,60,20] (30)   32430.4
[80,20]   [30,10,5] (0)   14489.9
[80,20]   [30,10,5] (5)   7101.68
[80,20]   [30,10,5] (10)   64.8522
[80,20]   [30,10,5] (15)   62.1377
[80,20]   [30,10,5] (20)   66.6509
[80,20]   [30,10,5] (25)   74.3512
[80,20]   [30,10,5] (30)   84.7082
[80,20]   [30,10,10] (0)   14571.9
[80,20]   [30,10,10] (5)   7465.36
[80,20]   [30,10,10] (10)   100.815
[80,20]   [30,10,10] (15)   78.3594
[80,20]   [30,10,10] (20)   81.7563
[80,20]   [30,10,10] (25)   88.8491
[80,20]   [30,10,10] (30)   97.3053
[80,20]   [30,10,15] (0)   14476.2
[80,20]   [30,10,15] (5)   3738.77
[80,20]   [30,10,15] (10)   84.5647
[80,20]   [30,10,15] (15)   87.0098
[80,20]   [30,10,15] (20)   91.3316
[80,20]   [30,10,15] (25)   98.7729
[80,20]   [30,10,15] (30)   106.799
[80,20]   [30,10,20] (0)   14143
[80,20]   [30,10,20] (5)   3073.94
[80,20]   [30,10,20] (10)   92.4162
[80,20]   [30,10,20] (15)   94.0513
[80,20]   [30,10,20] (20)   101.407
[80,20]   [30,10,20] (25)   108.659
[80,20]   [30,10,20] (30)   116.889
[80,20]   [30,20,5] (0)   7968.93
[80,20]   [30,20,5] (5)   7991.86
[80,20]   [30,20,5] (10)   4331.42
[80,20]   [30,20,5] (15)   90.3675
[80,20]   [30,20,5] (20)   78.0011
[80,20]   [30,20,5] (25)   82.9048
[80,20]   [30,20,5] (30)   91.7933
[80,20]   [30,20,10] (0)   7991.81
[80,20]   [30,20,10] (5)   8002.01
[80,20]   [30,20,10] (10)   4779.84
[80,20]   [30,20,10] (15)   102.69
[80,20]   [30,20,10] (20)   96.4572
[80,20]   [30,20,10] (25)   101.931
[80,20]   [30,20,10] (30)   109.975
[80,20]   [30,20,15] (0)   7985.6
[80,20]   [30,20,15] (5)   7984.99
[80,20]   [30,20,15] (10)   3044.87
[80,20]   [30,20,15] (15)   102.892
[80,20]   [30,20,15] (20)   104.018
[80,20]   [30,20,15] (25)   110.459
[80,20]   [30,20,15] (30)   118.727
[80,20]   [30,20,20] (0)   8060.81
[80,20]   [30,20,20] (5)   7986.35
[80,20]   [30,20,20] (10)   3671.17
[80,20]   [30,20,20] (15)   114.969
[80,20]   [30,20,20] (20)   116.933
[80,20]   [30,20,20] (25)   123.804
[80,20]   [30,20,20] (30)   131.922
[80,20]   [30,30,5] (0)   140.107
[80,20]   [30,30,5] (5)   141.376
[80,20]   [30,30,5] (10)   141.584
[80,20]   [30,30,5] (15)   131.309
[80,20]   [30,30,5] (20)   111.355
[80,20]   [30,30,5] (25)   108.173
[80,20]   [30,30,5] (30)   115.892
[80,20]   [30,30,10] (0)   139.258
[80,20]   [30,30,10] (5)   142.758
[80,20]   [30,30,10] (10)   139.427
[80,20]   [30,30,10] (15)   134.663
[80,20]   [30,30,10] (20)   122.28
[80,20]   [30,30,10] (25)   126.202
[80,20]   [30,30,10] (30)   133.643
[80,20]   [30,30,15] (0)   141.421
[80,20]   [30,30,15] (5)   139.596
[80,20]   [30,30,15] (10)   139.677
[80,20]   [30,30,15] (15)   131.404
[80,20]   [30,30,15] (20)   124.182
[80,20]   [30,30,15] (25)   129.832
[80,20]   [30,30,15] (30)   137.816
[80,20]   [30,30,20] (0)   140.747
[80,20]   [30,30,20] (5)   140.865
[80,20]   [30,30,20] (10)   142.149
[80,20]   [30,30,20] (15)   133.161
[80,20]   [30,30,20] (20)   130.926
[80,20]   [30,30,20] (25)   137.198
[80,20]   [30,30,20] (30)   145.145
[80,20]   [30,40,5] (0)   3750.01
[80,20]   [30,40,5] (5)   3725.26
[80,20]   [30,40,5] (10)   3924.44
[80,20]   [30,40,5] (15)   3814.76
[80,20]   [30,40,5] (20)   3809.2
[80,20]   [30,40,5] (25)   3864.97
[80,20]   [30,40,5] (30)   3475.15
[80,20]   [30,40,10] (0)   3789.28
[80,20]   [30,40,10] (5)   3810.65
[80,20]   [30,40,10] (10)   3897.75
[80,20]   [30,40,10] (15)   3956.27
[80,20]   [30,40,10] (20)   3683.54
[80,20]   [30,40,10] (25)   3805.2
[80,20]   [30,40,10] (30)   3929.14
[80,20]   [30,40,15] (0)   3894.99
[80,20]   [30,40,15] (5)   3850.33
[80,20]   [30,40,15] (10)   3763.77
[80,20]   [30,40,15] (15)   3864.93
[80,20]   [30,40,15] (20)   3768.52
[80,20]   [30,40,15] (25)   3815
[80,20]   [30,40,15] (30)   3792.52
[80,20]   [30,40,20] (0)   3795.74
[80,20]   [30,40,20] (5)   3712.09
[80,20]   [30,40,20] (10)   3880.5
[80,20]   [30,40,20] (15)   3847.99
[80,20]   [30,40,20] (20)   3682.69
[80,20]   [30,40,20] (25)   3796.74
[80,20]   [30,40,20] (30)   3784.79
[80,20]   [30,50,5] (0)   10843.2
[80,20]   [30,50,5] (5)   10949.6
[80,20]   [30,50,5] (10)   10870.9
[80,20]   [30,50,5] (15)   10867.6
[80,20]   [30,50,5] (20)   10838.3
[80,20]   [30,50,5] (25)   10866.7
[80,20]   [30,50,5] (30)   10935.8
[80,20]   [30,50,10] (0)   10919.5
[80,20]   [30,50,10] (5)   10829.2
[80,20]   [30,50,10] (10)   10942.2
[80,20]   [30,50,10] (15)   10826
[80,20]   [30,50,10] (20)   11042
[80,20]   [30,50,10] (25)   11041.4
[80,20]   [30,50,10] (30)   10904.8
[80,20]   [30,50,15] (0)   10780.6
[80,20]   [30,50,15] (5)   11015
[80,20]   [30,50,15] (10)   10851.8
[80,20]   [30,50,15] (15)   10845.4
[80,20]   [30,50,15] (20)   11063.6
[80,20]   [30,50,15] (25)   10900.5
[80,20]   [30,50,15] (30)   11035.9
[80,20]   [30,50,20] (0)   10932.1
[80,20]   [30,50,20] (5)   10834.1
[80,20]   [30,50,20] (10)   10943.7
[80,20]   [30,50,20] (15)   10876.9
[80,20]   [30,50,20] (20)   10916.7
[80,20]   [30,50,20] (25)   10931.7
[80,20]   [30,50,20] (30)   10836.4
[80,20]   [30,60,5] (0)   17800.4
[80,20]   [30,60,5] (5)   17733.2
[80,20]   [30,60,5] (10)   17619.1
[80,20]   [30,60,5] (15)   17679.3
[80,20]   [30,60,5] (20)   17689.4
[80,20]   [30,60,5] (25)   17843.1
[80,20]   [30,60,5] (30)   17740.3
[80,20]   [30,60,10] (0)   17700.9
[80,20]   [30,60,10] (5)   17701.3
[80,20]   [30,60,10] (10)   17702.3
[80,20]   [30,60,10] (15)   17652
[80,20]   [30,60,10] (20)   17745.4
[80,20]   [30,60,10] (25)   17691.7
[80,20]   [30,60,10] (30)   17483.8
[80,20]   [30,60,15] (0)   17633.3
[80,20]   [30,60,15] (5)   17611.8
[80,20]   [30,60,15] (10)   17657.2
[80,20]   [30,60,15] (15)   17700
[80,20]   [30,60,15] (20)   17591.6
[80,20]   [30,60,15] (25)   17670.2
[80,20]   [30,60,15] (30)   17619.7
[80,20]   [30,60,20] (0)   17474.2
[80,20]   [30,60,20] (5)   17669.2
[80,20]   [30,60,20] (10)   17709.5
[80,20]   [30,60,20] (15)   17802.4
[80,20]   [30,60,20] (20)   17755.3
[80,20]   [30,60,20] (25)   17660.6
[80,20]   [30,60,20] (30)   17671.4
[80,20]   [40,10,5] (0)   20445.5
[80,20]   [40,10,5] (5)   12023.7
[80,20]   [40,10,5] (10)   112.836
[80,20]   [40,10,5] (15)   70.1514
[80,20]   [40,10,5] (20)   72.5778
[80,20]   [40,10,5] (25)   77.5725
[80,20]   [40,10,5] (30)   84.5831
[80,20]   [40,10,10] (0)   20419.1
[80,20]   [40,10,10] (5)   12653.9
[80,20]   [40,10,10] (10)   3753.78
[80,20]   [40,10,10] (15)   91.6685
[80,20]   [40,10,10] (20)   88.3425
[80,20]   [40,10,10] (25)   91.1216
[80,20]   [40,10,10] (30)   96.3568
[80,20]   [40,10,15] (0)   20817.6
[80,20]   [40,10,15] (5)   8627.24
[80,20]   [40,10,15] (10)   1222.98
[80,20]   [40,10,15] (15)   97.2956
[80,20]   [40,10,15] (20)   97.4184
[80,20]   [40,10,15] (25)   101.754
[80,20]   [40,10,15] (30)   107.956
[80,20]   [40,10,20] (0)   20323.8
[80,20]   [40,10,20] (5)   8488.39
[80,20]   [40,10,20] (10)   111.38
[80,20]   [40,10,20] (15)   110.071
[80,20]   [40,10,20] (20)   112.122
[80,20]   [40,10,20] (25)   116.619
[80,20]   [40,10,20] (30)   122.722
[80,20]   [40,20,5] (0)   13762.4
[80,20]   [40,20,5] (5)   13775
[80,20]   [40,20,5] (10)   9599.48
[80,20]   [40,20,5] (15)   157.252
[80,20]   [40,20,5] (20)   87.3361
[80,20]   [40,20,5] (25)   82.8537
[80,20]   [40,20,5] (30)   90.5532
[80,20]   [40,20,10] (0)   13752.4
[80,20]   [40,20,10] (5)   13897.5
[80,20]   [40,20,10] (10)   10541.3
[80,20]   [40,20,10] (15)   1680.26
[80,20]   [40,20,10] (20)   106.536
[80,20]   [40,20,10] (25)   102.496
[80,20]   [40,20,10] (30)   106.187
[80,20]   [40,20,15] (0)   13752.7
[80,20]   [40,20,15] (5)   13691.4
[80,20]   [40,20,15] (10)   8540.79
[80,20]   [40,20,15] (15)   121.868
[80,20]   [40,20,15] (20)   110.973
[80,20]   [40,20,15] (25)   111.1
[80,20]   [40,20,15] (30)   116.5
[80,20]   [40,20,20] (0)   13946.5
[80,20]   [40,20,20] (5)   13740.2
[80,20]   [40,20,20] (10)   11131.5
[80,20]   [40,20,20] (15)   136.033
[80,20]   [40,20,20] (20)   127.333
[80,20]   [40,20,20] (25)   131.719
[80,20]   [40,20,20] (30)   138.124
[80,20]   [40,30,5] (0)   5250.44
[80,20]   [40,30,5] (5)   5195.04
[80,20]   [40,30,5] (10)   5147.32
[80,20]   [40,30,5] (15)   3992.11
[80,20]   [40,30,5] (20)   130.991
[80,20]   [40,30,5] (25)   102.85
[80,20]   [40,30,5] (30)   102.224
[80,20]   [40,30,10] (0)   5205.04
[80,20]   [40,30,10] (5)   5172.5
[80,20]   [40,30,10] (10)   5186.97
[80,20]   [40,30,10] (15)   4265.3
[80,20]   [40,30,10] (20)   143.611
[80,20]   [40,30,10] (25)   122.14
[80,20]   [40,30,10] (30)   123.253
[80,20]   [40,30,15] (0)   5264.61
[80,20]   [40,30,15] (5)   5174.04
[80,20]   [40,30,15] (10)   5206.64
[80,20]   [40,30,15] (15)   3255.23
[80,20]   [40,30,15] (20)   132.401
[80,20]   [40,30,15] (25)   127.015
[80,20]   [40,30,15] (30)   130.42
[80,20]   [40,30,20] (0)   5200.94
[80,20]   [40,30,20] (5)   5111.77
[80,20]   [40,30,20] (10)   5281.74
[80,20]   [40,30,20] (15)   3569.61
[80,20]   [40,30,20] (20)   142.67
[80,20]   [40,30,20] (25)   139.548
[80,20]   [40,30,20] (30)   144.863
[80,20]   [40,40,5] (0)   184.221
[80,20]   [40,40,5] (5)   183.606
[80,20]   [40,40,5] (10)   183.565
[80,20]   [40,40,5] (15)   182.973
[80,20]   [40,40,5] (20)   171.199
[80,20]   [40,40,5] (25)   150.632
[80,20]   [40,40,5] (30)   135.156
[80,20]   [40,40,10] (0)   184.793
[80,20]   [40,40,10] (5)   184.506
[80,20]   [40,40,10] (10)   182.755
[80,20]   [40,40,10] (15)   185.056
[80,20]   [40,40,10] (20)   177.21
[80,20]   [40,40,10] (25)   159.019
[80,20]   [40,40,10] (30)   154.469
[80,20]   [40,40,15] (0)   184.668
[80,20]   [40,40,15] (5)   184.892
[80,20]   [40,40,15] (10)   183.688
[80,20]   [40,40,15] (15)   184.571
[80,20]   [40,40,15] (20)   170.609
[80,20]   [40,40,15] (25)   155.59
[80,20]   [40,40,15] (30)   156.806
[80,20]   [40,40,20] (0)   183.903
[80,20]   [40,40,20] (5)   184.24
[80,20]   [40,40,20] (10)   184.377
[80,20]   [40,40,20] (15)   184.009
[80,20]   [40,40,20] (20)   181.774
[80,20]   [40,40,20] (25)   173.844
[80,20]   [40,40,20] (30)   177.44
[80,20]   [40,50,5] (0)   2754.23
[80,20]   [40,50,5] (5)   2591.95
[80,20]   [40,50,5] (10)   2728.54
[80,20]   [40,50,5] (15)   2602.62
[80,20]   [40,50,5] (20)   2590.97
[80,20]   [40,50,5] (25)   2694.99
[80,20]   [40,50,5] (30)   2680.33
[80,20]   [40,50,10] (0)   2520.6
[80,20]   [40,50,10] (5)   2549.59
[80,20]   [40,50,10] (10)   2627.55
[80,20]   [40,50,10] (15)   2441.83
[80,20]   [40,50,10] (20)   2578.25
[80,20]   [40,50,10] (25)   2586.86
[80,20]   [40,50,10] (30)   2590.27
[80,20]   [40,50,15] (0)   2485.72
[80,20]   [40,50,15] (5)   2618.08
[80,20]   [40,50,15] (10)   2590.73
[80,20]   [40,50,15] (15)   2652.77
[80,20]   [40,50,15] (20)   2747.89
[80,20]   [40,50,15] (25)   2578.53
[80,20]   [40,50,15] (30)   2529.26
[80,20]   [40,50,20] (0)   2600.29
[80,20]   [40,50,20] (5)   2664.33
[80,20]   [40,50,20] (10)   2546.1
[80,20]   [40,50,20] (15)   2541.79
[80,20]   [40,50,20] (20)   2645.12
[80,20]   [40,50,20] (25)   2652.53
[80,20]   [40,50,20] (30)   2608.44
[80,20]   [40,60,5] (0)   12517.6
[80,20]   [40,60,5] (5)   12609.8
[80,20]   [40,60,5] (10)   12844
[80,20]   [40,60,5] (15)   12500.6
[80,20]   [40,60,5] (20)   12511.7
[80,20]   [40,60,5] (25)   12638.3
[80,20]   [40,60,5] (30)   12629.4
[80,20]   [40,60,10] (0)   12719
[80,20]   [40,60,10] (5)   12572.9
[80,20]   [40,60,10] (10)   12575.3
[80,20]   [40,60,10] (15)   12726.6
[80,20]   [40,60,10] (20)   12549.8
[80,20]   [40,60,10] (25)   12748.6
[80,20]   [40,60,10] (30)   12530.9
[80,20]   [40,60,15] (0)   12644.6
[80,20]   [40,60,15] (5)   12763.5
[80,20]   [40,60,15] (10)   12719.6
[80,20]   [40,60,15] (15)   12634.5
[80,20]   [40,60,15] (20)   12552.5
[80,20]   [40,60,15] (25)   12725.6
[80,20]   [40,60,15] (30)   12599
[80,20]   [40,60,20] (0)   12594
[80,20]   [40,60,20] (5)   12626.4
[80,20]   [40,60,20] (10)   12729.1
[80,20]   [40,60,20] (15)   12459.5
[80,20]   [40,60,20] (20)   12623.2
[80,20]   [40,60,20] (25)   12535.7
[80,20]   [40,60,20] (30)   12584.8
[80,20]   [50,10,5] (0)   24863.8
[80,20]   [50,10,5] (5)   16211.1
[80,20]   [50,10,5] (10)   2942.31
[80,20]   [50,10,5] (15)   80.748
[80,20]   [50,10,5] (20)   78.2201
[80,20]   [50,10,5] (25)   84.0894
[80,20]   [50,10,5] (30)   88.6713
[80,20]   [50,10,10] (0)   25089.1
[80,20]   [50,10,10] (5)   17377.1
[80,20]   [50,10,10] (10)   7996.55
[80,20]   [50,10,10] (15)   1836.01
[80,20]   [50,10,10] (20)   99.7539
[80,20]   [50,10,10] (25)   98.6051
[80,20]   [50,10,10] (30)   101.32
[80,20]   [50,10,15] (0)   25266.7
[80,20]   [50,10,15] (5)   14127.5
[80,20]   [50,10,15] (10)   5737.14
[80,20]   [50,10,15] (15)   148.917
[80,20]   [50,10,15] (20)   107.136
[80,20]   [50,10,15] (25)   108.174
[80,20]   [50,10,15] (30)   109.765
[80,20]   [50,10,20] (0)   24529.3
[80,20]   [50,10,20] (5)   12958.4
[80,20]   [50,10,20] (10)   3785.46
[80,20]   [50,10,20] (15)   1658.34
[80,20]   [50,10,20] (20)   118.968
[80,20]   [50,10,20] (25)   122.217
[80,20]   [50,10,20] (30)   121.62
[80,20]   [50,20,5] (0)   17232.6
[80,20]   [50,20,5] (5)   17057.5
[80,20]   [50,20,5] (10)   14017
[80,20]   [50,20,5] (15)   3650.55
[80,20]   [50,20,5] (20)   100.041
[80,20]   [50,20,5] (25)   92.7537
[80,20]   [50,20,5] (30)   94.8363
[80,20]   [50,20,10] (0)   17294.2
[80,20]   [50,20,10] (5)   17199.8
[80,20]   [50,20,10] (10)   15021.1
[80,20]   [50,20,10] (15)   6422.24
[80,20]   [50,20,10] (20)   620.994
[80,20]   [50,20,10] (25)   110.272
[80,20]   [50,20,10] (30)   108.761
[80,20]   [50,20,15] (0)   17098.6
[80,20]   [50,20,15] (5)   17359.9
[80,20]   [50,20,15] (10)   13112.3
[80,20]   [50,20,15] (15)   3025.38
[80,20]   [50,20,15] (20)   132.518
[80,20]   [50,20,15] (25)   117.492
[80,20]   [50,20,15] (30)   116.634
[80,20]   [50,20,20] (0)   17163.3
[80,20]   [50,20,20] (5)   17262.6
[80,20]   [50,20,20] (10)   13704.9
[80,20]   [50,20,20] (15)   1298.39
[80,20]   [50,20,20] (20)   142.764
[80,20]   [50,20,20] (25)   134.679
[80,20]   [50,20,20] (30)   133.097
[80,20]   [50,30,5] (0)   10656.3
[80,20]   [50,30,5] (5)   10714.8
[80,20]   [50,30,5] (10)   10722.4
[80,20]   [50,30,5] (15)   9017.08
[80,20]   [50,30,5] (20)   1575.49
[80,20]   [50,30,5] (25)   111.294
[80,20]   [50,30,5] (30)   104.661
[80,20]   [50,30,10] (0)   10869.3
[80,20]   [50,30,10] (5)   10720.9
[80,20]   [50,30,10] (10)   10730.3
[80,20]   [50,30,10] (15)   9755.45
[80,20]   [50,30,10] (20)   3149.08
[80,20]   [50,30,10] (25)   135.61
[80,20]   [50,30,10] (30)   123.385
[80,20]   [50,30,15] (0)   10704.9
[80,20]   [50,30,15] (5)   10714.4
[80,20]   [50,30,15] (10)   10849.7
[80,20]   [50,30,15] (15)   8551.78
[80,20]   [50,30,15] (20)   517.212
[80,20]   [50,30,15] (25)   133.791
[80,20]   [50,30,15] (30)   129.118
[80,20]   [50,30,20] (0)   10789.8
[80,20]   [50,30,20] (5)   10680.4
[80,20]   [50,30,20] (10)   10744.7
[80,20]   [50,30,20] (15)   8984.02
[80,20]   [50,30,20] (20)   187.86
[80,20]   [50,30,20] (25)   141.399
[80,20]   [50,30,20] (30)   140.921
[80,20]   [50,40,5] (0)   5026.08
[80,20]   [50,40,5] (5)   4945.52
[80,20]   [50,40,5] (10)   4974.88
[80,20]   [50,40,5] (15)   4923.52
[80,20]   [50,40,5] (20)   4502.14
[80,20]   [50,40,5] (25)   526.545
[80,20]   [50,40,5] (30)   134.748
[80,20]   [50,40,10] (0)   4978.07
[80,20]   [50,40,10] (5)   4976.75
[80,20]   [50,40,10] (10)   4980.41
[80,20]   [50,40,10] (15)   4933.11
[80,20]   [50,40,10] (20)   4615.76
[80,20]   [50,40,10] (25)   1034.08
[80,20]   [50,40,10] (30)   148.735
[80,20]   [50,40,15] (0)   5048.88
[80,20]   [50,40,15] (5)   4949.44
[80,20]   [50,40,15] (10)   4957.72
[80,20]   [50,40,15] (15)   4956.31
[80,20]   [50,40,15] (20)   4076.2
[80,20]   [50,40,15] (25)   185.321
[80,20]   [50,40,15] (30)   150.49
[80,20]   [50,40,20] (0)   5029.53
[80,20]   [50,40,20] (5)   4999.09
[80,20]   [50,40,20] (10)   5008.09
[80,20]   [50,40,20] (15)   4920.69
[80,20]   [50,40,20] (20)   4434.42
[80,20]   [50,40,20] (25)   187.6
[80,20]   [50,40,20] (30)   160.896
[80,20]   [50,50,5] (0)   989.165
[80,20]   [50,50,5] (5)   978.134
[80,20]   [50,50,5] (10)   958.959
[80,20]   [50,50,5] (15)   927.91
[80,20]   [50,50,5] (20)   1003.24
[80,20]   [50,50,5] (25)   460.392
[80,20]   [50,50,5] (30)   171.294
[80,20]   [50,50,10] (0)   955.519
[80,20]   [50,50,10] (5)   984.716
[80,20]   [50,50,10] (10)   987.108
[80,20]   [50,50,10] (15)   962.569
[80,20]   [50,50,10] (20)   931.466
[80,20]   [50,50,10] (25)   488.293
[80,20]   [50,50,10] (30)   177.784
[80,20]   [50,50,15] (0)   1014.47
[80,20]   [50,50,15] (5)   1004.62
[80,20]   [50,50,15] (10)   1015.1
[80,20]   [50,50,15] (15)   1054.25
[80,20]   [50,50,15] (20)   961.791
[80,20]   [50,50,15] (25)   336.115
[80,20]   [50,50,15] (30)   170.959
[80,20]   [50,50,20] (0)   947.145
[80,20]   [50,50,20] (5)   991.66
[80,20]   [50,50,20] (10)   1052.72
[80,20]   [50,50,20] (15)   1015.68
[80,20]   [50,50,20] (20)   1039.28
[80,20]   [50,50,20] (25)   435.592
[80,20]   [50,50,20] (30)   177.238
[80,20]   [50,60,5] (0)   1366.11
[80,20]   [50,60,5] (5)   1589.5
[80,20]   [50,60,5] (10)   1350.88
[80,20]   [50,60,5] (15)   1624.99
[80,20]   [50,60,5] (20)   1460.03
[80,20]   [50,60,5] (25)   1289.53
[80,20]   [50,60,5] (30)   1538.88
[80,20]   [50,60,10] (0)   1461.88
[80,20]   [50,60,10] (5)   1406.42
[80,20]   [50,60,10] (10)   1519.96
[80,20]   [50,60,10] (15)   1439.61
[80,20]   [50,60,10] (20)   1436.72
[80,20]   [50,60,10] (25)   1450.69
[80,20]   [50,60,10] (30)   1406.66
[80,20]   [50,60,15] (0)   1369.25
[80,20]   [50,60,15] (5)   1534.67
[80,20]   [50,60,15] (10)   1536.8
[80,20]   [50,60,15] (15)   1514.84
[80,20]   [50,60,15] (20)   1466.84
[80,20]   [50,60,15] (25)   1591.98
[80,20]   [50,60,15] (30)   1460.33
[80,20]   [50,60,20] (0)   1517.12
[80,20]   [50,60,20] (5)   1515.09
[80,20]   [50,60,20] (10)   1421.7
[80,20]   [50,60,20] (15)   1483.17
[80,20]   [50,60,20] (20)   1424.63
[80,20]   [50,60,20] (25)   1415.54
[80,20]   [50,60,20] (30)   1553.75
[80,20]   [60,10,5] (0)   28777.7
[80,20]   [60,10,5] (5)   19944.2
[80,20]   [60,10,5] (10)   5669.41
[80,20]   [60,10,5] (15)   95.6961
[80,20]   [60,10,5] (20)   86.7382
[80,20]   [60,10,5] (25)   89.9095
[80,20]   [60,10,5] (30)   94.0615
[80,20]   [60,10,10] (0)   29431.1
[80,20]   [60,10,10] (5)   21310.7
[80,20]   [60,10,10] (10)   11538.8
[80,20]   [60,10,10] (15)   5105.95
[80,20]   [60,10,10] (20)   502.715
[80,20]   [60,10,10] (25)   107.738
[80,20]   [60,10,10] (30)   107.925
[80,20]   [60,10,15] (0)   28800
[80,20]   [60,10,15] (5)   17750.3
[80,20]   [60,10,15] (10)   9566.54
[80,20]   [60,10,15] (15)   2710.93
[80,20]   [60,10,15] (20)   124.43
[80,20]   [60,10,15] (25)   115
[80,20]   [60,10,15] (30)   116.52
[80,20]   [60,10,20] (0)   29473.5
[80,20]   [60,10,20] (5)   17567.3
[80,20]   [60,10,20] (10)   7843.66
[80,20]   [60,10,20] (15)   6119.2
[80,20]   [60,10,20] (20)   147.329
[80,20]   [60,10,20] (25)   129.997
[80,20]   [60,10,20] (30)   131.819
[80,20]   [60,20,5] (0)   24352.5
[80,20]   [60,20,5] (5)   24861.5
[80,20]   [60,20,5] (10)   18709.8
[80,20]   [60,20,5] (15)   6465.43
[80,20]   [60,20,5] (20)   129.181
[80,20]   [60,20,5] (25)   100.085
[80,20]   [60,20,5] (30)   100.504
[80,20]   [60,20,10] (0)   24359.2
[80,20]   [60,20,10] (5)   24328
[80,20]   [60,20,10] (10)   20861.8
[80,20]   [60,20,10] (15)   10268.9
[80,20]   [60,20,10] (20)   3647.49
[80,20]   [60,20,10] (25)   145.288
[80,20]   [60,20,10] (30)   117.498
[80,20]   [60,20,15] (0)   24526.9
[80,20]   [60,20,15] (5)   24335
[80,20]   [60,20,15] (10)   18366.4
[80,20]   [60,20,15] (15)   6812.1
[80,20]   [60,20,15] (20)   2116.95
[80,20]   [60,20,15] (25)   127.243
[80,20]   [60,20,15] (30)   123.695
[80,20]   [60,20,20] (0)   24769.9
[80,20]   [60,20,20] (5)   24323.1
[80,20]   [60,20,20] (10)   22199.5
[80,20]   [60,20,20] (15)   6260.83
[80,20]   [60,20,20] (20)   3848.81
[80,20]   [60,20,20] (25)   178.886
[80,20]   [60,20,20] (30)   147.201
[80,20]   [60,30,5] (0)   15299.6
[80,20]   [60,30,5] (5)   15085.3
[80,20]   [60,30,5] (10)   15152.8
[80,20]   [60,30,5] (15)   13437.7
[80,20]   [60,30,5] (20)   4895.3
[80,20]   [60,30,5] (25)   132.63
[80,20]   [60,30,5] (30)   112.751
[80,20]   [60,30,10] (0)   15098.8
[80,20]   [60,30,10] (5)   15079.8
[80,20]   [60,30,10] (10)   15112.7
[80,20]   [60,30,10] (15)   14035.8
[80,20]   [60,30,10] (20)   7353.31
[80,20]   [60,30,10] (25)   1472.99
[80,20]   [60,30,10] (30)   137.124
[80,20]   [60,30,15] (0)   15026.6
[80,20]   [60,30,15] (5)   15177
[80,20]   [60,30,15] (10)   15110.3
[80,20]   [60,30,15] (15)   12768.9
[80,20]   [60,30,15] (20)   4228.43
[80,20]   [60,30,15] (25)   180.128
[80,20]   [60,30,15] (30)   136.771
[80,20]   [60,30,20] (0)   15087
[80,20]   [60,30,20] (5)   15142.9
[80,20]   [60,30,20] (10)   15126.6
[80,20]   [60,30,20] (15)   13435.4
[80,20]   [60,30,20] (20)   3293.95
[80,20]   [60,30,20] (25)   171.186
[80,20]   [60,30,20] (30)   151.187
[80,20]   [60,40,5] (0)   12169.8
[80,20]   [60,40,5] (5)   12195.5
[80,20]   [60,40,5] (10)   12120.4
[80,20]   [60,40,5] (15)   12136.5
[80,20]   [60,40,5] (20)   8861.01
[80,20]   [60,40,5] (25)   4506.07
[80,20]   [60,40,5] (30)   153.874
[80,20]   [60,40,10] (0)   12151.2
[80,20]   [60,40,10] (5)   12147.3
[80,20]   [60,40,10] (10)   12067.2
[80,20]   [60,40,10] (15)   12143.6
[80,20]   [60,40,10] (20)   9777.73
[80,20]   [60,40,10] (25)   5488.88
[80,20]   [60,40,10] (30)   207.749
[80,20]   [60,40,15] (0)   12009.7
[80,20]   [60,40,15] (5)   12212.5
[80,20]   [60,40,15] (10)   12144.6
[80,20]   [60,40,15] (15)   11889.6
[80,20]   [60,40,15] (20)   9055.82
[80,20]   [60,40,15] (25)   3474.69
[80,20]   [60,40,15] (30)   164.661
[80,20]   [60,40,20] (0)   12089.2
[80,20]   [60,40,20] (5)   12108.7
[80,20]   [60,40,20] (10)   12090.8
[80,20]   [60,40,20] (15)   12148.9
[80,20]   [60,40,20] (20)   10107
[80,20]   [60,40,20] (25)   4086.17
[80,20]   [60,40,20] (30)   177.73
[80,20]   [60,50,5] (0)   5052.29
[80,20]   [60,50,5] (5)   5059.33
[80,20]   [60,50,5] (10)   4991.44
[80,20]   [60,50,5] (15)   5060.63
[80,20]   [60,50,5] (20)   4961.94
[80,20]   [60,50,5] (25)   4626.55
[80,20]   [60,50,5] (30)   1957.77
[80,20]   [60,50,10] (0)   4980.6
[80,20]   [60,50,10] (5)   5079.55
[80,20]   [60,50,10] (10)   5008.12
[80,20]   [60,50,10] (15)   5000.02
[80,20]   [60,50,10] (20)   4989.05
[80,20]   [60,50,10] (25)   4898.71
[80,20]   [60,50,10] (30)   2611.3
[80,20]   [60,50,15] (0)   4936.18
[80,20]   [60,50,15] (5)   5113.38
[80,20]   [60,50,15] (10)   4984.82
[80,20]   [60,50,15] (15)   5047.82
[80,20]   [60,50,15] (20)   4840.37
[80,20]   [60,50,15] (25)   4495.29
[80,20]   [60,50,15] (30)   1142.3
[80,20]   [60,50,20] (0)   5021.29
[80,20]   [60,50,20] (5)   4989.15
[80,20]   [60,50,20] (10)   5046.11
[80,20]   [60,50,20] (15)   5026.5
[80,20]   [60,50,20] (20)   4988.46
[80,20]   [60,50,20] (25)   4728.1
[80,20]   [60,50,20] (30)   942.204
[80,20]   [60,60,5] (0)   505.336
[80,20]   [60,60,5] (5)   533.155
[80,20]   [60,60,5] (10)   488.072
[80,20]   [60,60,5] (15)   452.691
[80,20]   [60,60,5] (20)   388.208
[80,20]   [60,60,5] (25)   503.734
[80,20]   [60,60,5] (30)   443.923
[80,20]   [60,60,10] (0)   438.172
[80,20]   [60,60,10] (5)   513.837
[80,20]   [60,60,10] (10)   532.097
[80,20]   [60,60,10] (15)   473.578
[80,20]   [60,60,10] (20)   470.742
[80,20]   [60,60,10] (25)   457.96
[80,20]   [60,60,10] (30)   488.263
[80,20]   [60,60,15] (0)   432.518
[80,20]   [60,60,15] (5)   495.268
[80,20]   [60,60,15] (10)   449.77
[80,20]   [60,60,15] (15)   430.206
[80,20]   [60,60,15] (20)   475.958
[80,20]   [60,60,15] (25)   564.163
[80,20]   [60,60,15] (30)   466.451
[80,20]   [60,60,20] (0)   444.634
[80,20]   [60,60,20] (5)   453.745
[80,20]   [60,60,20] (10)   511.312
[80,20]   [60,60,20] (15)   528.006
[80,20]   [60,60,20] (20)   518.006
[80,20]   [60,60,20] (25)   439.028
[80,20]   [60,60,20] (30)   377.219
