[10,20]   [10,10,5] (0)   6139.93
[10,20]   [10,10,5] (5)   2509.89
[10,20]   [10,10,5] (10)   1645.19
[10,20]   [10,10,5] (15)   1607.59
[10,20]   [10,10,5] (20)   1565.2
[10,20]   [10,10,5] (25)   1589.8
[10,20]   [10,10,5] (30)   1607.26
[10,20]   [10,10,10] (0)   6211.04
[10,20]   [10,10,10] (5)   6197.22
[10,20]   [10,10,10] (10)   6238
[10,20]   [10,10,10] (15)   6139.31
[10,20]   [10,10,10] (20)   6184.15
[10,20]   [10,10,10] (25)   6266.25
[10,20]   [10,10,10] (30)   6214.3
[10,20]   [10,10,15] (0)   6194.29
[10,20]   [10,10,15] (5)   3823.95
[10,20]   [10,10,15] (10)   3698.87
[10,20]   [10,10,15] (15)   3627.1
[10,20]   [10,10,15] (20)   3680.88
[10,20]   [10,10,15] (25)   3611.94
[10,20]   [10,10,15] (30)   3743.51
[10,20]   [10,10,20] (0)   6160.05
[10,20]   [10,10,20] (5)   6373.34
[10,20]   [10,10,20] (10)   6414.63
[10,20]   [10,10,20] (15)   6311.65
[10,20]   [10,10,20] (20)   6401.85
[10,20]   [10,10,20] (25)   6397.24
[10,20]   [10,10,20] (30)   6367.67
[10,20]   [10,20,5] (0)   18881
[10,20]   [10,20,5] (5)   18733.6
[10,20]   [10,20,5] (10)   18814.8
[10,20]   [10,20,5] (15)   18830.8
[10,20]   [10,20,5] (20)   18727.5
[10,20]   [10,20,5] (25)   9077.33
[10,20]   [10,20,5] (30)   10154.2
[10,20]   [10,20,10] (0)   18702.1
[10,20]   [10,20,10] (5)   18893.2
[10,20]   [10,20,10] (10)   18877.4
[10,20]   [10,20,10] (15)   18643.3
[10,20]   [10,20,10] (20)   18907.1
[10,20]   [10,20,10] (25)   14100.4
[10,20]   [10,20,10] (30)   10642.7
[10,20]   [10,20,15] (0)   18773.8
[10,20]   [10,20,15] (5)   18822
[10,20]   [10,20,15] (10)   18795.1
[10,20]   [10,20,15] (15)   18926.8
[10,20]   [10,20,15] (20)   18941.7
[10,20]   [10,20,15] (25)   11755.1
[10,20]   [10,20,15] (30)   8775.72
[10,20]   [10,20,20] (0)   18728.5
[10,20]   [10,20,20] (5)   18836.4
[10,20]   [10,20,20] (10)   18667.7
[10,20]   [10,20,20] (15)   18848.8
[10,20]   [10,20,20] (20)   18847.2
[10,20]   [10,20,20] (25)   15428.8
[10,20]   [10,20,20] (30)   10694.9
[10,20]   [10,30,5] (0)   19343.4
[10,20]   [10,30,5] (5)   19545.5
[10,20]   [10,30,5] (10)   19671.1
[10,20]   [10,30,5] (15)   19518.1
[10,20]   [10,30,5] (20)   19563.2
[10,20]   [10,30,5] (25)   19525.7
[10,20]   [10,30,5] (30)   17686
[10,20]   [10,30,10] (0)   19454.8
[10,20]   [10,30,10] (5)   19525.9
[10,20]   [10,30,10] (10)   19641.5
[10,20]   [10,30,10] (15)   19487.5
[10,20]   [10,30,10] (20)   19650.9
[10,20]   [10,30,10] (25)   19563.6
[10,20]   [10,30,10] (30)   19694.2
[10,20]   [10,30,15] (0)   19567
[10,20]   [10,30,15] (5)   19599.8
[10,20]   [10,30,15] (10)   19532.9
[10,20]   [10,30,15] (15)   19575.9
[10,20]   [10,30,15] (20)   19701.3
[10,20]   [10,30,15] (25)   17745.1
[10,20]   [10,30,15] (30)   13846.6
[10,20]   [10,30,20] (0)   19546.8
[10,20]   [10,30,20] (5)   19464.9
[10,20]   [10,30,20] (10)   19442.2
[10,20]   [10,30,20] (15)   19586.2
[10,20]   [10,30,20] (20)   19578.6
[10,20]   [10,30,20] (25)   19563
[10,20]   [10,30,20] (30)   19558.3
[10,20]   [10,40,5] (0)   23856.4
[10,20]   [10,40,5] (5)   24129
[10,20]   [10,40,5] (10)   24025.9
[10,20]   [10,40,5] (15)   24073.7
[10,20]   [10,40,5] (20)   23956.2
[10,20]   [10,40,5] (25)   23932.9
[10,20]   [10,40,5] (30)   23977.3
[10,20]   [10,40,10] (0)   24080.1
[10,20]   [10,40,10] (5)   23947
[10,20]   [10,40,10] (10)   23971.8
[10,20]   [10,40,10] (15)   24065.8
[10,20]   [10,40,10] (20)   23927.6
[10,20]   [10,40,10] (25)   24026.8
[10,20]   [10,40,10] (30)   24039.1
[10,20]   [10,40,15] (0)   23943.3
[10,20]   [10,40,15] (5)   23995.7
[10,20]   [10,40,15] (10)   24077
[10,20]   [10,40,15] (15)   23882.3
[10,20]   [10,40,15] (20)   24046.5
[10,20]   [10,40,15] (25)   24015.6
[10,20]   [10,40,15] (30)   23896.9
[10,20]   [10,40,20] (0)   23941.9
[10,20]   [10,40,20] (5)   24067.1
[10,20]   [10,40,20] (10)   24047.7
[10,20]   [10,40,20] (15)   24132.7
[10,20]   [10,40,20] (20)   24028.5
[10,20]   [10,40,20] (25)   23956.1
[10,20]   [10,40,20] (30)   24069.6
[10,20]   [10,50,5] (0)   32179.4
[10,20]   [10,50,5] (5)   32198.5
[10,20]   [10,50,5] (10)   32254.5
[10,20]   [10,50,5] (15)   32158.9
[10,20]   [10,50,5] (20)   32134.9
[10,20]   [10,50,5] (25)   32141.6
[10,20]   [10,50,5] (30)   32226.6
[10,20]   [10,50,10] (0)   32159.7
[10,20]   [10,50,10] (5)   32194.9
[10,20]   [10,50,10] (10)   32211.2
[10,20]   [10,50,10] (15)   32151.9
[10,20]   [10,50,10] (20)   32149.3
[10,20]   [10,50,10] (25)   32173.8
[10,20]   [10,50,10] (30)   32055.6
[10,20]   [10,50,15] (0)   32181
[10,20]   [10,50,15] (5)   32129.3
[10,20]   [10,50,15] (10)   32128
[10,20]   [10,50,15] (15)   32229.4
[10,20]   [10,50,15] (20)   32128.6
[10,20]   [10,50,15] (25)   32091.2
[10,20]   [10,50,15] (30)   32236.9
[10,20]   [10,50,20] (0)   32193.9
[10,20]   [10,50,20] (5)   32272.1
[10,20]   [10,50,20] (10)   32239.8
[10,20]   [10,50,20] (15)   32105.3
[10,20]   [10,50,20] (20)   32055.6
[10,20]   [10,50,20] (25)   32169.9
[10,20]   [10,50,20] (30)   32214
[10,20]   [10,60,5] (0)   29540.2
[10,20]   [10,60,5] (5)   29492.5
[10,20]   [10,60,5] (10)   29503.4
[10,20]   [10,60,5] (15)   29411.6
[10,20]   [10,60,5] (20)   29536.3
[10,20]   [10,60,5] (25)   29596.4
[10,20]   [10,60,5] (30)   29560
[10,20]   [10,60,10] (0)   29494.3
[10,20]   [10,60,10] (5)   29525
[10,20]   [10,60,10] (10)   29576
[10,20]   [10,60,10] (15)   29369.9
[10,20]   [10,60,10] (20)   29611.8
[10,20]   [10,60,10] (25)   29534.9
[10,20]   [10,60,10] (30)   29528.5
[10,20]   [10,60,15] (0)   29494
[10,20]   [10,60,15] (5)   29446.1
[10,20]   [10,60,15] (10)   29515.9
[10,20]   [10,60,15] (15)   29514.3
[10,20]   [10,60,15] (20)   29504.2
[10,20]   [10,60,15] (25)   29481
[10,20]   [10,60,15] (30)   29538.8
[10,20]   [10,60,20] (0)   29466.7
[10,20]   [10,60,20] (5)   29511.2
[10,20]   [10,60,20] (10)   29575.9
[10,20]   [10,60,20] (15)   29567.5
[10,20]   [10,60,20] (20)   29486.8
[10,20]   [10,60,20] (25)   29520.4
[10,20]   [10,60,20] (30)   29618.5
[10,20]   [20,10,5] (0)   7690.51
[10,20]   [20,10,5] (5)   3488.18
[10,20]   [20,10,5] (10)   1673.9
[10,20]   [20,10,5] (15)   975.009
[10,20]   [20,10,5] (20)   925.562
[10,20]   [20,10,5] (25)   878.362
[10,20]   [20,10,5] (30)   937.803
[10,20]   [20,10,10] (0)   7814.5
[10,20]   [20,10,10] (5)   6953.39
[10,20]   [20,10,10] (10)   6737.64
[10,20]   [20,10,10] (15)   6682.18
[10,20]   [20,10,10] (20)   6658.2
[10,20]   [20,10,10] (25)   6680.08
[10,20]   [20,10,10] (30)   6703.43
[10,20]   [20,10,15] (0)   7694.64
[10,20]   [20,10,15] (5)   4038.71
[10,20]   [20,10,15] (10)   3001.69
[10,20]   [20,10,15] (15)   3023.1
[10,20]   [20,10,15] (20)   3052.81
[10,20]   [20,10,15] (25)   3172.69
[10,20]   [20,10,15] (30)   3175.65
[10,20]   [20,10,20] (0)   7658.43
[10,20]   [20,10,20] (5)   7257.81
[10,20]   [20,10,20] (10)   7086.36
[10,20]   [20,10,20] (15)   7200.29
[10,20]   [20,10,20] (20)   7146.18
[10,20]   [20,10,20] (25)   7178.78
[10,20]   [20,10,20] (30)   7117.75
[10,20]   [20,20,5] (0)   7407.4
[10,20]   [20,20,5] (5)   7406.13
[10,20]   [20,20,5] (10)   4766.04
[10,20]   [20,20,5] (15)   2806.35
[10,20]   [20,20,5] (20)   2665.81
[10,20]   [20,20,5] (25)   2792.53
[10,20]   [20,20,5] (30)   2582.5
[10,20]   [20,20,10] (0)   7443.7
[10,20]   [20,20,10] (5)   7524.03
[10,20]   [20,20,10] (10)   7342.44
[10,20]   [20,20,10] (15)   7238.57
[10,20]   [20,20,10] (20)   7336.43
[10,20]   [20,20,10] (25)   7200.77
[10,20]   [20,20,10] (30)   7245.41
[10,20]   [20,20,15] (0)   7417.14
[10,20]   [20,20,15] (5)   7547.86
[10,20]   [20,20,15] (10)   5358.76
[10,20]   [20,20,15] (15)   4712.84
[10,20]   [20,20,15] (20)   4676.07
[10,20]   [20,20,15] (25)   4554.11
[10,20]   [20,20,15] (30)   4754.09
[10,20]   [20,20,20] (0)   7289
[10,20]   [20,20,20] (5)   7540.44
[10,20]   [20,20,20] (10)   7435.12
[10,20]   [20,20,20] (15)   7477.91
[10,20]   [20,20,20] (20)   7475.2
[10,20]   [20,20,20] (25)   7541.6
[10,20]   [20,20,20] (30)   7556.19
[10,20]   [20,30,5] (0)   10372.7
[10,20]   [20,30,5] (5)   10124.4
[10,20]   [20,30,5] (10)   10250.6
[10,20]   [20,30,5] (15)   10348.3
[10,20]   [20,30,5] (20)   10314.4
[10,20]   [20,30,5] (25)   10402
[10,20]   [20,30,5] (30)   9662.62
[10,20]   [20,30,10] (0)   10216.8
[10,20]   [20,30,10] (5)   10312.7
[10,20]   [20,30,10] (10)   10224.4
[10,20]   [20,30,10] (15)   10279.2
[10,20]   [20,30,10] (20)   10279.4
[10,20]   [20,30,10] (25)   10290.7
[10,20]   [20,30,10] (30)   10241.3
[10,20]   [20,30,15] (0)   10503
[10,20]   [20,30,15] (5)   10220.5
[10,20]   [20,30,15] (10)   10270.7
[10,20]   [20,30,15] (15)   10274.8
[10,20]   [20,30,15] (20)   10274.2
[10,20]   [20,30,15] (25)   10163
[10,20]   [20,30,15] (30)   10206.5
[10,20]   [20,30,20] (0)   10226.4
[10,20]   [20,30,20] (5)   10248
[10,20]   [20,30,20] (10)   10315.5
[10,20]   [20,30,20] (15)   10494
[10,20]   [20,30,20] (20)   10160.3
[10,20]   [20,30,20] (25)   10278.4
[10,20]   [20,30,20] (30)   10215.3
[10,20]   [20,40,5] (0)   14143.4
[10,20]   [20,40,5] (5)   13908.7
[10,20]   [20,40,5] (10)   14041.5
[10,20]   [20,40,5] (15)   13791
[10,20]   [20,40,5] (20)   13831.2
[10,20]   [20,40,5] (25)   14001.6
[10,20]   [20,40,5] (30)   13826.8
[10,20]   [20,40,10] (0)   14012
[10,20]   [20,40,10] (5)   14079.3
[10,20]   [20,40,10] (10)   14081.2
[10,20]   [20,40,10] (15)   13992.5
[10,20]   [20,40,10] (20)   14022.7
[10,20]   [20,40,10] (25)   13938.6
[10,20]   [20,40,10] (30)   13938.1
[10,20]   [20,40,15] (0)   13943.1
[10,20]   [20,40,15] (5)   14098.5
[10,20]   [20,40,15] (10)   14042.3
[10,20]   [20,40,15] (15)   13951.4
[10,20]   [20,40,15] (20)   14011.8
[10,20]   [20,40,15] (25)   14036
[10,20]   [20,40,15] (30)   14041.8
[10,20]   [20,40,20] (0)   13957.5
[10,20]   [20,40,20] (5)   13931.5
[10,20]   [20,40,20] (10)   14033.7
[10,20]   [20,40,20] (15)   13828.3
[10,20]   [20,40,20] (20)   14085.4
[10,20]   [20,40,20] (25)   13971.9
[10,20]   [20,40,20] (30)   13919.8
[10,20]   [20,50,5] (0)   19315.2
[10,20]   [20,50,5] (5)   19152
[10,20]   [20,50,5] (10)   19091.1
[10,20]   [20,50,5] (15)   19253.4
[10,20]   [20,50,5] (20)   19248.8
[10,20]   [20,50,5] (25)   19211.9
[10,20]   [20,50,5] (30)   19137
[10,20]   [20,50,10] (0)   19212.4
[10,20]   [20,50,10] (5)   19159.9
[10,20]   [20,50,10] (10)   19231.3
[10,20]   [20,50,10] (15)   19327.5
[10,20]   [20,50,10] (20)   19146.3
[10,20]   [20,50,10] (25)   19320.6
[10,20]   [20,50,10] (30)   19376.1
[10,20]   [20,50,15] (0)   19177.6
[10,20]   [20,50,15] (5)   19196.5
[10,20]   [20,50,15] (10)   19262.9
[10,20]   [20,50,15] (15)   19254.7
[10,20]   [20,50,15] (20)   19145.2
[10,20]   [20,50,15] (25)   19140.4
[10,20]   [20,50,15] (30)   19237.3
[10,20]   [20,50,20] (0)   19190.1
[10,20]   [20,50,20] (5)   19292.8
[10,20]   [20,50,20] (10)   19229.4
[10,20]   [20,50,20] (15)   19257.1
[10,20]   [20,50,20] (20)   19210.4
[10,20]   [20,50,20] (25)   19325.3
[10,20]   [20,50,20] (30)   19237.1
[10,20]   [20,60,5] (0)   22165
[10,20]   [20,60,5] (5)   22190.4
[10,20]   [20,60,5] (10)   22153.7
[10,20]   [20,60,5] (15)   22225.9
[10,20]   [20,60,5] (20)   22197.7
[10,20]   [20,60,5] (25)   22059.4
[10,20]   [20,60,5] (30)   22255.8
[10,20]   [20,60,10] (0)   22226.5
[10,20]   [20,60,10] (5)   22140.7
[10,20]   [20,60,10] (10)   22069.8
[10,20]   [20,60,10] (15)   22088.8
[10,20]   [20,60,10] (20)   21982.7
[10,20]   [20,60,10] (25)   22233.6
[10,20]   [20,60,10] (30)   22262.3
[10,20]   [20,60,15] (0)   22149.9
[10,20]   [20,60,15] (5)   22190.7
[10,20]   [20,60,15] (10)   22156.9
[10,20]   [20,60,15] (15)   22228.3
[10,20]   [20,60,15] (20)   22141.8
[10,20]   [20,60,15] (25)   22297.3
[10,20]   [20,60,15] (30)   22188.6
[10,20]   [20,60,20] (0)   22219.2
[10,20]   [20,60,20] (5)   21981.9
[10,20]   [20,60,20] (10)   22115.1
[10,20]   [20,60,20] (15)   22210.2
[10,20]   [20,60,20] (20)   22210
[10,20]   [20,60,20] (25)   22306.5
[10,20]   [20,60,20] (30)   22233.8
[10,20]   [30,10,5] (0)   13791.1
[10,20]   [30,10,5] (5)   5489.09
[10,20]   [30,10,5] (10)   2335.84
[10,20]   [30,10,5] (15)   1656.61
[10,20]   [30,10,5] (20)   1024.88
[10,20]   [30,10,5] (25)   854.69
[10,20]   [30,10,5] (30)   830.923
[10,20]   [30,10,10] (0)   14055.2
[10,20]   [30,10,10] (5)   8018.59
[10,20]   [30,10,10] (10)   7107.83
[10,20]   [30,10,10] (15)   6956.35
[10,20]   [30,10,10] (20)   6879.07
[10,20]   [30,10,10] (25)   6962.19
[10,20]   [30,10,10] (30)   6897.11
[10,20]   [30,10,15] (0)   13952.1
[10,20]   [30,10,15] (5)   5090.35
[10,20]   [30,10,15] (10)   4336.19
[10,20]   [30,10,15] (15)   3904.77
[10,20]   [30,10,15] (20)   4494.1
[10,20]   [30,10,15] (25)   4427.79
[10,20]   [30,10,15] (30)   4462.15
[10,20]   [30,10,20] (0)   14069.1
[10,20]   [30,10,20] (5)   7555.07
[10,20]   [30,10,20] (10)   6744.47
[10,20]   [30,10,20] (15)   8206.52
[10,20]   [30,10,20] (20)   7757.73
[10,20]   [30,10,20] (25)   7779.34
[10,20]   [30,10,20] (30)   7767.04
[10,20]   [30,20,5] (0)   7768.71
[10,20]   [30,20,5] (5)   7833.43
[10,20]   [30,20,5] (10)   5243.98
[10,20]   [30,20,5] (15)   3422.01
[10,20]   [30,20,5] (20)   2201.39
[10,20]   [30,20,5] (25)   1864.71
[10,20]   [30,20,5] (30)   1799.85
[10,20]   [30,20,10] (0)   7764.65
[10,20]   [30,20,10] (5)   7837.49
[10,20]   [30,20,10] (10)   7451.06
[10,20]   [30,20,10] (15)   7800.23
[10,20]   [30,20,10] (20)   7533.34
[10,20]   [30,20,10] (25)   7432.57
[10,20]   [30,20,10] (30)   7457.69
[10,20]   [30,20,15] (0)   7702.49
[10,20]   [30,20,15] (5)   7606.46
[10,20]   [30,20,15] (10)   5625.49
[10,20]   [30,20,15] (15)   4914.91
[10,20]   [30,20,15] (20)   4562.27
[10,20]   [30,20,15] (25)   4604.96
[10,20]   [30,20,15] (30)   4475.33
[10,20]   [30,20,20] (0)   7661.39
[10,20]   [30,20,20] (5)   7913.98
[10,20]   [30,20,20] (10)   7877.76
[10,20]   [30,20,20] (15)   7764.92
[10,20]   [30,20,20] (20)   7745.36
[10,20]   [30,20,20] (25)   7774.44
[10,20]   [30,20,20] (30)   7801.22
[10,20]   [30,30,5] (0)   9271.45
[10,20]   [30,30,5] (5)   9345.65
[10,20]   [30,30,5] (10)   8930.61
[10,20]   [30,30,5] (15)   6688.83
[10,20]   [30,30,5] (20)   4529.86
[10,20]   [30,30,5] (25)   3637.04
[10,20]   [30,30,5] (30)   3493.78
[10,20]   [30,30,10] (0)   9154.52
[10,20]   [30,30,10] (5)   9190.08
[10,20]   [30,30,10] (10)   9040.08
[10,20]   [30,30,10] (15)   8697.1
[10,20]   [30,30,10] (20)   8054.14
[10,20]   [30,30,10] (25)   7942.92
[10,20]   [30,30,10] (30)   7931.96
[10,20]   [30,30,15] (0)   9424.97
[10,20]   [30,30,15] (5)   9398.02
[10,20]   [30,30,15] (10)   9003.95
[10,20]   [30,30,15] (15)   7696.04
[10,20]   [30,30,15] (20)   6255.79
[10,20]   [30,30,15] (25)   5952.76
[10,20]   [30,30,15] (30)   5952.41
[10,20]   [30,30,20] (0)   9189.06
[10,20]   [30,30,20] (5)   9385.65
[10,20]   [30,30,20] (10)   9267.71
[10,20]   [30,30,20] (15)   8803.17
[10,20]   [30,30,20] (20)   8399.28
[10,20]   [30,30,20] (25)   8367.87
[10,20]   [30,30,20] (30)   8367.3
[10,20]   [30,40,5] (0)   9135.98
[10,20]   [30,40,5] (5)   9074.7
[10,20]   [30,40,5] (10)   9094.08
[10,20]   [30,40,5] (15)   9186.15
[10,20]   [30,40,5] (20)   9038.65
[10,20]   [30,40,5] (25)   9231.87
[10,20]   [30,40,5] (30)   9119.53
[10,20]   [30,40,10] (0)   9062.34
[10,20]   [30,40,10] (5)   9142.49
[10,20]   [30,40,10] (10)   9226.35
[10,20]   [30,40,10] (15)   9064.58
[10,20]   [30,40,10] (20)   9289.72
[10,20]   [30,40,10] (25)   9278.35
[10,20]   [30,40,10] (30)   9349.28
[10,20]   [30,40,15] (0)   9205.87
[10,20]   [30,40,15] (5)   8929.25
[10,20]   [30,40,15] (10)   8892.17
[10,20]   [30,40,15] (15)   8944.79
[10,20]   [30,40,15] (20)   9496.49
[10,20]   [30,40,15] (25)   8206.12
[10,20]   [30,40,15] (30)   9279.7
[10,20]   [30,40,20] (0)   9071.95
[10,20]   [30,40,20] (5)   9363.86
[10,20]   [30,40,20] (10)   9130.12
[10,20]   [30,40,20] (15)   9188.7
[10,20]   [30,40,20] (20)   9374.05
[10,20]   [30,40,20] (25)   8992.92
[10,20]   [30,40,20] (30)   9095.14
[10,20]   [30,50,5] (0)   13205.2
[10,20]   [30,50,5] (5)   13149.8
[10,20]   [30,50,5] (10)   13164.1
[10,20]   [30,50,5] (15)   13179
[10,20]   [30,50,5] (20)   13289.5
[10,20]   [30,50,5] (25)   13175
[10,20]   [30,50,5] (30)   13194.3
[10,20]   [30,50,10] (0)   13236
[10,20]   [30,50,10] (5)   13057.8
[10,20]   [30,50,10] (10)   13273.7
[10,20]   [30,50,10] (15)   13343.5
[10,20]   [30,50,10] (20)   13034.5
[10,20]   [30,50,10] (25)   13108.2
[10,20]   [30,50,10] (30)   13151.4
[10,20]   [30,50,15] (0)   13026.1
[10,20]   [30,50,15] (5)   13337.8
[10,20]   [30,50,15] (10)   13121
[10,20]   [30,50,15] (15)   13235.6
[10,20]   [30,50,15] (20)   13179.4
[10,20]   [30,50,15] (25)   13101.9
[10,20]   [30,50,15] (30)   13063.3
[10,20]   [30,50,20] (0)   13289.8
[10,20]   [30,50,20] (5)   13261.5
[10,20]   [30,50,20] (10)   13033.5
[10,20]   [30,50,20] (15)   13174.1
[10,20]   [30,50,20] (20)   13167.2
[10,20]   [30,50,20] (25)   13233.5
[10,20]   [30,50,20] (30)   13260.6
[10,20]   [30,60,5] (0)   18872.3
[10,20]   [30,60,5] (5)   19001.9
[10,20]   [30,60,5] (10)   18916.6
[10,20]   [30,60,5] (15)   18874.9
[10,20]   [30,60,5] (20)   18900.8
[10,20]   [30,60,5] (25)   18895.3
[10,20]   [30,60,5] (30)   18803.3
[10,20]   [30,60,10] (0)   18823.6
[10,20]   [30,60,10] (5)   18903.9
[10,20]   [30,60,10] (10)   18842.7
[10,20]   [30,60,10] (15)   18829.9
[10,20]   [30,60,10] (20)   18875.6
[10,20]   [30,60,10] (25)   18761.7
[10,20]   [30,60,10] (30)   18865.5
[10,20]   [30,60,15] (0)   18835.1
[10,20]   [30,60,15] (5)   18904.2
[10,20]   [30,60,15] (10)   18815.6
[10,20]   [30,60,15] (15)   18822.5
[10,20]   [30,60,15] (20)   18800.9
[10,20]   [30,60,15] (25)   18840
[10,20]   [30,60,15] (30)   18961.2
[10,20]   [30,60,20] (0)   18686.4
[10,20]   [30,60,20] (5)   18881.6
[10,20]   [30,60,20] (10)   18943.2
[10,20]   [30,60,20] (15)   18824.6
[10,20]   [30,60,20] (20)   18853.5
[10,20]   [30,60,20] (25)   18931.5
[10,20]   [30,60,20] (30)   18786.4
[10,20]   [40,10,5] (0)   17640.8
[10,20]   [40,10,5] (5)   8905.42
[10,20]   [40,10,5] (10)   3176.36
[10,20]   [40,10,5] (15)   2125.89
[10,20]   [40,10,5] (20)   1565.96
[10,20]   [40,10,5] (25)   1116.93
[10,20]   [40,10,5] (30)   888.712
[10,20]   [40,10,10] (0)   17524.4
[10,20]   [40,10,10] (5)   12135.2
[10,20]   [40,10,10] (10)   7277.5
[10,20]   [40,10,10] (15)   7255.57
[10,20]   [40,10,10] (20)   7126
[10,20]   [40,10,10] (25)   7041.33
[10,20]   [40,10,10] (30)   7014.07
[10,20]   [40,10,15] (0)   17782.1
[10,20]   [40,10,15] (5)   6373.58
[10,20]   [40,10,15] (10)   4951.08
[10,20]   [40,10,15] (15)   4594
[10,20]   [40,10,15] (20)   4929.65
[10,20]   [40,10,15] (25)   4679.62
[10,20]   [40,10,15] (30)   4658.97
[10,20]   [40,10,20] (0)   17676.5
[10,20]   [40,10,20] (5)   8004.99
[10,20]   [40,10,20] (10)   7696.67
[10,20]   [40,10,20] (15)   7626.37
[10,20]   [40,10,20] (20)   7592.82
[10,20]   [40,10,20] (25)   7592.84
[10,20]   [40,10,20] (30)   7820.79
[10,20]   [40,20,5] (0)   11489.2
[10,20]   [40,20,5] (5)   11588.9
[10,20]   [40,20,5] (10)   6980.18
[10,20]   [40,20,5] (15)   3741.37
[10,20]   [40,20,5] (20)   2665.59
[10,20]   [40,20,5] (25)   2028.31
[10,20]   [40,20,5] (30)   1681.94
[10,20]   [40,20,10] (0)   11441.4
[10,20]   [40,20,10] (5)   11618.1
[10,20]   [40,20,10] (10)   8582.83
[10,20]   [40,20,10] (15)   7699.52
[10,20]   [40,20,10] (20)   7416.56
[10,20]   [40,20,10] (25)   7353.18
[10,20]   [40,20,10] (30)   7381.5
[10,20]   [40,20,15] (0)   11641
[10,20]   [40,20,15] (5)   11499
[10,20]   [40,20,15] (10)   8489.27
[10,20]   [40,20,15] (15)   5862.63
[10,20]   [40,20,15] (20)   5088.53
[10,20]   [40,20,15] (25)   5639.3
[10,20]   [40,20,15] (30)   5819.6
[10,20]   [40,20,20] (0)   11408.3
[10,20]   [40,20,20] (5)   11518.8
[10,20]   [40,20,20] (10)   8627.99
[10,20]   [40,20,20] (15)   7887.55
[10,20]   [40,20,20] (20)   7965.95
[10,20]   [40,20,20] (25)   7883.72
[10,20]   [40,20,20] (30)   7813.4
[10,20]   [40,30,5] (0)   8085.65
[10,20]   [40,30,5] (5)   8156.94
[10,20]   [40,30,5] (10)   8055.76
[10,20]   [40,30,5] (15)   6259.38
[10,20]   [40,30,5] (20)   4625.61
[10,20]   [40,30,5] (25)   3316.38
[10,20]   [40,30,5] (30)   2772.11
[10,20]   [40,30,10] (0)   8189.33
[10,20]   [40,30,10] (5)   8260.46
[10,20]   [40,30,10] (10)   8164.3
[10,20]   [40,30,10] (15)   8182.94
[10,20]   [40,30,10] (20)   7866.9
[10,20]   [40,30,10] (25)   7601.2
[10,20]   [40,30,10] (30)   7582.78
[10,20]   [40,30,15] (0)   8261.54
[10,20]   [40,30,15] (5)   8275.73
[10,20]   [40,30,15] (10)   7279.96
[10,20]   [40,30,15] (15)   6684.16
[10,20]   [40,30,15] (20)   5746.78
[10,20]   [40,30,15] (25)   5388.08
[10,20]   [40,30,15] (30)   5295.62
[10,20]   [40,30,20] (0)   8285.91
[10,20]   [40,30,20] (5)   8195.14
[10,20]   [40,30,20] (10)   8116.88
[10,20]   [40,30,20] (15)   8022.31
[10,20]   [40,30,20] (20)   7606.5
[10,20]   [40,30,20] (25)   7715.08
[10,20]   [40,30,20] (30)   8171.37
[10,20]   [40,40,5] (0)   8214.66
[10,20]   [40,40,5] (5)   8353.22
[10,20]   [40,40,5] (10)   8239.36
[10,20]   [40,40,5] (15)   8280.93
[10,20]   [40,40,5] (20)   6931.2
[10,20]   [40,40,5] (25)   5378.68
[10,20]   [40,40,5] (30)   4210.76
[10,20]   [40,40,10] (0)   8336.8
[10,20]   [40,40,10] (5)   8383.62
[10,20]   [40,40,10] (10)   8336.52
[10,20]   [40,40,10] (15)   8462.73
[10,20]   [40,40,10] (20)   8291.33
[10,20]   [40,40,10] (25)   8048.67
[10,20]   [40,40,10] (30)   8016.48
[10,20]   [40,40,15] (0)   8213.43
[10,20]   [40,40,15] (5)   8245.86
[10,20]   [40,40,15] (10)   8276.7
[10,20]   [40,40,15] (15)   7899.51
[10,20]   [40,40,15] (20)   7129.86
[10,20]   [40,40,15] (25)   6358.98
[10,20]   [40,40,15] (30)   6072.23
[10,20]   [40,40,20] (0)   8375.98
[10,20]   [40,40,20] (5)   8218.83
[10,20]   [40,40,20] (10)   8249.33
[10,20]   [40,40,20] (15)   8219.61
[10,20]   [40,40,20] (20)   8329.4
[10,20]   [40,40,20] (25)   8152.05
[10,20]   [40,40,20] (30)   8318.55
[10,20]   [40,50,5] (0)   9374.95
[10,20]   [40,50,5] (5)   10331.2
[10,20]   [40,50,5] (10)   10184
[10,20]   [40,50,5] (15)   10403.2
[10,20]   [40,50,5] (20)   10284.3
[10,20]   [40,50,5] (25)   10155.6
[10,20]   [40,50,5] (30)   10266.7
[10,20]   [40,50,10] (0)   10219
[10,20]   [40,50,10] (5)   10178.4
[10,20]   [40,50,10] (10)   10456.8
[10,20]   [40,50,10] (15)   10167
[10,20]   [40,50,10] (20)   10427.5
[10,20]   [40,50,10] (25)   10119.5
[10,20]   [40,50,10] (30)   10282.1
[10,20]   [40,50,15] (0)   10156.7
[10,20]   [40,50,15] (5)   10045.9
[10,20]   [40,50,15] (10)   10192.4
[10,20]   [40,50,15] (15)   10121.6
[10,20]   [40,50,15] (20)   10318.8
[10,20]   [40,50,15] (25)   10111.3
[10,20]   [40,50,15] (30)   10277.5
[10,20]   [40,50,20] (0)   10179.3
[10,20]   [40,50,20] (5)   10430.2
[10,20]   [40,50,20] (10)   9081.11
[10,20]   [40,50,20] (15)   10245.8
[10,20]   [40,50,20] (20)   10412.5
[10,20]   [40,50,20] (25)   10151.2
[10,20]   [40,50,20] (30)   10156.5
[10,20]   [40,60,5] (0)   11814.2
[10,20]   [40,60,5] (5)   12027.1
[10,20]   [40,60,5] (10)   11912.6
[10,20]   [40,60,5] (15)   11801.8
[10,20]   [40,60,5] (20)   11652.1
[10,20]   [40,60,5] (25)   11861.4
[10,20]   [40,60,5] (30)   11859.9
[10,20]   [40,60,10] (0)   11855.7
[10,20]   [40,60,10] (5)   11865.4
[10,20]   [40,60,10] (10)   11744.8
[10,20]   [40,60,10] (15)   11769.6
[10,20]   [40,60,10] (20)   11947.2
[10,20]   [40,60,10] (25)   11939
[10,20]   [40,60,10] (30)   11860.6
[10,20]   [40,60,15] (0)   11790
[10,20]   [40,60,15] (5)   11815.4
[10,20]   [40,60,15] (10)   11751.9
[10,20]   [40,60,15] (15)   11545.2
[10,20]   [40,60,15] (20)   11824.1
[10,20]   [40,60,15] (25)   11641.3
[10,20]   [40,60,15] (30)   11798.4
[10,20]   [40,60,20] (0)   11882.7
[10,20]   [40,60,20] (5)   11766.1
[10,20]   [40,60,20] (10)   11805.7
[10,20]   [40,60,20] (15)   11636.2
[10,20]   [40,60,20] (20)   12039.5
[10,20]   [40,60,20] (25)   11810.4
[10,20]   [40,60,20] (30)   11855.4
[10,20]   [50,10,5] (0)   18767.8
[10,20]   [50,10,5] (5)   12911.5
[10,20]   [50,10,5] (10)   3611.73
[10,20]   [50,10,5] (15)   2616.13
[10,20]   [50,10,5] (20)   1934.18
[10,20]   [50,10,5] (25)   1465.17
[10,20]   [50,10,5] (30)   1217.42
[10,20]   [50,10,10] (0)   19371.1
[10,20]   [50,10,10] (5)   14978.4
[10,20]   [50,10,10] (10)   7638.34
[10,20]   [50,10,10] (15)   7454.99
[10,20]   [50,10,10] (20)   7311.04
[10,20]   [50,10,10] (25)   7244.2
[10,20]   [50,10,10] (30)   7082.43
[10,20]   [50,10,15] (0)   19103.1
[10,20]   [50,10,15] (5)   8728.39
[10,20]   [50,10,15] (10)   4704.53
[10,20]   [50,10,15] (15)   4263.08
[10,20]   [50,10,15] (20)   4610.95
[10,20]   [50,10,15] (25)   4184.77
[10,20]   [50,10,15] (30)   4032.81
[10,20]   [50,10,20] (0)   18762.5
[10,20]   [50,10,20] (5)   11359.7
[10,20]   [50,10,20] (10)   7774.59
[10,20]   [50,10,20] (15)   7787.42
[10,20]   [50,10,20] (20)   7788.32
[10,20]   [50,10,20] (25)   7794.39
[10,20]   [50,10,20] (30)   7726.58
[10,20]   [50,20,5] (0)   13037.2
[10,20]   [50,20,5] (5)   13060.4
[10,20]   [50,20,5] (10)   8816.33
[10,20]   [50,20,5] (15)   4159.81
[10,20]   [50,20,5] (20)   3163.26
[10,20]   [50,20,5] (25)   2426.06
[10,20]   [50,20,5] (30)   1902.53
[10,20]   [50,20,10] (0)   13015.8
[10,20]   [50,20,10] (5)   13015.5
[10,20]   [50,20,10] (10)   10636.9
[10,20]   [50,20,10] (15)   7772.04
[10,20]   [50,20,10] (20)   7775.28
[10,20]   [50,20,10] (25)   7496.47
[10,20]   [50,20,10] (30)   7197.64
[10,20]   [50,20,15] (0)   13089.9
[10,20]   [50,20,15] (5)   13192.2
[10,20]   [50,20,15] (10)   7349.23
[10,20]   [50,20,15] (15)   5742.95
[10,20]   [50,20,15] (20)   5126.17
[10,20]   [50,20,15] (25)   5296.09
[10,20]   [50,20,15] (30)   5204.83
[10,20]   [50,20,20] (0)   13077
[10,20]   [50,20,20] (5)   13186.8
[10,20]   [50,20,20] (10)   8817.85
[10,20]   [50,20,20] (15)   7911.79
[10,20]   [50,20,20] (20)   7985.59
[10,20]   [50,20,20] (25)   7946.53
[10,20]   [50,20,20] (30)   7878.9
[10,20]   [50,30,5] (0)   8264.78
[10,20]   [50,30,5] (5)   8176.13
[10,20]   [50,30,5] (10)   7468.55
[10,20]   [50,30,5] (15)   6625.88
[10,20]   [50,30,5] (20)   5007.08
[10,20]   [50,30,5] (25)   3655.7
[10,20]   [50,30,5] (30)   3001.57
[10,20]   [50,30,10] (0)   8284.14
[10,20]   [50,30,10] (5)   8252.56
[10,20]   [50,30,10] (10)   8126.16
[10,20]   [50,30,10] (15)   8133.48
[10,20]   [50,30,10] (20)   7978.91
[10,20]   [50,30,10] (25)   7989.2
[10,20]   [50,30,10] (30)   7574.5
[10,20]   [50,30,15] (0)   8322.12
[10,20]   [50,30,15] (5)   8359.47
[10,20]   [50,30,15] (10)   7705.42
[10,20]   [50,30,15] (15)   6753.81
[10,20]   [50,30,15] (20)   5991.3
[10,20]   [50,30,15] (25)   5644.88
[10,20]   [50,30,15] (30)   5462.06
[10,20]   [50,30,20] (0)   8381.99
[10,20]   [50,30,20] (5)   8255.22
[10,20]   [50,30,20] (10)   8398.38
[10,20]   [50,30,20] (15)   8317.91
[10,20]   [50,30,20] (20)   8187.77
[10,20]   [50,30,20] (25)   8105.8
[10,20]   [50,30,20] (30)   7994.67
[10,20]   [50,40,5] (0)   8046.8
[10,20]   [50,40,5] (5)   7945.94
[10,20]   [50,40,5] (10)   8085.48
[10,20]   [50,40,5] (15)   7733.28
[10,20]   [50,40,5] (20)   6821.05
[10,20]   [50,40,5] (25)   5567.52
[10,20]   [50,40,5] (30)   4454.68
[10,20]   [50,40,10] (0)   7975.87
[10,20]   [50,40,10] (5)   7941.32
[10,20]   [50,40,10] (10)   8047.17
[10,20]   [50,40,10] (15)   7959.8
[10,20]   [50,40,10] (20)   8381.35
[10,20]   [50,40,10] (25)   8215.7
[10,20]   [50,40,10] (30)   8059.43
[10,20]   [50,40,15] (0)   8158.32
[10,20]   [50,40,15] (5)   8101.66
[10,20]   [50,40,15] (10)   7902.73
[10,20]   [50,40,15] (15)   7727.16
[10,20]   [50,40,15] (20)   7247.96
[10,20]   [50,40,15] (25)   6127.19
[10,20]   [50,40,15] (30)   5696.99
[10,20]   [50,40,20] (0)   8026.83
[10,20]   [50,40,20] (5)   7954.73
[10,20]   [50,40,20] (10)   7928.83
[10,20]   [50,40,20] (15)   8030.77
[10,20]   [50,40,20] (20)   8402.98
[10,20]   [50,40,20] (25)   8273.74
[10,20]   [50,40,20] (30)   8289.53
[10,20]   [50,50,5] (0)   8418.61
[10,20]   [50,50,5] (5)   8650.76
[10,20]   [50,50,5] (10)   8532.86
[10,20]   [50,50,5] (15)   8614.12
[10,20]   [50,50,5] (20)   8270.99
[10,20]   [50,50,5] (25)   7408
[10,20]   [50,50,5] (30)   6321.62
[10,20]   [50,50,10] (0)   8623.37
[10,20]   [50,50,10] (5)   8389.31
[10,20]   [50,50,10] (10)   8529.51
[10,20]   [50,50,10] (15)   8464.54
[10,20]   [50,50,10] (20)   8557.82
[10,20]   [50,50,10] (25)   8525.35
[10,20]   [50,50,10] (30)   8374.23
[10,20]   [50,50,15] (0)   8448.13
[10,20]   [50,50,15] (5)   8520.17
[10,20]   [50,50,15] (10)   8527.24
[10,20]   [50,50,15] (15)   8637.32
[10,20]   [50,50,15] (20)   8173.08
[10,20]   [50,50,15] (25)   7533.93
[10,20]   [50,50,15] (30)   7005.09
[10,20]   [50,50,20] (0)   8441.85
[10,20]   [50,50,20] (5)   8443.22
[10,20]   [50,50,20] (10)   8649.27
[10,20]   [50,50,20] (15)   8507.9
[10,20]   [50,50,20] (20)   8501.79
[10,20]   [50,50,20] (25)   8432.46
[10,20]   [50,50,20] (30)   8431.41
[10,20]   [50,60,5] (0)   8903.58
[10,20]   [50,60,5] (5)   8902.25
[10,20]   [50,60,5] (10)   8875.67
[10,20]   [50,60,5] (15)   8816.2
[10,20]   [50,60,5] (20)   7927.66
[10,20]   [50,60,5] (25)   8400.31
[10,20]   [50,60,5] (30)   8084.47
[10,20]   [50,60,10] (0)   8717.96
[10,20]   [50,60,10] (5)   8956.34
[10,20]   [50,60,10] (10)   9070.35
[10,20]   [50,60,10] (15)   8978.51
[10,20]   [50,60,10] (20)   8776.55
[10,20]   [50,60,10] (25)   8973.45
[10,20]   [50,60,10] (30)   8962.49
[10,20]   [50,60,15] (0)   8893.93
[10,20]   [50,60,15] (5)   8831.19
[10,20]   [50,60,15] (10)   9134.44
[10,20]   [50,60,15] (15)   8795.67
[10,20]   [50,60,15] (20)   8005.96
[10,20]   [50,60,15] (25)   8743.77
[10,20]   [50,60,15] (30)   8204.73
[10,20]   [50,60,20] (0)   8813.41
[10,20]   [50,60,20] (5)   8846.51
[10,20]   [50,60,20] (10)   8918.23
[10,20]   [50,60,20] (15)   7472.58
[10,20]   [50,60,20] (20)   8010.39
[10,20]   [50,60,20] (25)   8603.9
[10,20]   [50,60,20] (30)   9078.39
[10,20]   [60,10,5] (0)   22407.7
[10,20]   [60,10,5] (5)   14937.2
[10,20]   [60,10,5] (10)   4082.47
[10,20]   [60,10,5] (15)   2994.81
[10,20]   [60,10,5] (20)   2339.84
[10,20]   [60,10,5] (25)   1827.04
[10,20]   [60,10,5] (30)   1549.14
[10,20]   [60,10,10] (0)   22411.7
[10,20]   [60,10,10] (5)   17510.7
[10,20]   [60,10,10] (10)   10229.9
[10,20]   [60,10,10] (15)   7585.04
[10,20]   [60,10,10] (20)   7476.22
[10,20]   [60,10,10] (25)   7445.87
[10,20]   [60,10,10] (30)   7181.04
[10,20]   [60,10,15] (0)   22480.6
[10,20]   [60,10,15] (5)   12364
[10,20]   [60,10,15] (10)   5869.13
[10,20]   [60,10,15] (15)   5149.79
[10,20]   [60,10,15] (20)   5375.26
[10,20]   [60,10,15] (25)   5211.5
[10,20]   [60,10,15] (30)   4961.76
[10,20]   [60,10,20] (0)   22357.4
[10,20]   [60,10,20] (5)   14169.8
[10,20]   [60,10,20] (10)   7301.61
[10,20]   [60,10,20] (15)   8374.76
[10,20]   [60,10,20] (20)   7962.43
[10,20]   [60,10,20] (25)   7845.29
[10,20]   [60,10,20] (30)   7857.69
[10,20]   [60,20,5] (0)   15465.8
[10,20]   [60,20,5] (5)   15610.5
[10,20]   [60,20,5] (10)   11543.4
[10,20]   [60,20,5] (15)   4840.67
[10,20]   [60,20,5] (20)   3442.85
[10,20]   [60,20,5] (25)   2784.72
[10,20]   [60,20,5] (30)   2201.5
[10,20]   [60,20,10] (0)   15481.2
[10,20]   [60,20,10] (5)   15564.8
[10,20]   [60,20,10] (10)   13229.9
[10,20]   [60,20,10] (15)   8299.78
[10,20]   [60,20,10] (20)   7784.86
[10,20]   [60,20,10] (25)   7599.95
[10,20]   [60,20,10] (30)   7475.76
[10,20]   [60,20,15] (0)   15477.9
[10,20]   [60,20,15] (5)   15662.6
[10,20]   [60,20,15] (10)   10026
[10,20]   [60,20,15] (15)   5998.4
[10,20]   [60,20,15] (20)   5298.38
[10,20]   [60,20,15] (25)   5682.12
[10,20]   [60,20,15] (30)   5403.79
[10,20]   [60,20,20] (0)   15544.2
[10,20]   [60,20,20] (5)   15727.9
[10,20]   [60,20,20] (10)   12053.2
[10,20]   [60,20,20] (15)   8184.74
[10,20]   [60,20,20] (20)   8083.81
[10,20]   [60,20,20] (25)   8122.71
[10,20]   [60,20,20] (30)   8033.29
[10,20]   [60,30,5] (0)   11601.9
[10,20]   [60,30,5] (5)   11482.9
[10,20]   [60,30,5] (10)   11413.9
[10,20]   [60,30,5] (15)   8621.7
[10,20]   [60,30,5] (20)   5316.4
[10,20]   [60,30,5] (25)   4023.66
[10,20]   [60,30,5] (30)   3196.09
[10,20]   [60,30,10] (0)   11494.3
[10,20]   [60,30,10] (5)   11538.7
[10,20]   [60,30,10] (10)   11568.3
[10,20]   [60,30,10] (15)   10109.3
[10,20]   [60,30,10] (20)   8295.03
[10,20]   [60,30,10] (25)   7949.36
[10,20]   [60,30,10] (30)   7592.86
[10,20]   [60,30,15] (0)   11577
[10,20]   [60,30,15] (5)   11567
[10,20]   [60,30,15] (10)   11279.2
[10,20]   [60,30,15] (15)   8706.2
[10,20]   [60,30,15] (20)   6837.07
[10,20]   [60,30,15] (25)   5889.76
[10,20]   [60,30,15] (30)   5890.82
[10,20]   [60,30,20] (0)   11521
[10,20]   [60,30,20] (5)   11625.3
[10,20]   [60,30,20] (10)   11635
[10,20]   [60,30,20] (15)   9396
[10,20]   [60,30,20] (20)   8345.44
[10,20]   [60,30,20] (25)   8186.16
[10,20]   [60,30,20] (30)   8214.54
[10,20]   [60,40,5] (0)   8541.41
[10,20]   [60,40,5] (5)   8457.4
[10,20]   [60,40,5] (10)   8515.88
[10,20]   [60,40,5] (15)   8118.39
[10,20]   [60,40,5] (20)   7380.64
[10,20]   [60,40,5] (25)   5924.2
[10,20]   [60,40,5] (30)   4690.11
[10,20]   [60,40,10] (0)   8433.98
[10,20]   [60,40,10] (5)   8368.55
[10,20]   [60,40,10] (10)   8439.62
[10,20]   [60,40,10] (15)   8513.99
[10,20]   [60,40,10] (20)   8425.77
[10,20]   [60,40,10] (25)   8230.83
[10,20]   [60,40,10] (30)   8126.37
[10,20]   [60,40,15] (0)   8508.96
[10,20]   [60,40,15] (5)   8467.25
[10,20]   [60,40,15] (10)   8473.29
[10,20]   [60,40,15] (15)   8143.21
[10,20]   [60,40,15] (20)   7381.19
[10,20]   [60,40,15] (25)   6582.04
[10,20]   [60,40,15] (30)   6234.97
[10,20]   [60,40,20] (0)   8462.03
[10,20]   [60,40,20] (5)   8364.02
[10,20]   [60,40,20] (10)   8397.61
[10,20]   [60,40,20] (15)   8549.5
[10,20]   [60,40,20] (20)   8452.86
[10,20]   [60,40,20] (25)   8394.06
[10,20]   [60,40,20] (30)   8485.56
[10,20]   [60,50,5] (0)   8580.89
[10,20]   [60,50,5] (5)   8463.66
[10,20]   [60,50,5] (10)   8612.08
[10,20]   [60,50,5] (15)   8427.12
[10,20]   [60,50,5] (20)   8453.39
[10,20]   [60,50,5] (25)   7395.07
[10,20]   [60,50,5] (30)   6405.23
[10,20]   [60,50,10] (0)   8506.97
[10,20]   [60,50,10] (5)   8543.6
[10,20]   [60,50,10] (10)   8576.38
[10,20]   [60,50,10] (15)   8548.74
[10,20]   [60,50,10] (20)   8542.28
[10,20]   [60,50,10] (25)   8463.61
[10,20]   [60,50,10] (30)   8343.65
[10,20]   [60,50,15] (0)   8575.43
[10,20]   [60,50,15] (5)   8519.59
[10,20]   [60,50,15] (10)   8499.89
[10,20]   [60,50,15] (15)   8560.17
[10,20]   [60,50,15] (20)   8274.13
[10,20]   [60,50,15] (25)   7618.77
[10,20]   [60,50,15] (30)   7025.02
[10,20]   [60,50,20] (0)   8542.55
[10,20]   [60,50,20] (5)   8467.59
[10,20]   [60,50,20] (10)   8515.36
[10,20]   [60,50,20] (15)   8526.61
[10,20]   [60,50,20] (20)   8543.56
[10,20]   [60,50,20] (25)   8476.7
[10,20]   [60,50,20] (30)   8431.42
[10,20]   [60,60,5] (0)   9369.84
[10,20]   [60,60,5] (5)   9300.01
[10,20]   [60,60,5] (10)   9310.9
[10,20]   [60,60,5] (15)   9196.22
[10,20]   [60,60,5] (20)   9451.26
[10,20]   [60,60,5] (25)   9013.95
[10,20]   [60,60,5] (30)   8460.4
[10,20]   [60,60,10] (0)   9250.19
[10,20]   [60,60,10] (5)   9379.72
[10,20]   [60,60,10] (10)   9251.95
[10,20]   [60,60,10] (15)   9435.96
[10,20]   [60,60,10] (20)   9342.8
[10,20]   [60,60,10] (25)   9330.71
[10,20]   [60,60,10] (30)   9002.55
[10,20]   [60,60,15] (0)   9316.44
[10,20]   [60,60,15] (5)   9389.6
[10,20]   [60,60,15] (10)   9254.42
[10,20]   [60,60,15] (15)   9290.02
[10,20]   [60,60,15] (20)   9271.4
[10,20]   [60,60,15] (25)   8981.31
[10,20]   [60,60,15] (30)   8356.26
[10,20]   [60,60,20] (0)   9249.64
[10,20]   [60,60,20] (5)   9300.04
[10,20]   [60,60,20] (10)   9375.05
[10,20]   [60,60,20] (15)   9320.39
[10,20]   [60,60,20] (20)   9375.05
[10,20]   [60,60,20] (25)   9351.74
[10,20]   [60,60,20] (30)   8929.44
