[50,40]   [10,10,5] (0)   90.4625
[50,40]   [10,10,5] (5)   66.4741
[50,40]   [10,10,5] (10)   65.3327
[50,40]   [10,10,5] (15)   75.2254
[50,40]   [10,10,5] (20)   85.4117
[50,40]   [10,10,5] (25)   95.5051
[50,40]   [10,10,5] (30)   105.315
[50,40]   [10,10,10] (0)   90.5996
[50,40]   [10,10,10] (5)   75.649
[50,40]   [10,10,10] (10)   81.2103
[50,40]   [10,10,10] (15)   90.0081
[50,40]   [10,10,10] (20)   98.6195
[50,40]   [10,10,10] (25)   107.936
[50,40]   [10,10,10] (30)   116.333
[50,40]   [10,10,15] (0)   89.6469
[50,40]   [10,10,15] (5)   78.0001
[50,40]   [10,10,15] (10)   85.1305
[50,40]   [10,10,15] (15)   93.9216
[50,40]   [10,10,15] (20)   102.863
[50,40]   [10,10,15] (25)   111.864
[50,40]   [10,10,15] (30)   120.767
[50,40]   [10,10,20] (0)   89.2887
[50,40]   [10,10,20] (5)   87.1183
[50,40]   [10,10,20] (10)   94.7074
[50,40]   [10,10,20] (15)   103.344
[50,40]   [10,10,20] (20)   111.795
[50,40]   [10,10,20] (25)   120.723
[50,40]   [10,10,20] (30)   129.224
[50,40]   [10,20,5] (0)   7283.28
[50,40]   [10,20,5] (5)   7296.7
[50,40]   [10,20,5] (10)   7299.39
[50,40]   [10,20,5] (15)   7422.5
[50,40]   [10,20,5] (20)   7452.69
[50,40]   [10,20,5] (25)   6565.25
[50,40]   [10,20,5] (30)   7323.05
[50,40]   [10,20,10] (0)   7378.73
[50,40]   [10,20,10] (5)   7340.78
[50,40]   [10,20,10] (10)   7334.66
[50,40]   [10,20,10] (15)   7230.75
[50,40]   [10,20,10] (20)   7574.63
[50,40]   [10,20,10] (25)   8601.81
[50,40]   [10,20,10] (30)   8578.22
[50,40]   [10,20,15] (0)   7258.22
[50,40]   [10,20,15] (5)   7398.31
[50,40]   [10,20,15] (10)   7222.91
[50,40]   [10,20,15] (15)   7292.85
[50,40]   [10,20,15] (20)   7237.52
[50,40]   [10,20,15] (25)   6419.98
[50,40]   [10,20,15] (30)   5701.72
[50,40]   [10,20,20] (0)   7246.98
[50,40]   [10,20,20] (5)   7311.23
[50,40]   [10,20,20] (10)   7163.65
[50,40]   [10,20,20] (15)   7308.95
[50,40]   [10,20,20] (20)   7345.61
[50,40]   [10,20,20] (25)   7485.62
[50,40]   [10,20,20] (30)   7279.85
[50,40]   [10,30,5] (0)   17135.5
[50,40]   [10,30,5] (5)   17014
[50,40]   [10,30,5] (10)   16874.9
[50,40]   [10,30,5] (15)   16934.6
[50,40]   [10,30,5] (20)   17070.5
[50,40]   [10,30,5] (25)   17163.6
[50,40]   [10,30,5] (30)   14858.2
[50,40]   [10,30,10] (0)   17049.6
[50,40]   [10,30,10] (5)   16978.5
[50,40]   [10,30,10] (10)   17002.7
[50,40]   [10,30,10] (15)   16809.5
[50,40]   [10,30,10] (20)   17065.7
[50,40]   [10,30,10] (25)   17074.5
[50,40]   [10,30,10] (30)   17029.6
[50,40]   [10,30,15] (0)   17070
[50,40]   [10,30,15] (5)   17139.6
[50,40]   [10,30,15] (10)   17010.2
[50,40]   [10,30,15] (15)   17077.6
[50,40]   [10,30,15] (20)   17089.9
[50,40]   [10,30,15] (25)   16974.7
[50,40]   [10,30,15] (30)   15095.1
[50,40]   [10,30,20] (0)   17159.1
[50,40]   [10,30,20] (5)   16990.6
[50,40]   [10,30,20] (10)   17019.1
[50,40]   [10,30,20] (15)   17101.6
[50,40]   [10,30,20] (20)   17044.8
[50,40]   [10,30,20] (25)   17048.2
[50,40]   [10,30,20] (30)   17129.5
[50,40]   [10,40,5] (0)   25107
[50,40]   [10,40,5] (5)   24954.5
[50,40]   [10,40,5] (10)   25044.3
[50,40]   [10,40,5] (15)   24966.3
[50,40]   [10,40,5] (20)   25113.6
[50,40]   [10,40,5] (25)   24950.7
[50,40]   [10,40,5] (30)   25110
[50,40]   [10,40,10] (0)   24934.9
[50,40]   [10,40,10] (5)   25121.7
[50,40]   [10,40,10] (10)   24887.5
[50,40]   [10,40,10] (15)   25042.4
[50,40]   [10,40,10] (20)   25106.5
[50,40]   [10,40,10] (25)   25027.7
[50,40]   [10,40,10] (30)   25104
[50,40]   [10,40,15] (0)   25000.8
[50,40]   [10,40,15] (5)   24998.6
[50,40]   [10,40,15] (10)   25101.9
[50,40]   [10,40,15] (15)   25091.7
[50,40]   [10,40,15] (20)   24891.3
[50,40]   [10,40,15] (25)   25068.8
[50,40]   [10,40,15] (30)   25060.6
[50,40]   [10,40,20] (0)   25145.6
[50,40]   [10,40,20] (5)   25084.9
[50,40]   [10,40,20] (10)   25111.9
[50,40]   [10,40,20] (15)   25097.5
[50,40]   [10,40,20] (20)   25114.8
[50,40]   [10,40,20] (25)   24974.3
[50,40]   [10,40,20] (30)   25121.7
[50,40]   [10,50,5] (0)   30477.6
[50,40]   [10,50,5] (5)   30465.7
[50,40]   [10,50,5] (10)   30478.4
[50,40]   [10,50,5] (15)   30488.3
[50,40]   [10,50,5] (20)   30449.7
[50,40]   [10,50,5] (25)   30463.5
[50,40]   [10,50,5] (30)   30474.2
[50,40]   [10,50,10] (0)   30434.6
[50,40]   [10,50,10] (5)   30436
[50,40]   [10,50,10] (10)   30476.2
[50,40]   [10,50,10] (15)   30299.9
[50,40]   [10,50,10] (20)   30458.8
[50,40]   [10,50,10] (25)   30451.7
[50,40]   [10,50,10] (30)   30430.2
[50,40]   [10,50,15] (0)   30467.2
[50,40]   [10,50,15] (5)   30462.5
[50,40]   [10,50,15] (10)   30462.1
[50,40]   [10,50,15] (15)   30358.2
[50,40]   [10,50,15] (20)   30107.8
[50,40]   [10,50,15] (25)   30491.6
[50,40]   [10,50,15] (30)   30413.8
[50,40]   [10,50,20] (0)   30442
[50,40]   [10,50,20] (5)   30430.2
[50,40]   [10,50,20] (10)   30473.6
[50,40]   [10,50,20] (15)   30426.4
[50,40]   [10,50,20] (20)   30470.1
[50,40]   [10,50,20] (25)   30478.4
[50,40]   [10,50,20] (30)   30380.5
[50,40]   [10,60,5] (0)   37184.3
[50,40]   [10,60,5] (5)   37170.1
[50,40]   [10,60,5] (10)   37159.5
[50,40]   [10,60,5] (15)   37191.2
[50,40]   [10,60,5] (20)   37149.3
[50,40]   [10,60,5] (25)   37138.4
[50,40]   [10,60,5] (30)   37188.9
[50,40]   [10,60,10] (0)   37144.4
[50,40]   [10,60,10] (5)   37208.3
[50,40]   [10,60,10] (10)   37169.1
[50,40]   [10,60,10] (15)   37164.3
[50,40]   [10,60,10] (20)   37166.8
[50,40]   [10,60,10] (25)   37209.7
[50,40]   [10,60,10] (30)   37150.1
[50,40]   [10,60,15] (0)   37128.2
[50,40]   [10,60,15] (5)   37177.4
[50,40]   [10,60,15] (10)   37108.4
[50,40]   [10,60,15] (15)   37211.2
[50,40]   [10,60,15] (20)   37154.1
[50,40]   [10,60,15] (25)   37139.4
[50,40]   [10,60,15] (30)   37203.2
[50,40]   [10,60,20] (0)   37238.9
[50,40]   [10,60,20] (5)   37158.4
[50,40]   [10,60,20] (10)   37177.7
[50,40]   [10,60,20] (15)   37165
[50,40]   [10,60,20] (20)   37145.8
[50,40]   [10,60,20] (25)   37144.5
[50,40]   [10,60,20] (30)   37139
[50,40]   [20,10,5] (0)   8370.79
[50,40]   [20,10,5] (5)   1428.62
[50,40]   [20,10,5] (10)   68.6911
[50,40]   [20,10,5] (15)   70.983
[50,40]   [20,10,5] (20)   79.9615
[50,40]   [20,10,5] (25)   89.9386
[50,40]   [20,10,5] (30)   99.7505
[50,40]   [20,10,10] (0)   8240.98
[50,40]   [20,10,10] (5)   1370.54
[50,40]   [20,10,10] (10)   86.0555
[50,40]   [20,10,10] (15)   90.2908
[50,40]   [20,10,10] (20)   98.1191
[50,40]   [20,10,10] (25)   106.639
[50,40]   [20,10,10] (30)   114.727
[50,40]   [20,10,15] (0)   8308.8
[50,40]   [20,10,15] (5)   118.995
[50,40]   [20,10,15] (10)   90.6893
[50,40]   [20,10,15] (15)   96.6768
[50,40]   [20,10,15] (20)   104.87
[50,40]   [20,10,15] (25)   112.759
[50,40]   [20,10,15] (30)   121.256
[50,40]   [20,10,20] (0)   8313.36
[50,40]   [20,10,20] (5)   132.372
[50,40]   [20,10,20] (10)   100.887
[50,40]   [20,10,20] (15)   106.46
[50,40]   [20,10,20] (20)   114.122
[50,40]   [20,10,20] (25)   121.841
[50,40]   [20,10,20] (30)   129.904
[50,40]   [20,20,5] (0)   127.267
[50,40]   [20,20,5] (5)   129.433
[50,40]   [20,20,5] (10)   110.168
[50,40]   [20,20,5] (15)   99.7758
[50,40]   [20,20,5] (20)   106.041
[50,40]   [20,20,5] (25)   114.187
[50,40]   [20,20,5] (30)   123.204
[50,40]   [20,20,10] (0)   129.6
[50,40]   [20,20,10] (5)   127.589
[50,40]   [20,20,10] (10)   115.478
[50,40]   [20,20,10] (15)   113.976
[50,40]   [20,20,10] (20)   121.303
[50,40]   [20,20,10] (25)   128.66
[50,40]   [20,20,10] (30)   136.266
[50,40]   [20,20,15] (0)   127.345
[50,40]   [20,20,15] (5)   127.68
[50,40]   [20,20,15] (10)   111.904
[50,40]   [20,20,15] (15)   114.67
[50,40]   [20,20,15] (20)   122.346
[50,40]   [20,20,15] (25)   130.398
[50,40]   [20,20,15] (30)   138.286
[50,40]   [20,20,20] (0)   125.862
[50,40]   [20,20,20] (5)   128.425
[50,40]   [20,20,20] (10)   119.758
[50,40]   [20,20,20] (15)   125.108
[50,40]   [20,20,20] (20)   132.826
[50,40]   [20,20,20] (25)   140.582
[50,40]   [20,20,20] (30)   148.351
[50,40]   [20,30,5] (0)   5497.27
[50,40]   [20,30,5] (5)   5548.75
[50,40]   [20,30,5] (10)   5509.38
[50,40]   [20,30,5] (15)   5531.02
[50,40]   [20,30,5] (20)   5471.55
[50,40]   [20,30,5] (25)   5475.44
[50,40]   [20,30,5] (30)   4400.97
[50,40]   [20,30,10] (0)   5526.14
[50,40]   [20,30,10] (5)   5504.79
[50,40]   [20,30,10] (10)   5548.59
[50,40]   [20,30,10] (15)   5539.59
[50,40]   [20,30,10] (20)   5521.5
[50,40]   [20,30,10] (25)   5487.94
[50,40]   [20,30,10] (30)   5422.07
[50,40]   [20,30,15] (0)   5499.5
[50,40]   [20,30,15] (5)   5439.55
[50,40]   [20,30,15] (10)   5566.5
[50,40]   [20,30,15] (15)   5541.92
[50,40]   [20,30,15] (20)   5495.35
[50,40]   [20,30,15] (25)   5559.35
[50,40]   [20,30,15] (30)   4731.29
[50,40]   [20,30,20] (0)   5593.6
[50,40]   [20,30,20] (5)   5582.09
[50,40]   [20,30,20] (10)   5520.32
[50,40]   [20,30,20] (15)   5545.61
[50,40]   [20,30,20] (20)   5622.4
[50,40]   [20,30,20] (25)   5438.57
[50,40]   [20,30,20] (30)   5620.14
[50,40]   [20,40,5] (0)   15105.2
[50,40]   [20,40,5] (5)   14861.9
[50,40]   [20,40,5] (10)   14894
[50,40]   [20,40,5] (15)   14855
[50,40]   [20,40,5] (20)   14734.4
[50,40]   [20,40,5] (25)   14949.7
[50,40]   [20,40,5] (30)   14862.4
[50,40]   [20,40,10] (0)   15050.6
[50,40]   [20,40,10] (5)   14918.3
[50,40]   [20,40,10] (10)   14849
[50,40]   [20,40,10] (15)   14742.7
[50,40]   [20,40,10] (20)   14782.4
[50,40]   [20,40,10] (25)   14906.6
[50,40]   [20,40,10] (30)   14837.7
[50,40]   [20,40,15] (0)   14808.6
[50,40]   [20,40,15] (5)   15046.1
[50,40]   [20,40,15] (10)   14827.8
[50,40]   [20,40,15] (15)   15027.3
[50,40]   [20,40,15] (20)   14595.2
[50,40]   [20,40,15] (25)   14921.4
[50,40]   [20,40,15] (30)   14890.5
[50,40]   [20,40,20] (0)   14851.6
[50,40]   [20,40,20] (5)   14815.8
[50,40]   [20,40,20] (10)   14898.3
[50,40]   [20,40,20] (15)   14806.1
[50,40]   [20,40,20] (20)   14773.2
[50,40]   [20,40,20] (25)   14878.7
[50,40]   [20,40,20] (30)   14751.8
[50,40]   [20,50,5] (0)   20640.9
[50,40]   [20,50,5] (5)   20591.1
[50,40]   [20,50,5] (10)   20724.3
[50,40]   [20,50,5] (15)   20418.3
[50,40]   [20,50,5] (20)   20637.7
[50,40]   [20,50,5] (25)   20580.5
[50,40]   [20,50,5] (30)   20651.4
[50,40]   [20,50,10] (0)   20717.7
[50,40]   [20,50,10] (5)   20724.9
[50,40]   [20,50,10] (10)   20645.1
[50,40]   [20,50,10] (15)   20740.5
[50,40]   [20,50,10] (20)   20568.5
[50,40]   [20,50,10] (25)   20685.9
[50,40]   [20,50,10] (30)   20556
[50,40]   [20,50,15] (0)   20476.5
[50,40]   [20,50,15] (5)   20622.7
[50,40]   [20,50,15] (10)   20548.2
[50,40]   [20,50,15] (15)   20668.6
[50,40]   [20,50,15] (20)   20658.3
[50,40]   [20,50,15] (25)   20642.9
[50,40]   [20,50,15] (30)   20650.7
[50,40]   [20,50,20] (0)   20602.1
[50,40]   [20,50,20] (5)   20540.7
[50,40]   [20,50,20] (10)   20755.4
[50,40]   [20,50,20] (15)   20646.7
[50,40]   [20,50,20] (20)   20616.3
[50,40]   [20,50,20] (25)   20674.8
[50,40]   [20,50,20] (30)   20557.7
[50,40]   [20,60,5] (0)   26555.6
[50,40]   [20,60,5] (5)   26598.9
[50,40]   [20,60,5] (10)   26436.9
[50,40]   [20,60,5] (15)   26582
[50,40]   [20,60,5] (20)   26543.1
[50,40]   [20,60,5] (25)   26401.7
[50,40]   [20,60,5] (30)   26392.3
[50,40]   [20,60,10] (0)   26390.3
[50,40]   [20,60,10] (5)   26116.8
[50,40]   [20,60,10] (10)   26623.4
[50,40]   [20,60,10] (15)   26493.2
[50,40]   [20,60,10] (20)   26535.3
[50,40]   [20,60,10] (25)   26539
[50,40]   [20,60,10] (30)   26568.9
[50,40]   [20,60,15] (0)   26454.5
[50,40]   [20,60,15] (5)   26508.4
[50,40]   [20,60,15] (10)   26560.5
[50,40]   [20,60,15] (15)   26493.3
[50,40]   [20,60,15] (20)   26616.3
[50,40]   [20,60,15] (25)   26487.9
[50,40]   [20,60,15] (30)   26654.5
[50,40]   [20,60,20] (0)   26463.5
[50,40]   [20,60,20] (5)   26347.1
[50,40]   [20,60,20] (10)   26536.7
[50,40]   [20,60,20] (15)   26488.4
[50,40]   [20,60,20] (20)   26571
[50,40]   [20,60,20] (25)   26457.2
[50,40]   [20,60,20] (30)   26495.2
[50,40]   [30,10,5] (0)   13728.7
[50,40]   [30,10,5] (5)   6669.32
[50,40]   [30,10,5] (10)   83.5039
[50,40]   [30,10,5] (15)   76.399
[50,40]   [30,10,5] (20)   78.947
[50,40]   [30,10,5] (25)   85.5624
[50,40]   [30,10,5] (30)   96.8983
[50,40]   [30,10,10] (0)   13740.4
[50,40]   [30,10,10] (5)   7438.18
[50,40]   [30,10,10] (10)   117.717
[50,40]   [30,10,10] (15)   95.2837
[50,40]   [30,10,10] (20)   97.3632
[50,40]   [30,10,10] (25)   104.224
[50,40]   [30,10,10] (30)   112.791
[50,40]   [30,10,15] (0)   13806.7
[50,40]   [30,10,15] (5)   3602.76
[50,40]   [30,10,15] (10)   100.894
[50,40]   [30,10,15] (15)   101.478
[50,40]   [30,10,15] (20)   105.325
[50,40]   [30,10,15] (25)   112.805
[50,40]   [30,10,15] (30)   120.923
[50,40]   [30,10,20] (0)   13702
[50,40]   [30,10,20] (5)   3157.83
[50,40]   [30,10,20] (10)   108.746
[50,40]   [30,10,20] (15)   110.894
[50,40]   [30,10,20] (20)   118.243
[50,40]   [30,10,20] (25)   125.582
[50,40]   [30,10,20] (30)   133.435
[50,40]   [30,20,5] (0)   6014.77
[50,40]   [30,20,5] (5)   5995.08
[50,40]   [30,20,5] (10)   3773.46
[50,40]   [30,20,5] (15)   106.312
[50,40]   [30,20,5] (20)   92.7596
[50,40]   [30,20,5] (25)   96.3172
[50,40]   [30,20,5] (30)   105.275
[50,40]   [30,20,10] (0)   5984.97
[50,40]   [30,20,10] (5)   5993.25
[50,40]   [30,20,10] (10)   4230.13
[50,40]   [30,20,10] (15)   118.691
[50,40]   [30,20,10] (20)   111.943
[50,40]   [30,20,10] (25)   117.636
[50,40]   [30,20,10] (30)   125.526
[50,40]   [30,20,15] (0)   6032.4
[50,40]   [30,20,15] (5)   6014.76
[50,40]   [30,20,15] (10)   2453.52
[50,40]   [30,20,15] (15)   117.656
[50,40]   [30,20,15] (20)   117.613
[50,40]   [30,20,15] (25)   123.732
[50,40]   [30,20,15] (30)   131.887
[50,40]   [30,20,20] (0)   5980.98
[50,40]   [30,20,20] (5)   5965.89
[50,40]   [30,20,20] (10)   2931.88
[50,40]   [30,20,20] (15)   127.324
[50,40]   [30,20,20] (20)   129.053
[50,40]   [30,20,20] (25)   135.599
[50,40]   [30,20,20] (30)   143.102
[50,40]   [30,30,5] (0)   160.959
[50,40]   [30,30,5] (5)   159.413
[50,40]   [30,30,5] (10)   160.476
[50,40]   [30,30,5] (15)   141.446
[50,40]   [30,30,5] (20)   121.069
[50,40]   [30,30,5] (25)   119.087
[50,40]   [30,30,5] (30)   127.032
[50,40]   [30,30,10] (0)   159.801
[50,40]   [30,30,10] (5)   158.712
[50,40]   [30,30,10] (10)   157.471
[50,40]   [30,30,10] (15)   143.727
[50,40]   [30,30,10] (20)   133.9
[50,40]   [30,30,10] (25)   138.424
[50,40]   [30,30,10] (30)   146.145
[50,40]   [30,30,15] (0)   160.936
[50,40]   [30,30,15] (5)   160.886
[50,40]   [30,30,15] (10)   156.554
[50,40]   [30,30,15] (15)   143.386
[50,40]   [30,30,15] (20)   139.099
[50,40]   [30,30,15] (25)   144.645
[50,40]   [30,30,15] (30)   152.777
[50,40]   [30,30,20] (0)   160.986
[50,40]   [30,30,20] (5)   159.151
[50,40]   [30,30,20] (10)   160.195
[50,40]   [30,30,20] (15)   144.576
[50,40]   [30,30,20] (20)   143.883
[50,40]   [30,30,20] (25)   150.65
[50,40]   [30,30,20] (30)   158.537
[50,40]   [30,40,5] (0)   3396.78
[50,40]   [30,40,5] (5)   3381.27
[50,40]   [30,40,5] (10)   3386.84
[50,40]   [30,40,5] (15)   3356.85
[50,40]   [30,40,5] (20)   3339.61
[50,40]   [30,40,5] (25)   3439.04
[50,40]   [30,40,5] (30)   3422.77
[50,40]   [30,40,10] (0)   3250.31
[50,40]   [30,40,10] (5)   3401.91
[50,40]   [30,40,10] (10)   3423.91
[50,40]   [30,40,10] (15)   3432.74
[50,40]   [30,40,10] (20)   3419.49
[50,40]   [30,40,10] (25)   3466.67
[50,40]   [30,40,10] (30)   3419.27
[50,40]   [30,40,15] (0)   3387.48
[50,40]   [30,40,15] (5)   3478.72
[50,40]   [30,40,15] (10)   3285.98
[50,40]   [30,40,15] (15)   3398.71
[50,40]   [30,40,15] (20)   3415.93
[50,40]   [30,40,15] (25)   3320.19
[50,40]   [30,40,15] (30)   3299.11
[50,40]   [30,40,20] (0)   3504.7
[50,40]   [30,40,20] (5)   3487.68
[50,40]   [30,40,20] (10)   3351.07
[50,40]   [30,40,20] (15)   3400.78
[50,40]   [30,40,20] (20)   3412.99
[50,40]   [30,40,20] (25)   3373.18
[50,40]   [30,40,20] (30)   3442.13
[50,40]   [30,50,5] (0)   10532.9
[50,40]   [30,50,5] (5)   10436.5
[50,40]   [30,50,5] (10)   10442.2
[50,40]   [30,50,5] (15)   10464.7
[50,40]   [30,50,5] (20)   10457.8
[50,40]   [30,50,5] (25)   10448.8
[50,40]   [30,50,5] (30)   10482.3
[50,40]   [30,50,10] (0)   10364.1
[50,40]   [30,50,10] (5)   10566.6
[50,40]   [30,50,10] (10)   10460
[50,40]   [30,50,10] (15)   10549.3
[50,40]   [30,50,10] (20)   10579
[50,40]   [30,50,10] (25)   10585.6
[50,40]   [30,50,10] (30)   10431.6
[50,40]   [30,50,15] (0)   10496.9
[50,40]   [30,50,15] (5)   10423.2
[50,40]   [30,50,15] (10)   10575.3
[50,40]   [30,50,15] (15)   10424.7
[50,40]   [30,50,15] (20)   10385.9
[50,40]   [30,50,15] (25)   10377.6
[50,40]   [30,50,15] (30)   10383.3
[50,40]   [30,50,20] (0)   10527.6
[50,40]   [30,50,20] (5)   10393.1
[50,40]   [30,50,20] (10)   10463.3
[50,40]   [30,50,20] (15)   10596
[50,40]   [30,50,20] (20)   10323
[50,40]   [30,50,20] (25)   10607.7
[50,40]   [30,50,20] (30)   10460.5
[50,40]   [30,60,5] (0)   20650.8
[50,40]   [30,60,5] (5)   20699.3
[50,40]   [30,60,5] (10)   20510.1
[50,40]   [30,60,5] (15)   20187.9
[50,40]   [30,60,5] (20)   20708
[50,40]   [30,60,5] (25)   20559.5
[50,40]   [30,60,5] (30)   20472.2
[50,40]   [30,60,10] (0)   20647.6
[50,40]   [30,60,10] (5)   20578
[50,40]   [30,60,10] (10)   20541.8
[50,40]   [30,60,10] (15)   20448.3
[50,40]   [30,60,10] (20)   20758.4
[50,40]   [30,60,10] (25)   20694.2
[50,40]   [30,60,10] (30)   20724.5
[50,40]   [30,60,15] (0)   20449
[50,40]   [30,60,15] (5)   20696
[50,40]   [30,60,15] (10)   20630
[50,40]   [30,60,15] (15)   20570.6
[50,40]   [30,60,15] (20)   20624.8
[50,40]   [30,60,15] (25)   20702.1
[50,40]   [30,60,15] (30)   20764.7
[50,40]   [30,60,20] (0)   20582.4
[50,40]   [30,60,20] (5)   20877.7
[50,40]   [30,60,20] (10)   20721
[50,40]   [30,60,20] (15)   20683.5
[50,40]   [30,60,20] (20)   20709.6
[50,40]   [30,60,20] (25)   20734.5
[50,40]   [30,60,20] (30)   20723.4
[50,40]   [40,10,5] (0)   19240.6
[50,40]   [40,10,5] (5)   11884.5
[50,40]   [40,10,5] (10)   133.669
[50,40]   [40,10,5] (15)   83.7381
[50,40]   [40,10,5] (20)   82.9504
[50,40]   [40,10,5] (25)   87.3082
[50,40]   [40,10,5] (30)   93.9713
[50,40]   [40,10,10] (0)   19142.2
[50,40]   [40,10,10] (5)   12510.3
[50,40]   [40,10,10] (10)   3711.56
[50,40]   [40,10,10] (15)   109.471
[50,40]   [40,10,10] (20)   103.227
[50,40]   [40,10,10] (25)   104.441
[50,40]   [40,10,10] (30)   110.794
[50,40]   [40,10,15] (0)   19066
[50,40]   [40,10,15] (5)   8243.78
[50,40]   [40,10,15] (10)   1267.33
[50,40]   [40,10,15] (15)   112.236
[50,40]   [40,10,15] (20)   110.199
[50,40]   [40,10,15] (25)   114.599
[50,40]   [40,10,15] (30)   119.617
[50,40]   [40,10,20] (0)   19161.3
[50,40]   [40,10,20] (5)   8033.44
[50,40]   [40,10,20] (10)   127.844
[50,40]   [40,10,20] (15)   124.721
[50,40]   [40,10,20] (20)   121.556
[50,40]   [40,10,20] (25)   121.989
[50,40]   [40,10,20] (30)   127.831
[50,40]   [40,20,5] (0)   11036.9
[50,40]   [40,20,5] (5)   11038.8
[50,40]   [40,20,5] (10)   9097.8
[50,40]   [40,20,5] (15)   189.628
[50,40]   [40,20,5] (20)   98.5927
[50,40]   [40,20,5] (25)   95.6074
[50,40]   [40,20,5] (30)   99.913
[50,40]   [40,20,10] (0)   10990
[50,40]   [40,20,10] (5)   11017.5
[50,40]   [40,20,10] (10)   9705.84
[50,40]   [40,20,10] (15)   1652.67
[50,40]   [40,20,10] (20)   120.763
[50,40]   [40,20,10] (25)   116.273
[50,40]   [40,20,10] (30)   120.161
[50,40]   [40,20,15] (0)   11084.7
[50,40]   [40,20,15] (5)   11030.3
[50,40]   [40,20,15] (10)   7237.21
[50,40]   [40,20,15] (15)   133.808
[50,40]   [40,20,15] (20)   121.427
[50,40]   [40,20,15] (25)   121.913
[50,40]   [40,20,15] (30)   124.848
[50,40]   [40,20,20] (0)   11023.9
[50,40]   [40,20,20] (5)   10970.4
[50,40]   [40,20,20] (10)   8433.34
[50,40]   [40,20,20] (15)   137.209
[50,40]   [40,20,20] (20)   131.695
[50,40]   [40,20,20] (25)   136.42
[50,40]   [40,20,20] (30)   142.205
[50,40]   [40,30,5] (0)   4972.89
[50,40]   [40,30,5] (5)   4968.09
[50,40]   [40,30,5] (10)   4995.56
[50,40]   [40,30,5] (15)   3955.46
[50,40]   [40,30,5] (20)   136.603
[50,40]   [40,30,5] (25)   113.412
[50,40]   [40,30,5] (30)   112.11
[50,40]   [40,30,10] (0)   5010.06
[50,40]   [40,30,10] (5)   5043.96
[50,40]   [40,30,10] (10)   4974.65
[50,40]   [40,30,10] (15)   4113.12
[50,40]   [40,30,10] (20)   155.561
[50,40]   [40,30,10] (25)   135.543
[50,40]   [40,30,10] (30)   135.576
[50,40]   [40,30,15] (0)   5012.52
[50,40]   [40,30,15] (5)   5065.45
[50,40]   [40,30,15] (10)   4994.5
[50,40]   [40,30,15] (15)   3096.66
[50,40]   [40,30,15] (20)   141.278
[50,40]   [40,30,15] (25)   136.008
[50,40]   [40,30,15] (30)   138.916
[50,40]   [40,30,20] (0)   5074.88
[50,40]   [40,30,20] (5)   4945.65
[50,40]   [40,30,20] (10)   5004.94
[50,40]   [40,30,20] (15)   3378.07
[50,40]   [40,30,20] (20)   151.19
[50,40]   [40,30,20] (25)   145.933
[50,40]   [40,30,20] (30)   147.631
[50,40]   [40,40,5] (0)   189.078
[50,40]   [40,40,5] (5)   186.631
[50,40]   [40,40,5] (10)   185.959
[50,40]   [40,40,5] (15)   195.254
[50,40]   [40,40,5] (20)   180.843
[50,40]   [40,40,5] (25)   149.398
[50,40]   [40,40,5] (30)   140.388
[50,40]   [40,40,10] (0)   186.695
[50,40]   [40,40,10] (5)   186.737
[50,40]   [40,40,10] (10)   187.622
[50,40]   [40,40,10] (15)   191.881
[50,40]   [40,40,10] (20)   182.136
[50,40]   [40,40,10] (25)   161.193
[50,40]   [40,40,10] (30)   156.883
[50,40]   [40,40,15] (0)   188.109
[50,40]   [40,40,15] (5)   186.846
[50,40]   [40,40,15] (10)   187.777
[50,40]   [40,40,15] (15)   187.027
[50,40]   [40,40,15] (20)   177.935
[50,40]   [40,40,15] (25)   157.216
[50,40]   [40,40,15] (30)   157.527
[50,40]   [40,40,20] (0)   189.374
[50,40]   [40,40,20] (5)   187.284
[50,40]   [40,40,20] (10)   187.831
[50,40]   [40,40,20] (15)   189.383
[50,40]   [40,40,20] (20)   180.772
[50,40]   [40,40,20] (25)   169.209
[50,40]   [40,40,20] (30)   171.924
[50,40]   [40,50,5] (0)   3692.42
[50,40]   [40,50,5] (5)   3615.95
[50,40]   [40,50,5] (10)   3681.96
[50,40]   [40,50,5] (15)   3657.56
[50,40]   [40,50,5] (20)   3667.68
[50,40]   [40,50,5] (25)   3733.29
[50,40]   [40,50,5] (30)   3356.04
[50,40]   [40,50,10] (0)   3513.81
[50,40]   [40,50,10] (5)   3703.54
[50,40]   [40,50,10] (10)   3572.41
[50,40]   [40,50,10] (15)   3883.7
[50,40]   [40,50,10] (20)   3694.79
[50,40]   [40,50,10] (25)   3649.5
[50,40]   [40,50,10] (30)   3633.98
[50,40]   [40,50,15] (0)   3767.17
[50,40]   [40,50,15] (5)   3721.56
[50,40]   [40,50,15] (10)   3698.29
[50,40]   [40,50,15] (15)   3689.51
[50,40]   [40,50,15] (20)   3571.62
[50,40]   [40,50,15] (25)   3735.04
[50,40]   [40,50,15] (30)   3687.01
[50,40]   [40,50,20] (0)   3660.8
[50,40]   [40,50,20] (5)   3689.37
[50,40]   [40,50,20] (10)   3689.41
[50,40]   [40,50,20] (15)   3670.91
[50,40]   [40,50,20] (20)   3579.86
[50,40]   [40,50,20] (25)   3574.41
[50,40]   [40,50,20] (30)   3559.62
[50,40]   [40,60,5] (0)   8420.97
[50,40]   [40,60,5] (5)   8509.2
[50,40]   [40,60,5] (10)   8442.53
[50,40]   [40,60,5] (15)   8407.85
[50,40]   [40,60,5] (20)   8580.2
[50,40]   [40,60,5] (25)   8529.28
[50,40]   [40,60,5] (30)   8587.91
[50,40]   [40,60,10] (0)   8539.74
[50,40]   [40,60,10] (5)   8546.32
[50,40]   [40,60,10] (10)   8368.65
[50,40]   [40,60,10] (15)   8510.47
[50,40]   [40,60,10] (20)   8499.55
[50,40]   [40,60,10] (25)   8504.15
[50,40]   [40,60,10] (30)   8320.04
[50,40]   [40,60,15] (0)   8564.08
[50,40]   [40,60,15] (5)   8523.99
[50,40]   [40,60,15] (10)   8459.36
[50,40]   [40,60,15] (15)   8572.67
[50,40]   [40,60,15] (20)   8510.08
[50,40]   [40,60,15] (25)   8472.47
[50,40]   [40,60,15] (30)   8470.44
[50,40]   [40,60,20] (0)   8510.43
[50,40]   [40,60,20] (5)   8514.99
[50,40]   [40,60,20] (10)   8538.99
[50,40]   [40,60,20] (15)   8433.87
[50,40]   [40,60,20] (20)   8546.62
[50,40]   [40,60,20] (25)   8612.53
[50,40]   [40,60,20] (30)   8500.87
[50,40]   [50,10,5] (0)   25540.8
[50,40]   [50,10,5] (5)   15482.2
[50,40]   [50,10,5] (10)   2603.01
[50,40]   [50,10,5] (15)   92.0569
[50,40]   [50,10,5] (20)   87.8976
[50,40]   [50,10,5] (25)   91.7367
[50,40]   [50,10,5] (30)   96.3957
[50,40]   [50,10,10] (0)   25595.4
[50,40]   [50,10,10] (5)   16479.5
[50,40]   [50,10,10] (10)   7541.48
[50,40]   [50,10,10] (15)   1512.59
[50,40]   [50,10,10] (20)   111.014
[50,40]   [50,10,10] (25)   110.156
[50,40]   [50,10,10] (30)   113.262
[50,40]   [50,10,15] (0)   25882.8
[50,40]   [50,10,15] (5)   13675.6
[50,40]   [50,10,15] (10)   5666.82
[50,40]   [50,10,15] (15)   160.06
[50,40]   [50,10,15] (20)   124.307
[50,40]   [50,10,15] (25)   121.343
[50,40]   [50,10,15] (30)   123.628
[50,40]   [50,10,20] (0)   25526.5
[50,40]   [50,10,20] (5)   12804.2
[50,40]   [50,10,20] (10)   3510.97
[50,40]   [50,10,20] (15)   1683.24
[50,40]   [50,10,20] (20)   133.938
[50,40]   [50,10,20] (25)   132.635
[50,40]   [50,10,20] (30)   136.565
[50,40]   [50,20,5] (0)   16236.9
[50,40]   [50,20,5] (5)   16190.4
[50,40]   [50,20,5] (10)   13217.3
[50,40]   [50,20,5] (15)   2942.5
[50,40]   [50,20,5] (20)   111.088
[50,40]   [50,20,5] (25)   100.353
[50,40]   [50,20,5] (30)   101.969
[50,40]   [50,20,10] (0)   16246.1
[50,40]   [50,20,10] (5)   16193.5
[50,40]   [50,20,10] (10)   14206.8
[50,40]   [50,20,10] (15)   5554.27
[50,40]   [50,20,10] (20)   213.349
[50,40]   [50,20,10] (25)   123.246
[50,40]   [50,20,10] (30)   120.66
[50,40]   [50,20,15] (0)   16235.7
[50,40]   [50,20,15] (5)   16238.8
[50,40]   [50,20,15] (10)   12122.4
[50,40]   [50,20,15] (15)   2672.55
[50,40]   [50,20,15] (20)   144.957
[50,40]   [50,20,15] (25)   127.498
[50,40]   [50,20,15] (30)   128.225
[50,40]   [50,20,20] (0)   16193.6
[50,40]   [50,20,20] (5)   16229.2
[50,40]   [50,20,20] (10)   12614.4
[50,40]   [50,20,20] (15)   246.864
[50,40]   [50,20,20] (20)   164.497
[50,40]   [50,20,20] (25)   143.113
[50,40]   [50,20,20] (30)   143.936
[50,40]   [50,30,5] (0)   9876.89
[50,40]   [50,30,5] (5)   9884.51
[50,40]   [50,30,5] (10)   9793.1
[50,40]   [50,30,5] (15)   8558.77
[50,40]   [50,30,5] (20)   1264.85
[50,40]   [50,30,5] (25)   121.232
[50,40]   [50,30,5] (30)   112.473
[50,40]   [50,30,10] (0)   9853.37
[50,40]   [50,30,10] (5)   9911.16
[50,40]   [50,30,10] (10)   9869.5
[50,40]   [50,30,10] (15)   8962.71
[50,40]   [50,30,10] (20)   2939.74
[50,40]   [50,30,10] (25)   149.907
[50,40]   [50,30,10] (30)   135.936
[50,40]   [50,30,15] (0)   9826.05
[50,40]   [50,30,15] (5)   9945.48
[50,40]   [50,30,15] (10)   9853.04
[50,40]   [50,30,15] (15)   7771.48
[50,40]   [50,30,15] (20)   297.303
[50,40]   [50,30,15] (25)   143.872
[50,40]   [50,30,15] (30)   138.458
[50,40]   [50,30,20] (0)   9938.51
[50,40]   [50,30,20] (5)   9914.07
[50,40]   [50,30,20] (10)   9924.82
[50,40]   [50,30,20] (15)   8139.78
[50,40]   [50,30,20] (20)   187.735
[50,40]   [50,30,20] (25)   156.335
[50,40]   [50,30,20] (30)   154.939
[50,40]   [50,40,5] (0)   10032.4
[50,40]   [50,40,5] (5)   9898.1
[50,40]   [50,40,5] (10)   9948.77
[50,40]   [50,40,5] (15)   9945.31
[50,40]   [50,40,5] (20)   4436.52
[50,40]   [50,40,5] (25)   380.455
[50,40]   [50,40,5] (30)   138.669
[50,40]   [50,40,10] (0)   9952.18
[50,40]   [50,40,10] (5)   9874.35
[50,40]   [50,40,10] (10)   9927.04
[50,40]   [50,40,10] (15)   9845.66
[50,40]   [50,40,10] (20)   4597.06
[50,40]   [50,40,10] (25)   786.499
[50,40]   [50,40,10] (30)   162.046
[50,40]   [50,40,15] (0)   9987.81
[50,40]   [50,40,15] (5)   9992.15
[50,40]   [50,40,15] (10)   9897.98
[50,40]   [50,40,15] (15)   9885.46
[50,40]   [50,40,15] (20)   4326.03
[50,40]   [50,40,15] (25)   211.839
[50,40]   [50,40,15] (30)   165.422
[50,40]   [50,40,20] (0)   9886.48
[50,40]   [50,40,20] (5)   9960.29
[50,40]   [50,40,20] (10)   9862.6
[50,40]   [50,40,20] (15)   10007.6
[50,40]   [50,40,20] (20)   4866.77
[50,40]   [50,40,20] (25)   210.982
[50,40]   [50,40,20] (30)   172.196
[50,40]   [50,50,5] (0)   223.247
[50,40]   [50,50,5] (5)   216.138
[50,40]   [50,50,5] (10)   219.352
[50,40]   [50,50,5] (15)   222.692
[50,40]   [50,50,5] (20)   221.671
[50,40]   [50,50,5] (25)   215.933
[50,40]   [50,50,5] (30)   178.648
[50,40]   [50,50,10] (0)   216.213
[50,40]   [50,50,10] (5)   217.182
[50,40]   [50,50,10] (10)   216.668
[50,40]   [50,50,10] (15)   219.184
[50,40]   [50,50,10] (20)   214.976
[50,40]   [50,50,10] (25)   210.431
[50,40]   [50,50,10] (30)   189.411
[50,40]   [50,50,15] (0)   215.673
[50,40]   [50,50,15] (5)   217.436
[50,40]   [50,50,15] (10)   215.126
[50,40]   [50,50,15] (15)   216.565
[50,40]   [50,50,15] (20)   218.553
[50,40]   [50,50,15] (25)   215.745
[50,40]   [50,50,15] (30)   179.338
[50,40]   [50,50,20] (0)   220.091
[50,40]   [50,50,20] (5)   215.914
[50,40]   [50,50,20] (10)   216.129
[50,40]   [50,50,20] (15)   213.436
[50,40]   [50,50,20] (20)   221.313
[50,40]   [50,50,20] (25)   210.119
[50,40]   [50,50,20] (30)   188.593
[50,40]   [50,60,5] (0)   1149.06
[50,40]   [50,60,5] (5)   1090.77
[50,40]   [50,60,5] (10)   1182.45
[50,40]   [50,60,5] (15)   1168.62
[50,40]   [50,60,5] (20)   1101.68
[50,40]   [50,60,5] (25)   1126.86
[50,40]   [50,60,5] (30)   1073.81
[50,40]   [50,60,10] (0)   1199.75
[50,40]   [50,60,10] (5)   1160.79
[50,40]   [50,60,10] (10)   1163.66
[50,40]   [50,60,10] (15)   1198.17
[50,40]   [50,60,10] (20)   1125.14
[50,40]   [50,60,10] (25)   1089.09
[50,40]   [50,60,10] (30)   1169.1
[50,40]   [50,60,15] (0)   1043.47
[50,40]   [50,60,15] (5)   1132.3
[50,40]   [50,60,15] (10)   1098.71
[50,40]   [50,60,15] (15)   1113.01
[50,40]   [50,60,15] (20)   1250.83
[50,40]   [50,60,15] (25)   1204.84
[50,40]   [50,60,15] (30)   1097.08
[50,40]   [50,60,20] (0)   1138.02
[50,40]   [50,60,20] (5)   1177.54
[50,40]   [50,60,20] (10)   1062.74
[50,40]   [50,60,20] (15)   1091.48
[50,40]   [50,60,20] (20)   1045.41
[50,40]   [50,60,20] (25)   1099.01
[50,40]   [50,60,20] (30)   1047.32
[50,40]   [60,10,5] (0)   27625.4
[50,40]   [60,10,5] (5)   19386.5
[50,40]   [60,10,5] (10)   5506.66
[50,40]   [60,10,5] (15)   106.254
[50,40]   [60,10,5] (20)   92.8222
[50,40]   [60,10,5] (25)   95.4142
[50,40]   [60,10,5] (30)   99.6
[50,40]   [60,10,10] (0)   27819.9
[50,40]   [60,10,10] (5)   20681.2
[50,40]   [60,10,10] (10)   11211
[50,40]   [60,10,10] (15)   4768.48
[50,40]   [60,10,10] (20)   389.48
[50,40]   [60,10,10] (25)   119.03
[50,40]   [60,10,10] (30)   118.58
[50,40]   [60,10,15] (0)   27650.7
[50,40]   [60,10,15] (5)   17066.8
[50,40]   [60,10,15] (10)   9102.2
[50,40]   [60,10,15] (15)   2881.91
[50,40]   [60,10,15] (20)   135.773
[50,40]   [60,10,15] (25)   126.319
[50,40]   [60,10,15] (30)   127.097
[50,40]   [60,10,20] (0)   27524.3
[50,40]   [60,10,20] (5)   17204.3
[50,40]   [60,10,20] (10)   6798.12
[50,40]   [60,10,20] (15)   6284.08
[50,40]   [60,10,20] (20)   160.376
[50,40]   [60,10,20] (25)   142.326
[50,40]   [60,10,20] (30)   143.654
[50,40]   [60,20,5] (0)   20303.9
[50,40]   [60,20,5] (5)   20308.7
[50,40]   [60,20,5] (10)   16895.1
[50,40]   [60,20,5] (15)   6583.63
[50,40]   [60,20,5] (20)   133.889
[50,40]   [60,20,5] (25)   104.63
[50,40]   [60,20,5] (30)   104.96
[50,40]   [60,20,10] (0)   20435.3
[50,40]   [60,20,10] (5)   20326.1
[50,40]   [60,20,10] (10)   17764.3
[50,40]   [60,20,10] (15)   9654.79
[50,40]   [60,20,10] (20)   3521.48
[50,40]   [60,20,10] (25)   143.657
[50,40]   [60,20,10] (30)   126.563
[50,40]   [60,20,15] (0)   20304.6
[50,40]   [60,20,15] (5)   20285.3
[50,40]   [60,20,15] (10)   16105.2
[50,40]   [60,20,15] (15)   6550.62
[50,40]   [60,20,15] (20)   1834.48
[50,40]   [60,20,15] (25)   137.28
[50,40]   [60,20,15] (30)   132.268
[50,40]   [60,20,20] (0)   20280.6
[50,40]   [60,20,20] (5)   20301.1
[50,40]   [60,20,20] (10)   17095.2
[50,40]   [60,20,20] (15)   4908.26
[50,40]   [60,20,20] (20)   2534.17
[50,40]   [60,20,20] (25)   161.664
[50,40]   [60,20,20] (30)   148.912
[50,40]   [60,30,5] (0)   17797
[50,40]   [60,30,5] (5)   17768.9
[50,40]   [60,30,5] (10)   16590.4
[50,40]   [60,30,5] (15)   13098.5
[50,40]   [60,30,5] (20)   4554.89
[50,40]   [60,30,5] (25)   134.41
[50,40]   [60,30,5] (30)   116.382
[50,40]   [60,30,10] (0)   17812.9
[50,40]   [60,30,10] (5)   17764.8
[50,40]   [60,30,10] (10)   17787.4
[50,40]   [60,30,10] (15)   13282.1
[50,40]   [60,30,10] (20)   6699.4
[50,40]   [60,30,10] (25)   1058.69
[50,40]   [60,30,10] (30)   144.998
[50,40]   [60,30,15] (0)   17770.6
[50,40]   [60,30,15] (5)   17817.7
[50,40]   [60,30,15] (10)   17525.9
[50,40]   [60,30,15] (15)   12269.3
[50,40]   [60,30,15] (20)   4121.67
[50,40]   [60,30,15] (25)   189.322
[50,40]   [60,30,15] (30)   149.725
[50,40]   [60,30,20] (0)   17836.4
[50,40]   [60,30,20] (5)   17845.4
[50,40]   [60,30,20] (10)   17707.5
[50,40]   [60,30,20] (15)   13101.9
[50,40]   [60,30,20] (20)   2708.16
[50,40]   [60,30,20] (25)   177.522
[50,40]   [60,30,20] (30)   163.798
[50,40]   [60,40,5] (0)   8808.44
[50,40]   [60,40,5] (5)   8673.09
[50,40]   [60,40,5] (10)   8786.58
[50,40]   [60,40,5] (15)   8657.22
[50,40]   [60,40,5] (20)   8162.25
[50,40]   [60,40,5] (25)   3566.5
[50,40]   [60,40,5] (30)   153.983
[50,40]   [60,40,10] (0)   8779.09
[50,40]   [60,40,10] (5)   8700.61
[50,40]   [60,40,10] (10)   8781.95
[50,40]   [60,40,10] (15)   8758.43
[50,40]   [60,40,10] (20)   8320.5
[50,40]   [60,40,10] (25)   4341.38
[50,40]   [60,40,10] (30)   210.439
[50,40]   [60,40,15] (0)   8731.21
[50,40]   [60,40,15] (5)   8817.85
[50,40]   [60,40,15] (10)   8666.03
[50,40]   [60,40,15] (15)   8630.61
[50,40]   [60,40,15] (20)   7752.01
[50,40]   [60,40,15] (25)   2344.56
[50,40]   [60,40,15] (30)   169.544
[50,40]   [60,40,20] (0)   8736.84
[50,40]   [60,40,20] (5)   8801.1
[50,40]   [60,40,20] (10)   8780.36
[50,40]   [60,40,20] (15)   8765.21
[50,40]   [60,40,20] (20)   8010.03
[50,40]   [60,40,20] (25)   1747.8
[50,40]   [60,40,20] (30)   181.129
[50,40]   [60,50,5] (0)   4004.67
[50,40]   [60,50,5] (5)   4077.74
[50,40]   [60,50,5] (10)   4014.86
[50,40]   [60,50,5] (15)   4052.14
[50,40]   [60,50,5] (20)   4068.38
[50,40]   [60,50,5] (25)   4012.74
[50,40]   [60,50,5] (30)   1504.81
[50,40]   [60,50,10] (0)   4057.5
[50,40]   [60,50,10] (5)   4020.67
[50,40]   [60,50,10] (10)   4043.99
[50,40]   [60,50,10] (15)   4037.54
[50,40]   [60,50,10] (20)   4004.62
[50,40]   [60,50,10] (25)   3942.97
[50,40]   [60,50,10] (30)   1772.37
[50,40]   [60,50,15] (0)   4080.45
[50,40]   [60,50,15] (5)   4043.46
[50,40]   [60,50,15] (10)   4118.58
[50,40]   [60,50,15] (15)   4079.43
[50,40]   [60,50,15] (20)   4041.93
[50,40]   [60,50,15] (25)   3829.69
[50,40]   [60,50,15] (30)   607.267
[50,40]   [60,50,20] (0)   4098.74
[50,40]   [60,50,20] (5)   4055.02
[50,40]   [60,50,20] (10)   3993.99
[50,40]   [60,50,20] (15)   4053.34
[50,40]   [60,50,20] (20)   4010.39
[50,40]   [60,50,20] (25)   3701.27
[50,40]   [60,50,20] (30)   360.513
[50,40]   [60,60,5] (0)   308.802
[50,40]   [60,60,5] (5)   318.876
[50,40]   [60,60,5] (10)   309.784
[50,40]   [60,60,5] (15)   348.573
[50,40]   [60,60,5] (20)   314.519
[50,40]   [60,60,5] (25)   359.095
[50,40]   [60,60,5] (30)   286.553
[50,40]   [60,60,10] (0)   332.479
[50,40]   [60,60,10] (5)   399.438
[50,40]   [60,60,10] (10)   332.849
[50,40]   [60,60,10] (15)   291.925
[50,40]   [60,60,10] (20)   356.204
[50,40]   [60,60,10] (25)   313.837
[50,40]   [60,60,10] (30)   229.811
[50,40]   [60,60,15] (0)   314.563
[50,40]   [60,60,15] (5)   355.896
[50,40]   [60,60,15] (10)   365.983
[50,40]   [60,60,15] (15)   341.643
[50,40]   [60,60,15] (20)   323.665
[50,40]   [60,60,15] (25)   319.432
[50,40]   [60,60,15] (30)   248.142
[50,40]   [60,60,20] (0)   345.56
[50,40]   [60,60,20] (5)   340.94
[50,40]   [60,60,20] (10)   309.324
[50,40]   [60,60,20] (15)   316.651
[50,40]   [60,60,20] (20)   317.65
[50,40]   [60,60,20] (25)   335.298
[50,40]   [60,60,20] (30)   248.585
