[70,40]   [10,10,5] (0)   91.6696
[70,40]   [10,10,5] (5)   64.7041
[70,40]   [10,10,5] (10)   62.9914
[70,40]   [10,10,5] (15)   72.7704
[70,40]   [10,10,5] (20)   82.461
[70,40]   [10,10,5] (25)   92.5653
[70,40]   [10,10,5] (30)   102.314
[70,40]   [10,10,10] (0)   90.6883
[70,40]   [10,10,10] (5)   73.878
[70,40]   [10,10,10] (10)   78.9743
[70,40]   [10,10,10] (15)   87.8487
[70,40]   [10,10,10] (20)   96.5285
[70,40]   [10,10,10] (25)   105.442
[70,40]   [10,10,10] (30)   113.97
[70,40]   [10,10,15] (0)   90.4565
[70,40]   [10,10,15] (5)   76.1931
[70,40]   [10,10,15] (10)   83.034
[70,40]   [10,10,15] (15)   91.879
[70,40]   [10,10,15] (20)   100.778
[70,40]   [10,10,15] (25)   109.838
[70,40]   [10,10,15] (30)   118.641
[70,40]   [10,10,20] (0)   91.1148
[70,40]   [10,10,20] (5)   85.2463
[70,40]   [10,10,20] (10)   93.0142
[70,40]   [10,10,20] (15)   101.193
[70,40]   [10,10,20] (20)   110.172
[70,40]   [10,10,20] (25)   118.668
[70,40]   [10,10,20] (30)   127.332
[70,40]   [10,20,5] (0)   8201.35
[70,40]   [10,20,5] (5)   8240.74
[70,40]   [10,20,5] (10)   8206.9
[70,40]   [10,20,5] (15)   8213.47
[70,40]   [10,20,5] (20)   8159.48
[70,40]   [10,20,5] (25)   7827.43
[70,40]   [10,20,5] (30)   7495.66
[70,40]   [10,20,10] (0)   8188.58
[70,40]   [10,20,10] (5)   8181.25
[70,40]   [10,20,10] (10)   8239.57
[70,40]   [10,20,10] (15)   8157
[70,40]   [10,20,10] (20)   8330.2
[70,40]   [10,20,10] (25)   8358.05
[70,40]   [10,20,10] (30)   8293.49
[70,40]   [10,20,15] (0)   8192.65
[70,40]   [10,20,15] (5)   8209.69
[70,40]   [10,20,15] (10)   8256.61
[70,40]   [10,20,15] (15)   8150.35
[70,40]   [10,20,15] (20)   8243.4
[70,40]   [10,20,15] (25)   7032.38
[70,40]   [10,20,15] (30)   6663.69
[70,40]   [10,20,20] (0)   8256.6
[70,40]   [10,20,20] (5)   8227.94
[70,40]   [10,20,20] (10)   8263.33
[70,40]   [10,20,20] (15)   8277.65
[70,40]   [10,20,20] (20)   8182.06
[70,40]   [10,20,20] (25)   8373.08
[70,40]   [10,20,20] (30)   8296.95
[70,40]   [10,30,5] (0)   17617.9
[70,40]   [10,30,5] (5)   17523.3
[70,40]   [10,30,5] (10)   17498.3
[70,40]   [10,30,5] (15)   17635.2
[70,40]   [10,30,5] (20)   17607.6
[70,40]   [10,30,5] (25)   17155
[70,40]   [10,30,5] (30)   16581.2
[70,40]   [10,30,10] (0)   17614.8
[70,40]   [10,30,10] (5)   17714.8
[70,40]   [10,30,10] (10)   17591.9
[70,40]   [10,30,10] (15)   17639.2
[70,40]   [10,30,10] (20)   17622.4
[70,40]   [10,30,10] (25)   17452.6
[70,40]   [10,30,10] (30)   17576.2
[70,40]   [10,30,15] (0)   17654.4
[70,40]   [10,30,15] (5)   17670.2
[70,40]   [10,30,15] (10)   17660.2
[70,40]   [10,30,15] (15)   17745.5
[70,40]   [10,30,15] (20)   17484.5
[70,40]   [10,30,15] (25)   17652.5
[70,40]   [10,30,15] (30)   17274.4
[70,40]   [10,30,20] (0)   17728.9
[70,40]   [10,30,20] (5)   17692.7
[70,40]   [10,30,20] (10)   17754.7
[70,40]   [10,30,20] (15)   17702.3
[70,40]   [10,30,20] (20)   17418.6
[70,40]   [10,30,20] (25)   17469.6
[70,40]   [10,30,20] (30)   17748.3
[70,40]   [10,40,5] (0)   26372.7
[70,40]   [10,40,5] (5)   26408.3
[70,40]   [10,40,5] (10)   26397.9
[70,40]   [10,40,5] (15)   26275.5
[70,40]   [10,40,5] (20)   26302.7
[70,40]   [10,40,5] (25)   26352.8
[70,40]   [10,40,5] (30)   26293.8
[70,40]   [10,40,10] (0)   26399.1
[70,40]   [10,40,10] (5)   26463.5
[70,40]   [10,40,10] (10)   26427.3
[70,40]   [10,40,10] (15)   26399.9
[70,40]   [10,40,10] (20)   26449.1
[70,40]   [10,40,10] (25)   26398.6
[70,40]   [10,40,10] (30)   26274.6
[70,40]   [10,40,15] (0)   26348.7
[70,40]   [10,40,15] (5)   26398
[70,40]   [10,40,15] (10)   26397.2
[70,40]   [10,40,15] (15)   26380.7
[70,40]   [10,40,15] (20)   26427
[70,40]   [10,40,15] (25)   26393.3
[70,40]   [10,40,15] (30)   26409.9
[70,40]   [10,40,20] (0)   26386.2
[70,40]   [10,40,20] (5)   26101.9
[70,40]   [10,40,20] (10)   26384.8
[70,40]   [10,40,20] (15)   26403.3
[70,40]   [10,40,20] (20)   26411.4
[70,40]   [10,40,20] (25)   26463.6
[70,40]   [10,40,20] (30)   26388.6
[70,40]   [10,50,5] (0)   33454.6
[70,40]   [10,50,5] (5)   33438.7
[70,40]   [10,50,5] (10)   33264.5
[70,40]   [10,50,5] (15)   33532.6
[70,40]   [10,50,5] (20)   33470.7
[70,40]   [10,50,5] (25)   33511.6
[70,40]   [10,50,5] (30)   33353.9
[70,40]   [10,50,10] (0)   33556.4
[70,40]   [10,50,10] (5)   33529.2
[70,40]   [10,50,10] (10)   33481.2
[70,40]   [10,50,10] (15)   33509.8
[70,40]   [10,50,10] (20)   33475.6
[70,40]   [10,50,10] (25)   33353.1
[70,40]   [10,50,10] (30)   33509.7
[70,40]   [10,50,15] (0)   33509.1
[70,40]   [10,50,15] (5)   33470.6
[70,40]   [10,50,15] (10)   33477.8
[70,40]   [10,50,15] (15)   33505.6
[70,40]   [10,50,15] (20)   33478.8
[70,40]   [10,50,15] (25)   33520.5
[70,40]   [10,50,15] (30)   33344.6
[70,40]   [10,50,20] (0)   33362.6
[70,40]   [10,50,20] (5)   33494
[70,40]   [10,50,20] (10)   33477.2
[70,40]   [10,50,20] (15)   33355.1
[70,40]   [10,50,20] (20)   33487.6
[70,40]   [10,50,20] (25)   33512.3
[70,40]   [10,50,20] (30)   33415.4
[70,40]   [10,60,5] (0)   39808.4
[70,40]   [10,60,5] (5)   39849.4
[70,40]   [10,60,5] (10)   39769.7
[70,40]   [10,60,5] (15)   39823
[70,40]   [10,60,5] (20)   39798.1
[70,40]   [10,60,5] (25)   39839.2
[70,40]   [10,60,5] (30)   39843.3
[70,40]   [10,60,10] (0)   39775.8
[70,40]   [10,60,10] (5)   39813.2
[70,40]   [10,60,10] (10)   39779.9
[70,40]   [10,60,10] (15)   39821.5
[70,40]   [10,60,10] (20)   39821.6
[70,40]   [10,60,10] (25)   39839.6
[70,40]   [10,60,10] (30)   39804.1
[70,40]   [10,60,15] (0)   39771.9
[70,40]   [10,60,15] (5)   39831.6
[70,40]   [10,60,15] (10)   39830.6
[70,40]   [10,60,15] (15)   39787.3
[70,40]   [10,60,15] (20)   39818.8
[70,40]   [10,60,15] (25)   39799.2
[70,40]   [10,60,15] (30)   39887.6
[70,40]   [10,60,20] (0)   39825.7
[70,40]   [10,60,20] (5)   39838.3
[70,40]   [10,60,20] (10)   39751.1
[70,40]   [10,60,20] (15)   39778.5
[70,40]   [10,60,20] (20)   39854.9
[70,40]   [10,60,20] (25)   39850.3
[70,40]   [10,60,20] (30)   39795.6
[70,40]   [20,10,5] (0)   7569.75
[70,40]   [20,10,5] (5)   1535.42
[70,40]   [20,10,5] (10)   66.0888
[70,40]   [20,10,5] (15)   68.3632
[70,40]   [20,10,5] (20)   77.9696
[70,40]   [20,10,5] (25)   87.5871
[70,40]   [20,10,5] (30)   97.9286
[70,40]   [20,10,10] (0)   7607.86
[70,40]   [20,10,10] (5)   1688.07
[70,40]   [20,10,10] (10)   84.4639
[70,40]   [20,10,10] (15)   87.8387
[70,40]   [20,10,10] (20)   95.9908
[70,40]   [20,10,10] (25)   104.141
[70,40]   [20,10,10] (30)   112.173
[70,40]   [20,10,15] (0)   7604.79
[70,40]   [20,10,15] (5)   110.241
[70,40]   [20,10,15] (10)   88.3449
[70,40]   [20,10,15] (15)   94.5094
[70,40]   [20,10,15] (20)   102.724
[70,40]   [20,10,15] (25)   110.758
[70,40]   [20,10,15] (30)   118.974
[70,40]   [20,10,20] (0)   7663.04
[70,40]   [20,10,20] (5)   132.392
[70,40]   [20,10,20] (10)   101.624
[70,40]   [20,10,20] (15)   106.634
[70,40]   [20,10,20] (20)   114.818
[70,40]   [20,10,20] (25)   122.802
[70,40]   [20,10,20] (30)   130.636
[70,40]   [20,20,5] (0)   127.735
[70,40]   [20,20,5] (5)   127.772
[70,40]   [20,20,5] (10)   112.257
[70,40]   [20,20,5] (15)   99.9695
[70,40]   [20,20,5] (20)   106.155
[70,40]   [20,20,5] (25)   114.618
[70,40]   [20,20,5] (30)   122.597
[70,40]   [20,20,10] (0)   126.313
[70,40]   [20,20,10] (5)   130.013
[70,40]   [20,20,10] (10)   117.206
[70,40]   [20,20,10] (15)   114.024
[70,40]   [20,20,10] (20)   121.415
[70,40]   [20,20,10] (25)   129.44
[70,40]   [20,20,10] (30)   137.002
[70,40]   [20,20,15] (0)   127.184
[70,40]   [20,20,15] (5)   127.847
[70,40]   [20,20,15] (10)   114.025
[70,40]   [20,20,15] (15)   116.184
[70,40]   [20,20,15] (20)   123.309
[70,40]   [20,20,15] (25)   131.242
[70,40]   [20,20,15] (30)   139.674
[70,40]   [20,20,20] (0)   127.001
[70,40]   [20,20,20] (5)   130.051
[70,40]   [20,20,20] (10)   121.401
[70,40]   [20,20,20] (15)   126.312
[70,40]   [20,20,20] (20)   133.556
[70,40]   [20,20,20] (25)   140.881
[70,40]   [20,20,20] (30)   148.984
[70,40]   [20,30,5] (0)   5828.84
[70,40]   [20,30,5] (5)   5932.41
[70,40]   [20,30,5] (10)   5831.28
[70,40]   [20,30,5] (15)   5806.92
[70,40]   [20,30,5] (20)   5816.93
[70,40]   [20,30,5] (25)   5883.12
[70,40]   [20,30,5] (30)   5783.79
[70,40]   [20,30,10] (0)   5827.47
[70,40]   [20,30,10] (5)   5829.56
[70,40]   [20,30,10] (10)   5861.71
[70,40]   [20,30,10] (15)   5794.08
[70,40]   [20,30,10] (20)   5895.71
[70,40]   [20,30,10] (25)   5875.11
[70,40]   [20,30,10] (30)   5849.34
[70,40]   [20,30,15] (0)   5901.86
[70,40]   [20,30,15] (5)   5891.24
[70,40]   [20,30,15] (10)   5814.7
[70,40]   [20,30,15] (15)   5864.75
[70,40]   [20,30,15] (20)   5985.52
[70,40]   [20,30,15] (25)   5881.66
[70,40]   [20,30,15] (30)   5042.75
[70,40]   [20,30,20] (0)   5902.5
[70,40]   [20,30,20] (5)   5935.91
[70,40]   [20,30,20] (10)   5718.52
[70,40]   [20,30,20] (15)   6009.87
[70,40]   [20,30,20] (20)   5795.08
[70,40]   [20,30,20] (25)   5860.15
[70,40]   [20,30,20] (30)   5753.56
[70,40]   [20,40,5] (0)   14838.5
[70,40]   [20,40,5] (5)   14812.7
[70,40]   [20,40,5] (10)   14694.5
[70,40]   [20,40,5] (15)   14845.2
[70,40]   [20,40,5] (20)   14843.6
[70,40]   [20,40,5] (25)   14803.7
[70,40]   [20,40,5] (30)   14688.5
[70,40]   [20,40,10] (0)   14713.7
[70,40]   [20,40,10] (5)   14892.7
[70,40]   [20,40,10] (10)   14747.7
[70,40]   [20,40,10] (15)   14777.6
[70,40]   [20,40,10] (20)   14906.3
[70,40]   [20,40,10] (25)   14646.4
[70,40]   [20,40,10] (30)   14747.6
[70,40]   [20,40,15] (0)   14677.3
[70,40]   [20,40,15] (5)   14480.2
[70,40]   [20,40,15] (10)   14677
[70,40]   [20,40,15] (15)   14901.1
[70,40]   [20,40,15] (20)   14844.7
[70,40]   [20,40,15] (25)   14901.9
[70,40]   [20,40,15] (30)   14752
[70,40]   [20,40,20] (0)   14704.2
[70,40]   [20,40,20] (5)   14610.4
[70,40]   [20,40,20] (10)   14656.4
[70,40]   [20,40,20] (15)   14649.6
[70,40]   [20,40,20] (20)   14880.8
[70,40]   [20,40,20] (25)   14718.6
[70,40]   [20,40,20] (30)   14934.4
[70,40]   [20,50,5] (0)   22126.7
[70,40]   [20,50,5] (5)   22036
[70,40]   [20,50,5] (10)   22090.3
[70,40]   [20,50,5] (15)   22110.6
[70,40]   [20,50,5] (20)   22155.1
[70,40]   [20,50,5] (25)   22228.8
[70,40]   [20,50,5] (30)   22154.2
[70,40]   [20,50,10] (0)   22234.5
[70,40]   [20,50,10] (5)   22030.8
[70,40]   [20,50,10] (10)   22211.8
[70,40]   [20,50,10] (15)   22186.8
[70,40]   [20,50,10] (20)   22122.7
[70,40]   [20,50,10] (25)   22088.8
[70,40]   [20,50,10] (30)   22061.9
[70,40]   [20,50,15] (0)   21757.3
[70,40]   [20,50,15] (5)   22176.6
[70,40]   [20,50,15] (10)   21800
[70,40]   [20,50,15] (15)   22171.7
[70,40]   [20,50,15] (20)   21991.4
[70,40]   [20,50,15] (25)   22076
[70,40]   [20,50,15] (30)   22175.5
[70,40]   [20,50,20] (0)   22138.5
[70,40]   [20,50,20] (5)   22175.7
[70,40]   [20,50,20] (10)   22080.3
[70,40]   [20,50,20] (15)   22158.3
[70,40]   [20,50,20] (20)   22086.5
[70,40]   [20,50,20] (25)   22048
[70,40]   [20,50,20] (30)   22018.1
[70,40]   [20,60,5] (0)   28763.8
[70,40]   [20,60,5] (5)   28720.8
[70,40]   [20,60,5] (10)   28836.9
[70,40]   [20,60,5] (15)   28801.6
[70,40]   [20,60,5] (20)   28702.2
[70,40]   [20,60,5] (25)   28754.4
[70,40]   [20,60,5] (30)   28840.3
[70,40]   [20,60,10] (0)   28617.6
[70,40]   [20,60,10] (5)   28765.9
[70,40]   [20,60,10] (10)   28730
[70,40]   [20,60,10] (15)   28846.8
[70,40]   [20,60,10] (20)   28676.8
[70,40]   [20,60,10] (25)   28430.7
[70,40]   [20,60,10] (30)   28816.7
[70,40]   [20,60,15] (0)   28802.6
[70,40]   [20,60,15] (5)   28735.9
[70,40]   [20,60,15] (10)   28782.3
[70,40]   [20,60,15] (15)   28702.4
[70,40]   [20,60,15] (20)   28782.8
[70,40]   [20,60,15] (25)   28739.2
[70,40]   [20,60,15] (30)   28859.1
[70,40]   [20,60,20] (0)   28495.2
[70,40]   [20,60,20] (5)   28792.6
[70,40]   [20,60,20] (10)   28604.6
[70,40]   [20,60,20] (15)   28629.8
[70,40]   [20,60,20] (20)   28828.1
[70,40]   [20,60,20] (25)   28504.3
[70,40]   [20,60,20] (30)   28820.5
[70,40]   [30,10,5] (0)   14204.2
[70,40]   [30,10,5] (5)   7235.83
[70,40]   [30,10,5] (10)   81.0332
[70,40]   [30,10,5] (15)   74.4629
[70,40]   [30,10,5] (20)   76.5074
[70,40]   [30,10,5] (25)   84.0107
[70,40]   [30,10,5] (30)   93.9486
[70,40]   [30,10,10] (0)   14176.4
[70,40]   [30,10,10] (5)   7561.28
[70,40]   [30,10,10] (10)   116.329
[70,40]   [30,10,10] (15)   93.9437
[70,40]   [30,10,10] (20)   95.4426
[70,40]   [30,10,10] (25)   102.422
[70,40]   [30,10,10] (30)   110.724
[70,40]   [30,10,15] (0)   14264.5
[70,40]   [30,10,15] (5)   3708.31
[70,40]   [30,10,15] (10)   99.6968
[70,40]   [30,10,15] (15)   100.711
[70,40]   [30,10,15] (20)   104.368
[70,40]   [30,10,15] (25)   111.723
[70,40]   [30,10,15] (30)   119.866
[70,40]   [30,10,20] (0)   14175.3
[70,40]   [30,10,20] (5)   3081.97
[70,40]   [30,10,20] (10)   108.438
[70,40]   [30,10,20] (15)   109.821
[70,40]   [30,10,20] (20)   117.692
[70,40]   [30,10,20] (25)   124.904
[70,40]   [30,10,20] (30)   132.821
[70,40]   [30,20,5] (0)   6380.28
[70,40]   [30,20,5] (5)   6372.99
[70,40]   [30,20,5] (10)   4056.13
[70,40]   [30,20,5] (15)   107.736
[70,40]   [30,20,5] (20)   93.3827
[70,40]   [30,20,5] (25)   96.9414
[70,40]   [30,20,5] (30)   104.984
[70,40]   [30,20,10] (0)   6267.2
[70,40]   [30,20,10] (5)   6369.55
[70,40]   [30,20,10] (10)   4421.48
[70,40]   [30,20,10] (15)   120.137
[70,40]   [30,20,10] (20)   112.667
[70,40]   [30,20,10] (25)   117.875
[70,40]   [30,20,10] (30)   125.697
[70,40]   [30,20,15] (0)   6323.69
[70,40]   [30,20,15] (5)   6371.59
[70,40]   [30,20,15] (10)   2687.45
[70,40]   [30,20,15] (15)   118.813
[70,40]   [30,20,15] (20)   118.941
[70,40]   [30,20,15] (25)   125.124
[70,40]   [30,20,15] (30)   133.04
[70,40]   [30,20,20] (0)   6283.41
[70,40]   [30,20,20] (5)   6342.29
[70,40]   [30,20,20] (10)   3037.84
[70,40]   [30,20,20] (15)   129.36
[70,40]   [30,20,20] (20)   130.989
[70,40]   [30,20,20] (25)   138.169
[70,40]   [30,20,20] (30)   145.215
[70,40]   [30,30,5] (0)   163.566
[70,40]   [30,30,5] (5)   162.233
[70,40]   [30,30,5] (10)   161.14
[70,40]   [30,30,5] (15)   150.916
[70,40]   [30,30,5] (20)   127.561
[70,40]   [30,30,5] (25)   123.222
[70,40]   [30,30,5] (30)   131.059
[70,40]   [30,30,10] (0)   159.768
[70,40]   [30,30,10] (5)   168.669
[70,40]   [30,30,10] (10)   162.148
[70,40]   [30,30,10] (15)   152.247
[70,40]   [30,30,10] (20)   139.218
[70,40]   [30,30,10] (25)   143.276
[70,40]   [30,30,10] (30)   151.035
[70,40]   [30,30,15] (0)   160.132
[70,40]   [30,30,15] (5)   159.888
[70,40]   [30,30,15] (10)   160.316
[70,40]   [30,30,15] (15)   150.161
[70,40]   [30,30,15] (20)   140.326
[70,40]   [30,30,15] (25)   145.94
[70,40]   [30,30,15] (30)   153.613
[70,40]   [30,30,20] (0)   162.903
[70,40]   [30,30,20] (5)   161.574
[70,40]   [30,30,20] (10)   160.303
[70,40]   [30,30,20] (15)   152.361
[70,40]   [30,30,20] (20)   148.838
[70,40]   [30,30,20] (25)   155.352
[70,40]   [30,30,20] (30)   162.832
[70,40]   [30,40,5] (0)   3870.89
[70,40]   [30,40,5] (5)   3902.44
[70,40]   [30,40,5] (10)   3842.58
[70,40]   [30,40,5] (15)   3953.31
[70,40]   [30,40,5] (20)   3814.07
[70,40]   [30,40,5] (25)   3907.2
[70,40]   [30,40,5] (30)   3621.1
[70,40]   [30,40,10] (0)   3807.67
[70,40]   [30,40,10] (5)   3730.21
[70,40]   [30,40,10] (10)   3840.6
[70,40]   [30,40,10] (15)   3677.3
[70,40]   [30,40,10] (20)   3879.14
[70,40]   [30,40,10] (25)   3831.71
[70,40]   [30,40,10] (30)   3743.97
[70,40]   [30,40,15] (0)   3876.32
[70,40]   [30,40,15] (5)   3764.16
[70,40]   [30,40,15] (10)   3733.85
[70,40]   [30,40,15] (15)   3798.21
[70,40]   [30,40,15] (20)   3839.13
[70,40]   [30,40,15] (25)   3825.11
[70,40]   [30,40,15] (30)   3921.51
[70,40]   [30,40,20] (0)   3830.85
[70,40]   [30,40,20] (5)   3817.6
[70,40]   [30,40,20] (10)   3736.92
[70,40]   [30,40,20] (15)   3858.58
[70,40]   [30,40,20] (20)   3850.17
[70,40]   [30,40,20] (25)   3807.94
[70,40]   [30,40,20] (30)   3650.52
[70,40]   [30,50,5] (0)   11347
[70,40]   [30,50,5] (5)   11262.2
[70,40]   [30,50,5] (10)   11246.1
[70,40]   [30,50,5] (15)   11339.6
[70,40]   [30,50,5] (20)   11343.2
[70,40]   [30,50,5] (25)   11268.9
[70,40]   [30,50,5] (30)   11371.7
[70,40]   [30,50,10] (0)   11320
[70,40]   [30,50,10] (5)   11224.7
[70,40]   [30,50,10] (10)   11158
[70,40]   [30,50,10] (15)   11392.1
[70,40]   [30,50,10] (20)   11137.2
[70,40]   [30,50,10] (25)   11156
[70,40]   [30,50,10] (30)   11246.9
[70,40]   [30,50,15] (0)   11371.2
[70,40]   [30,50,15] (5)   11278.9
[70,40]   [30,50,15] (10)   11286.5
[70,40]   [30,50,15] (15)   11321
[70,40]   [30,50,15] (20)   11342.6
[70,40]   [30,50,15] (25)   11272.3
[70,40]   [30,50,15] (30)   11251.6
[70,40]   [30,50,20] (0)   11405.2
[70,40]   [30,50,20] (5)   11197.1
[70,40]   [30,50,20] (10)   11272.7
[70,40]   [30,50,20] (15)   11153.8
[70,40]   [30,50,20] (20)   11279.2
[70,40]   [30,50,20] (25)   11362.6
[70,40]   [30,50,20] (30)   11163.3
[70,40]   [30,60,5] (0)   18288.3
[70,40]   [30,60,5] (5)   18208.2
[70,40]   [30,60,5] (10)   18232.9
[70,40]   [30,60,5] (15)   18142
[70,40]   [30,60,5] (20)   18220
[70,40]   [30,60,5] (25)   18347.4
[70,40]   [30,60,5] (30)   18359.2
[70,40]   [30,60,10] (0)   18082.2
[70,40]   [30,60,10] (5)   18192.8
[70,40]   [30,60,10] (10)   18491
[70,40]   [30,60,10] (15)   18346.9
[70,40]   [30,60,10] (20)   18386.2
[70,40]   [30,60,10] (25)   18359.4
[70,40]   [30,60,10] (30)   18213.1
[70,40]   [30,60,15] (0)   18272
[70,40]   [30,60,15] (5)   18174.6
[70,40]   [30,60,15] (10)   18196.1
[70,40]   [30,60,15] (15)   18074.6
[70,40]   [30,60,15] (20)   18375
[70,40]   [30,60,15] (25)   18296
[70,40]   [30,60,15] (30)   18429.6
[70,40]   [30,60,20] (0)   18070.1
[70,40]   [30,60,20] (5)   18118.3
[70,40]   [30,60,20] (10)   18168.1
[70,40]   [30,60,20] (15)   18502
[70,40]   [30,60,20] (20)   18332
[70,40]   [30,60,20] (25)   18190.9
[70,40]   [30,60,20] (30)   18098.5
[70,40]   [40,10,5] (0)   19922.2
[70,40]   [40,10,5] (5)   11962.6
[70,40]   [40,10,5] (10)   146.946
[70,40]   [40,10,5] (15)   83.5933
[70,40]   [40,10,5] (20)   82.7819
[70,40]   [40,10,5] (25)   86.1767
[70,40]   [40,10,5] (30)   95.7263
[70,40]   [40,10,10] (0)   20322.5
[70,40]   [40,10,10] (5)   13013.5
[70,40]   [40,10,10] (10)   3711.06
[70,40]   [40,10,10] (15)   108.874
[70,40]   [40,10,10] (20)   103.004
[70,40]   [40,10,10] (25)   104.157
[70,40]   [40,10,10] (30)   109.581
[70,40]   [40,10,15] (0)   19912.9
[70,40]   [40,10,15] (5)   9115.25
[70,40]   [40,10,15] (10)   1432.32
[70,40]   [40,10,15] (15)   113.884
[70,40]   [40,10,15] (20)   110.909
[70,40]   [40,10,15] (25)   114.475
[70,40]   [40,10,15] (30)   120.351
[70,40]   [40,10,20] (0)   19967.2
[70,40]   [40,10,20] (5)   8593.22
[70,40]   [40,10,20] (10)   128.549
[70,40]   [40,10,20] (15)   125.261
[70,40]   [40,10,20] (20)   125.455
[70,40]   [40,10,20] (25)   128.879
[70,40]   [40,10,20] (30)   134.968
[70,40]   [40,20,5] (0)   12126.5
[70,40]   [40,20,5] (5)   12110.2
[70,40]   [40,20,5] (10)   9530.51
[70,40]   [40,20,5] (15)   204.621
[70,40]   [40,20,5] (20)   103.556
[70,40]   [40,20,5] (25)   95.8246
[70,40]   [40,20,5] (30)   98.5979
[70,40]   [40,20,10] (0)   12069.8
[70,40]   [40,20,10] (5)   12137.1
[70,40]   [40,20,10] (10)   9903.12
[70,40]   [40,20,10] (15)   1730.5
[70,40]   [40,20,10] (20)   124.644
[70,40]   [40,20,10] (25)   118.191
[70,40]   [40,20,10] (30)   121.489
[70,40]   [40,20,15] (0)   12181
[70,40]   [40,20,15] (5)   12080.6
[70,40]   [40,20,15] (10)   8404.85
[70,40]   [40,20,15] (15)   142.297
[70,40]   [40,20,15] (20)   126.46
[70,40]   [40,20,15] (25)   125.574
[70,40]   [40,20,15] (30)   130.147
[70,40]   [40,20,20] (0)   12187.9
[70,40]   [40,20,20] (5)   12141.3
[70,40]   [40,20,20] (10)   8652.79
[70,40]   [40,20,20] (15)   142.324
[70,40]   [40,20,20] (20)   135.514
[70,40]   [40,20,20] (25)   139.108
[70,40]   [40,20,20] (30)   145.355
[70,40]   [40,30,5] (0)   5333.46
[70,40]   [40,30,5] (5)   5353.25
[70,40]   [40,30,5] (10)   5316.35
[70,40]   [40,30,5] (15)   4215.38
[70,40]   [40,30,5] (20)   147.329
[70,40]   [40,30,5] (25)   118.158
[70,40]   [40,30,5] (30)   114.056
[70,40]   [40,30,10] (0)   5325.17
[70,40]   [40,30,10] (5)   5329.59
[70,40]   [40,30,10] (10)   5421.63
[70,40]   [40,30,10] (15)   4503.22
[70,40]   [40,30,10] (20)   165.661
[70,40]   [40,30,10] (25)   138.622
[70,40]   [40,30,10] (30)   139.185
[70,40]   [40,30,15] (0)   5333.06
[70,40]   [40,30,15] (5)   5384.6
[70,40]   [40,30,15] (10)   5344.61
[70,40]   [40,30,15] (15)   3457.79
[70,40]   [40,30,15] (20)   149.007
[70,40]   [40,30,15] (25)   142.736
[70,40]   [40,30,15] (30)   145.811
[70,40]   [40,30,20] (0)   5329.81
[70,40]   [40,30,20] (5)   5358.76
[70,40]   [40,30,20] (10)   5342.39
[70,40]   [40,30,20] (15)   3733.19
[70,40]   [40,30,20] (20)   156.166
[70,40]   [40,30,20] (25)   153.831
[70,40]   [40,30,20] (30)   158.276
[70,40]   [40,40,5] (0)   188.452
[70,40]   [40,40,5] (5)   187.747
[70,40]   [40,40,5] (10)   187.118
[70,40]   [40,40,5] (15)   189.334
[70,40]   [40,40,5] (20)   187.106
[70,40]   [40,40,5] (25)   160.795
[70,40]   [40,40,5] (30)   147.77
[70,40]   [40,40,10] (0)   188.195
[70,40]   [40,40,10] (5)   185.885
[70,40]   [40,40,10] (10)   188.851
[70,40]   [40,40,10] (15)   188.375
[70,40]   [40,40,10] (20)   184.03
[70,40]   [40,40,10] (25)   167.605
[70,40]   [40,40,10] (30)   165.728
[70,40]   [40,40,15] (0)   190.819
[70,40]   [40,40,15] (5)   186.982
[70,40]   [40,40,15] (10)   190.031
[70,40]   [40,40,15] (15)   190.748
[70,40]   [40,40,15] (20)   186.62
[70,40]   [40,40,15] (25)   167.94
[70,40]   [40,40,15] (30)   168.491
[70,40]   [40,40,20] (0)   186.648
[70,40]   [40,40,20] (5)   187.852
[70,40]   [40,40,20] (10)   188.35
[70,40]   [40,40,20] (15)   187.058
[70,40]   [40,40,20] (20)   182.594
[70,40]   [40,40,20] (25)   175.297
[70,40]   [40,40,20] (30)   179.293
[70,40]   [40,50,5] (0)   2533.63
[70,40]   [40,50,5] (5)   2605.68
[70,40]   [40,50,5] (10)   2601.6
[70,40]   [40,50,5] (15)   2657.05
[70,40]   [40,50,5] (20)   2644.53
[70,40]   [40,50,5] (25)   2497.77
[70,40]   [40,50,5] (30)   2455.21
[70,40]   [40,50,10] (0)   2565.89
[70,40]   [40,50,10] (5)   2634.54
[70,40]   [40,50,10] (10)   2699.81
[70,40]   [40,50,10] (15)   2666.15
[70,40]   [40,50,10] (20)   2700.19
[70,40]   [40,50,10] (25)   2710.4
[70,40]   [40,50,10] (30)   2650.45
[70,40]   [40,50,15] (0)   2537.76
[70,40]   [40,50,15] (5)   2603.43
[70,40]   [40,50,15] (10)   2629.72
[70,40]   [40,50,15] (15)   2716.73
[70,40]   [40,50,15] (20)   2527.05
[70,40]   [40,50,15] (25)   2576.68
[70,40]   [40,50,15] (30)   2572.13
[70,40]   [40,50,20] (0)   2597.58
[70,40]   [40,50,20] (5)   2628.89
[70,40]   [40,50,20] (10)   2596.38
[70,40]   [40,50,20] (15)   2543.95
[70,40]   [40,50,20] (20)   2727.46
[70,40]   [40,50,20] (25)   2627.05
[70,40]   [40,50,20] (30)   2617.29
[70,40]   [40,60,5] (0)   9591.59
[70,40]   [40,60,5] (5)   9487.72
[70,40]   [40,60,5] (10)   9445.3
[70,40]   [40,60,5] (15)   9515.25
[70,40]   [40,60,5] (20)   9570.98
[70,40]   [40,60,5] (25)   9750.82
[70,40]   [40,60,5] (30)   9558.75
[70,40]   [40,60,10] (0)   9604.05
[70,40]   [40,60,10] (5)   9726.11
[70,40]   [40,60,10] (10)   9647.7
[70,40]   [40,60,10] (15)   9530.23
[70,40]   [40,60,10] (20)   9697.09
[70,40]   [40,60,10] (25)   9725.01
[70,40]   [40,60,10] (30)   9703.86
[70,40]   [40,60,15] (0)   9725.56
[70,40]   [40,60,15] (5)   9709.89
[70,40]   [40,60,15] (10)   9797.1
[70,40]   [40,60,15] (15)   9717.52
[70,40]   [40,60,15] (20)   9639.77
[70,40]   [40,60,15] (25)   9711.1
[70,40]   [40,60,15] (30)   9596.32
[70,40]   [40,60,20] (0)   9529.01
[70,40]   [40,60,20] (5)   9533.1
[70,40]   [40,60,20] (10)   9719
[70,40]   [40,60,20] (15)   9393.99
[70,40]   [40,60,20] (20)   9699.98
[70,40]   [40,60,20] (25)   9603.4
[70,40]   [40,60,20] (30)   9642.78
[70,40]   [50,10,5] (0)   25245.1
[70,40]   [50,10,5] (5)   16437.5
[70,40]   [50,10,5] (10)   3058.31
[70,40]   [50,10,5] (15)   94.686
[70,40]   [50,10,5] (20)   89.7284
[70,40]   [50,10,5] (25)   92.1517
[70,40]   [50,10,5] (30)   96.6452
[70,40]   [50,10,10] (0)   25278.3
[70,40]   [50,10,10] (5)   17668.4
[70,40]   [50,10,10] (10)   8151.15
[70,40]   [50,10,10] (15)   1728.81
[70,40]   [50,10,10] (20)   115.565
[70,40]   [50,10,10] (25)   111.214
[70,40]   [50,10,10] (30)   113.111
[70,40]   [50,10,15] (0)   25100.1
[70,40]   [50,10,15] (5)   14473.2
[70,40]   [50,10,15] (10)   5892.33
[70,40]   [50,10,15] (15)   180.198
[70,40]   [50,10,15] (20)   121.107
[70,40]   [50,10,15] (25)   120.727
[70,40]   [50,10,15] (30)   124.849
[70,40]   [50,10,20] (0)   24951.9
[70,40]   [50,10,20] (5)   13498.4
[70,40]   [50,10,20] (10)   3838.88
[70,40]   [50,10,20] (15)   2034.57
[70,40]   [50,10,20] (20)   135.394
[70,40]   [50,10,20] (25)   132.968
[70,40]   [50,10,20] (30)   137.166
[70,40]   [50,20,5] (0)   17508
[70,40]   [50,20,5] (5)   17546.4
[70,40]   [50,20,5] (10)   14414
[70,40]   [50,20,5] (15)   4033.83
[70,40]   [50,20,5] (20)   116.306
[70,40]   [50,20,5] (25)   102.216
[70,40]   [50,20,5] (30)   102.987
[70,40]   [50,20,10] (0)   17563.6
[70,40]   [50,20,10] (5)   17442.7
[70,40]   [50,20,10] (10)   15096.1
[70,40]   [50,20,10] (15)   6460.68
[70,40]   [50,20,10] (20)   399.882
[70,40]   [50,20,10] (25)   128.092
[70,40]   [50,20,10] (30)   123.225
[70,40]   [50,20,15] (0)   17438.8
[70,40]   [50,20,15] (5)   17570
[70,40]   [50,20,15] (10)   13794.1
[70,40]   [50,20,15] (15)   3060.29
[70,40]   [50,20,15] (20)   155.214
[70,40]   [50,20,15] (25)   131.875
[70,40]   [50,20,15] (30)   132.463
[70,40]   [50,20,20] (0)   17513.1
[70,40]   [50,20,20] (5)   17492.8
[70,40]   [50,20,20] (10)   14246.9
[70,40]   [50,20,20] (15)   1373.82
[70,40]   [50,20,20] (20)   155.91
[70,40]   [50,20,20] (25)   145.368
[70,40]   [50,20,20] (30)   144.528
[70,40]   [50,30,5] (0)   10998.4
[70,40]   [50,30,5] (5)   10934
[70,40]   [50,30,5] (10)   10879.4
[70,40]   [50,30,5] (15)   9298.54
[70,40]   [50,30,5] (20)   1565.48
[70,40]   [50,30,5] (25)   127.903
[70,40]   [50,30,5] (30)   116.381
[70,40]   [50,30,10] (0)   10910.7
[70,40]   [50,30,10] (5)   10953
[70,40]   [50,30,10] (10)   10930.2
[70,40]   [50,30,10] (15)   9780.86
[70,40]   [50,30,10] (20)   3178.28
[70,40]   [50,30,10] (25)   152.481
[70,40]   [50,30,10] (30)   139.391
[70,40]   [50,30,15] (0)   10924
[70,40]   [50,30,15] (5)   10922.4
[70,40]   [50,30,15] (10)   10917.5
[70,40]   [50,30,15] (15)   8790.6
[70,40]   [50,30,15] (20)   562.209
[70,40]   [50,30,15] (25)   150.68
[70,40]   [50,30,15] (30)   144.778
[70,40]   [50,30,20] (0)   10928.5
[70,40]   [50,30,20] (5)   10928.9
[70,40]   [50,30,20] (10)   10893.4
[70,40]   [50,30,20] (15)   9218.68
[70,40]   [50,30,20] (20)   214.433
[70,40]   [50,30,20] (25)   158.503
[70,40]   [50,30,20] (30)   158.447
[70,40]   [50,40,5] (0)   5020.76
[70,40]   [50,40,5] (5)   5001.91
[70,40]   [50,40,5] (10)   5015.84
[70,40]   [50,40,5] (15)   4992.49
[70,40]   [50,40,5] (20)   4651.99
[70,40]   [50,40,5] (25)   708.808
[70,40]   [50,40,5] (30)   145.87
[70,40]   [50,40,10] (0)   5029.12
[70,40]   [50,40,10] (5)   5116.55
[70,40]   [50,40,10] (10)   5099.83
[70,40]   [50,40,10] (15)   5040.1
[70,40]   [50,40,10] (20)   4558.92
[70,40]   [50,40,10] (25)   1047.79
[70,40]   [50,40,10] (30)   165.804
[70,40]   [50,40,15] (0)   4996.36
[70,40]   [50,40,15] (5)   5050.18
[70,40]   [50,40,15] (10)   5026
[70,40]   [50,40,15] (15)   5049.94
[70,40]   [50,40,15] (20)   4256.53
[70,40]   [50,40,15] (25)   220.335
[70,40]   [50,40,15] (30)   165.487
[70,40]   [50,40,20] (0)   5056.56
[70,40]   [50,40,20] (5)   4983.64
[70,40]   [50,40,20] (10)   4991.48
[70,40]   [50,40,20] (15)   4988.18
[70,40]   [50,40,20] (20)   4234.23
[70,40]   [50,40,20] (25)   198.061
[70,40]   [50,40,20] (30)   169.004
[70,40]   [50,50,5] (0)   372.503
[70,40]   [50,50,5] (5)   295.19
[70,40]   [50,50,5] (10)   308.275
[70,40]   [50,50,5] (15)   287.668
[70,40]   [50,50,5] (20)   287.853
[70,40]   [50,50,5] (25)   359.297
[70,40]   [50,50,5] (30)   186.452
[70,40]   [50,50,10] (0)   287.858
[70,40]   [50,50,10] (5)   320.54
[70,40]   [50,50,10] (10)   299.936
[70,40]   [50,50,10] (15)   317.439
[70,40]   [50,50,10] (20)   303.662
[70,40]   [50,50,10] (25)   239.47
[70,40]   [50,50,10] (30)   192.821
[70,40]   [50,50,15] (0)   296.671
[70,40]   [50,50,15] (5)   303.364
[70,40]   [50,50,15] (10)   303.139
[70,40]   [50,50,15] (15)   313.475
[70,40]   [50,50,15] (20)   332.189
[70,40]   [50,50,15] (25)   288.232
[70,40]   [50,50,15] (30)   187.77
[70,40]   [50,50,20] (0)   291.774
[70,40]   [50,50,20] (5)   331.282
[70,40]   [50,50,20] (10)   333.762
[70,40]   [50,50,20] (15)   285.758
[70,40]   [50,50,20] (20)   319.303
[70,40]   [50,50,20] (25)   253.735
[70,40]   [50,50,20] (30)   195.321
[70,40]   [50,60,5] (0)   2688.04
[70,40]   [50,60,5] (5)   2871.5
[70,40]   [50,60,5] (10)   2821.02
[70,40]   [50,60,5] (15)   2685.75
[70,40]   [50,60,5] (20)   2881.77
[70,40]   [50,60,5] (25)   2693.18
[70,40]   [50,60,5] (30)   2867.95
[70,40]   [50,60,10] (0)   2682.03
[70,40]   [50,60,10] (5)   2825.26
[70,40]   [50,60,10] (10)   2672.06
[70,40]   [50,60,10] (15)   2589.92
[70,40]   [50,60,10] (20)   2617.2
[70,40]   [50,60,10] (25)   2776.07
[70,40]   [50,60,10] (30)   2794.96
[70,40]   [50,60,15] (0)   2832.99
[70,40]   [50,60,15] (5)   2745.45
[70,40]   [50,60,15] (10)   2683.96
[70,40]   [50,60,15] (15)   2864.34
[70,40]   [50,60,15] (20)   2782.05
[70,40]   [50,60,15] (25)   2815.53
[70,40]   [50,60,15] (30)   2811.91
[70,40]   [50,60,20] (0)   2877.67
[70,40]   [50,60,20] (5)   2855.13
[70,40]   [50,60,20] (10)   2928.36
[70,40]   [50,60,20] (15)   2636.84
[70,40]   [50,60,20] (20)   2744.53
[70,40]   [50,60,20] (25)   2674.88
[70,40]   [50,60,20] (30)   2753.68
[70,40]   [60,10,5] (0)   29590.4
[70,40]   [60,10,5] (5)   20361.7
[70,40]   [60,10,5] (10)   5754.29
[70,40]   [60,10,5] (15)   115.646
[70,40]   [60,10,5] (20)   94.1391
[70,40]   [60,10,5] (25)   97.209
[70,40]   [60,10,5] (30)   101.526
[70,40]   [60,10,10] (0)   29445.7
[70,40]   [60,10,10] (5)   21478.2
[70,40]   [60,10,10] (10)   11855
[70,40]   [60,10,10] (15)   5000.4
[70,40]   [60,10,10] (20)   380.947
[70,40]   [60,10,10] (25)   116.952
[70,40]   [60,10,10] (30)   118.487
[70,40]   [60,10,15] (0)   29451.6
[70,40]   [60,10,15] (5)   18203.3
[70,40]   [60,10,15] (10)   9548.55
[70,40]   [60,10,15] (15)   3018.46
[70,40]   [60,10,15] (20)   141.45
[70,40]   [60,10,15] (25)   129.709
[70,40]   [60,10,15] (30)   127.343
[70,40]   [60,10,20] (0)   30001
[70,40]   [60,10,20] (5)   18474.7
[70,40]   [60,10,20] (10)   7918.99
[70,40]   [60,10,20] (15)   5869.48
[70,40]   [60,10,20] (20)   155.048
[70,40]   [60,10,20] (25)   143.636
[70,40]   [60,10,20] (30)   143.874
[70,40]   [60,20,5] (0)   22178.4
[70,40]   [60,20,5] (5)   22078.6
[70,40]   [60,20,5] (10)   18621.6
[70,40]   [60,20,5] (15)   6991.59
[70,40]   [60,20,5] (20)   136.408
[70,40]   [60,20,5] (25)   109.118
[70,40]   [60,20,5] (30)   108.204
[70,40]   [60,20,10] (0)   22017.3
[70,40]   [60,20,10] (5)   22081.7
[70,40]   [60,20,10] (10)   19516.8
[70,40]   [60,20,10] (15)   10366.5
[70,40]   [60,20,10] (20)   3838.28
[70,40]   [60,20,10] (25)   149.775
[70,40]   [60,20,10] (30)   129.473
[70,40]   [60,20,15] (0)   22064.5
[70,40]   [60,20,15] (5)   21985.1
[70,40]   [60,20,15] (10)   17845.1
[70,40]   [60,20,15] (15)   7006.42
[70,40]   [60,20,15] (20)   2288.45
[70,40]   [60,20,15] (25)   142.542
[70,40]   [60,20,15] (30)   136.518
[70,40]   [60,20,20] (0)   22058.5
[70,40]   [60,20,20] (5)   22015.7
[70,40]   [60,20,20] (10)   18679.8
[70,40]   [60,20,20] (15)   5310.48
[70,40]   [60,20,20] (20)   3091.76
[70,40]   [60,20,20] (25)   169.306
[70,40]   [60,20,20] (30)   150.605
[70,40]   [60,30,5] (0)   15589.1
[70,40]   [60,30,5] (5)   15592.7
[70,40]   [60,30,5] (10)   15541
[70,40]   [60,30,5] (15)   13761
[70,40]   [60,30,5] (20)   5036.9
[70,40]   [60,30,5] (25)   142.434
[70,40]   [60,30,5] (30)   123.009
[70,40]   [60,30,10] (0)   15612.2
[70,40]   [60,30,10] (5)   15568.7
[70,40]   [60,30,10] (10)   15554.2
[70,40]   [60,30,10] (15)   14382.9
[70,40]   [60,30,10] (20)   7384.03
[70,40]   [60,30,10] (25)   1381.17
[70,40]   [60,30,10] (30)   150.506
[70,40]   [60,30,15] (0)   15576.9
[70,40]   [60,30,15] (5)   15576.7
[70,40]   [60,30,15] (10)   15595.5
[70,40]   [60,30,15] (15)   13160.2
[70,40]   [60,30,15] (20)   4337.65
[70,40]   [60,30,15] (25)   201.985
[70,40]   [60,30,15] (30)   150.175
[70,40]   [60,30,20] (0)   15569.1
[70,40]   [60,30,20] (5)   15538.9
[70,40]   [60,30,20] (10)   15546
[70,40]   [60,30,20] (15)   13713.5
[70,40]   [60,30,20] (20)   3188.34
[70,40]   [60,30,20] (25)   183.637
[70,40]   [60,30,20] (30)   164.773
[70,40]   [60,40,5] (0)   9749.47
[70,40]   [60,40,5] (5)   9815.16
[70,40]   [60,40,5] (10)   9696.7
[70,40]   [60,40,5] (15)   9636.22
[70,40]   [60,40,5] (20)   9086.01
[70,40]   [60,40,5] (25)   3954.93
[70,40]   [60,40,5] (30)   167.014
[70,40]   [60,40,10] (0)   9698.65
[70,40]   [60,40,10] (5)   9712.96
[70,40]   [60,40,10] (10)   9772.18
[70,40]   [60,40,10] (15)   9755.24
[70,40]   [60,40,10] (20)   9229.56
[70,40]   [60,40,10] (25)   4959.47
[70,40]   [60,40,10] (30)   232.861
[70,40]   [60,40,15] (0)   9703.56
[70,40]   [60,40,15] (5)   9721.95
[70,40]   [60,40,15] (10)   9808.81
[70,40]   [60,40,15] (15)   9696.65
[70,40]   [60,40,15] (20)   8842.11
[70,40]   [60,40,15] (25)   3190.3
[70,40]   [60,40,15] (30)   179.597
[70,40]   [60,40,20] (0)   9712.69
[70,40]   [60,40,20] (5)   9793.84
[70,40]   [60,40,20] (10)   9677.01
[70,40]   [60,40,20] (15)   9750.78
[70,40]   [60,40,20] (20)   8937.63
[70,40]   [60,40,20] (25)   2448.7
[70,40]   [60,40,20] (30)   186.461
[70,40]   [60,50,5] (0)   6505.49
[70,40]   [60,50,5] (5)   6591.03
[70,40]   [60,50,5] (10)   6542.27
[70,40]   [60,50,5] (15)   6544.07
[70,40]   [60,50,5] (20)   6556.45
[70,40]   [60,50,5] (25)   4742.65
[70,40]   [60,50,5] (30)   1959.66
[70,40]   [60,50,10] (0)   6526.04
[70,40]   [60,50,10] (5)   6536.03
[70,40]   [60,50,10] (10)   6579.25
[70,40]   [60,50,10] (15)   6604.4
[70,40]   [60,50,10] (20)   6507
[70,40]   [60,50,10] (25)   4948.64
[70,40]   [60,50,10] (30)   2380.74
[70,40]   [60,50,15] (0)   6493.52
[70,40]   [60,50,15] (5)   6535.29
[70,40]   [60,50,15] (10)   6617.91
[70,40]   [60,50,15] (15)   6500.12
[70,40]   [60,50,15] (20)   6474.34
[70,40]   [60,50,15] (25)   4748.63
[70,40]   [60,50,15] (30)   1191.15
[70,40]   [60,50,20] (0)   6607.23
[70,40]   [60,50,20] (5)   6534.19
[70,40]   [60,50,20] (10)   6542.9
[70,40]   [60,50,20] (15)   6529.5
[70,40]   [60,50,20] (20)   6518.56
[70,40]   [60,50,20] (25)   4834.87
[70,40]   [60,50,20] (30)   764.561
[70,40]   [60,60,5] (0)   418.688
[70,40]   [60,60,5] (5)   362.086
[70,40]   [60,60,5] (10)   362.774
[70,40]   [60,60,5] (15)   386.607
[70,40]   [60,60,5] (20)   399.68
[70,40]   [60,60,5] (25)   406.343
[70,40]   [60,60,5] (30)   475.182
[70,40]   [60,60,10] (0)   345.062
[70,40]   [60,60,10] (5)   430.534
[70,40]   [60,60,10] (10)   408.239
[70,40]   [60,60,10] (15)   381.463
[70,40]   [60,60,10] (20)   367.05
[70,40]   [60,60,10] (25)   423.013
[70,40]   [60,60,10] (30)   362.246
[70,40]   [60,60,15] (0)   353.278
[70,40]   [60,60,15] (5)   402.181
[70,40]   [60,60,15] (10)   357.307
[70,40]   [60,60,15] (15)   385.447
[70,40]   [60,60,15] (20)   350.676
[70,40]   [60,60,15] (25)   354.721
[70,40]   [60,60,15] (30)   363.849
[70,40]   [60,60,20] (0)   407.513
[70,40]   [60,60,20] (5)   435.767
[70,40]   [60,60,20] (10)   363.723
[70,40]   [60,60,20] (15)   382.672
[70,40]   [60,60,20] (20)   393.615
[70,40]   [60,60,20] (25)   400.525
[70,40]   [60,60,20] (30)   316.431
