[70,60]   [10,10,5] (0)   110.139
[70,60]   [10,10,5] (5)   82.3136
[70,60]   [10,10,5] (10)   78.1923
[70,60]   [10,10,5] (15)   88.0138
[70,60]   [10,10,5] (20)   97.8137
[70,60]   [10,10,5] (25)   107.689
[70,60]   [10,10,5] (30)   117.451
[70,60]   [10,10,10] (0)   112.785
[70,60]   [10,10,10] (5)   91.8939
[70,60]   [10,10,10] (10)   96.6057
[70,60]   [10,10,10] (15)   104.975
[70,60]   [10,10,10] (20)   113.922
[70,60]   [10,10,10] (25)   122.65
[70,60]   [10,10,10] (30)   131.404
[70,60]   [10,10,15] (0)   112.687
[70,60]   [10,10,15] (5)   93.8409
[70,60]   [10,10,15] (10)   100.635
[70,60]   [10,10,15] (15)   109.372
[70,60]   [10,10,15] (20)   118.116
[70,60]   [10,10,15] (25)   126.731
[70,60]   [10,10,15] (30)   135.709
[70,60]   [10,10,20] (0)   112.264
[70,60]   [10,10,20] (5)   103.067
[70,60]   [10,10,20] (10)   110.022
[70,60]   [10,10,20] (15)   118.973
[70,60]   [10,10,20] (20)   127.101
[70,60]   [10,10,20] (25)   136.07
[70,60]   [10,10,20] (30)   144.871
[70,60]   [10,20,5] (0)   8445.45
[70,60]   [10,20,5] (5)   8459.54
[70,60]   [10,20,5] (10)   8485.47
[70,60]   [10,20,5] (15)   8360.99
[70,60]   [10,20,5] (20)   8205.57
[70,60]   [10,20,5] (25)   7259.15
[70,60]   [10,20,5] (30)   7883.15
[70,60]   [10,20,10] (0)   8420.06
[70,60]   [10,20,10] (5)   8524.51
[70,60]   [10,20,10] (10)   8599.39
[70,60]   [10,20,10] (15)   8498.9
[70,60]   [10,20,10] (20)   8339.34
[70,60]   [10,20,10] (25)   8497.52
[70,60]   [10,20,10] (30)   8482.2
[70,60]   [10,20,15] (0)   8483.02
[70,60]   [10,20,15] (5)   8400.71
[70,60]   [10,20,15] (10)   8487.31
[70,60]   [10,20,15] (15)   8568.19
[70,60]   [10,20,15] (20)   8411.72
[70,60]   [10,20,15] (25)   7404.49
[70,60]   [10,20,15] (30)   6654.33
[70,60]   [10,20,20] (0)   8410.94
[70,60]   [10,20,20] (5)   8472.42
[70,60]   [10,20,20] (10)   8471.39
[70,60]   [10,20,20] (15)   8382.87
[70,60]   [10,20,20] (20)   8434.49
[70,60]   [10,20,20] (25)   8338.68
[70,60]   [10,20,20] (30)   8516.88
[70,60]   [10,30,5] (0)   17943.2
[70,60]   [10,30,5] (5)   18067.3
[70,60]   [10,30,5] (10)   18107.4
[70,60]   [10,30,5] (15)   18202.3
[70,60]   [10,30,5] (20)   18134.4
[70,60]   [10,30,5] (25)   18152.2
[70,60]   [10,30,5] (30)   17168
[70,60]   [10,30,10] (0)   18079.7
[70,60]   [10,30,10] (5)   18083.5
[70,60]   [10,30,10] (10)   18222.9
[70,60]   [10,30,10] (15)   18120.2
[70,60]   [10,30,10] (20)   18018.5
[70,60]   [10,30,10] (25)   17680.2
[70,60]   [10,30,10] (30)   17881.9
[70,60]   [10,30,15] (0)   17989.4
[70,60]   [10,30,15] (5)   18022.4
[70,60]   [10,30,15] (10)   18086.9
[70,60]   [10,30,15] (15)   17933.6
[70,60]   [10,30,15] (20)   17992
[70,60]   [10,30,15] (25)   18168.1
[70,60]   [10,30,15] (30)   16608.7
[70,60]   [10,30,20] (0)   17904.7
[70,60]   [10,30,20] (5)   17982
[70,60]   [10,30,20] (10)   18116.9
[70,60]   [10,30,20] (15)   18032.8
[70,60]   [10,30,20] (20)   17913.4
[70,60]   [10,30,20] (25)   18117.1
[70,60]   [10,30,20] (30)   18066.1
[70,60]   [10,40,5] (0)   27328.6
[70,60]   [10,40,5] (5)   27352.9
[70,60]   [10,40,5] (10)   27337.9
[70,60]   [10,40,5] (15)   27336.1
[70,60]   [10,40,5] (20)   27388.6
[70,60]   [10,40,5] (25)   27359.1
[70,60]   [10,40,5] (30)   27379.1
[70,60]   [10,40,10] (0)   27419.4
[70,60]   [10,40,10] (5)   27337.1
[70,60]   [10,40,10] (10)   27373.2
[70,60]   [10,40,10] (15)   27250.8
[70,60]   [10,40,10] (20)   27358.7
[70,60]   [10,40,10] (25)   27218.4
[70,60]   [10,40,10] (30)   27384.3
[70,60]   [10,40,15] (0)   27405.9
[70,60]   [10,40,15] (5)   27263
[70,60]   [10,40,15] (10)   27418.8
[70,60]   [10,40,15] (15)   27392.1
[70,60]   [10,40,15] (20)   27442.4
[70,60]   [10,40,15] (25)   27371.2
[70,60]   [10,40,15] (30)   27380.1
[70,60]   [10,40,20] (0)   27363.2
[70,60]   [10,40,20] (5)   27396.8
[70,60]   [10,40,20] (10)   27380.1
[70,60]   [10,40,20] (15)   27419.2
[70,60]   [10,40,20] (20)   27384.8
[70,60]   [10,40,20] (25)   27367.7
[70,60]   [10,40,20] (30)   27347.7
[70,60]   [10,50,5] (0)   34964.8
[70,60]   [10,50,5] (5)   34898.1
[70,60]   [10,50,5] (10)   34956
[70,60]   [10,50,5] (15)   34925.2
[70,60]   [10,50,5] (20)   34899.2
[70,60]   [10,50,5] (25)   34945.7
[70,60]   [10,50,5] (30)   34911.8
[70,60]   [10,50,10] (0)   34804.1
[70,60]   [10,50,10] (5)   34926.7
[70,60]   [10,50,10] (10)   34945.8
[70,60]   [10,50,10] (15)   34952.7
[70,60]   [10,50,10] (20)   34947.9
[70,60]   [10,50,10] (25)   34992
[70,60]   [10,50,10] (30)   34891.1
[70,60]   [10,50,15] (0)   34941.7
[70,60]   [10,50,15] (5)   34929.2
[70,60]   [10,50,15] (10)   34942.8
[70,60]   [10,50,15] (15)   34920.4
[70,60]   [10,50,15] (20)   34816.4
[70,60]   [10,50,15] (25)   34788.3
[70,60]   [10,50,15] (30)   34966.4
[70,60]   [10,50,20] (0)   34973
[70,60]   [10,50,20] (5)   34914.5
[70,60]   [10,50,20] (10)   34932.9
[70,60]   [10,50,20] (15)   34928.5
[70,60]   [10,50,20] (20)   34985.5
[70,60]   [10,50,20] (25)   34965.5
[70,60]   [10,50,20] (30)   34911.6
[70,60]   [10,60,5] (0)   41852.6
[70,60]   [10,60,5] (5)   41828
[70,60]   [10,60,5] (10)   41853.4
[70,60]   [10,60,5] (15)   41823.8
[70,60]   [10,60,5] (20)   41788.7
[70,60]   [10,60,5] (25)   41856.3
[70,60]   [10,60,5] (30)   41856.8
[70,60]   [10,60,10] (0)   41835.1
[70,60]   [10,60,10] (5)   41801.4
[70,60]   [10,60,10] (10)   41802.9
[70,60]   [10,60,10] (15)   41823.4
[70,60]   [10,60,10] (20)   41791.1
[70,60]   [10,60,10] (25)   41864.4
[70,60]   [10,60,10] (30)   41819.3
[70,60]   [10,60,15] (0)   41850.8
[70,60]   [10,60,15] (5)   41866
[70,60]   [10,60,15] (10)   41849.5
[70,60]   [10,60,15] (15)   41845.7
[70,60]   [10,60,15] (20)   41828.4
[70,60]   [10,60,15] (25)   41882
[70,60]   [10,60,15] (30)   41855.5
[70,60]   [10,60,20] (0)   41814.4
[70,60]   [10,60,20] (5)   41860.8
[70,60]   [10,60,20] (10)   41878.5
[70,60]   [10,60,20] (15)   41830.7
[70,60]   [10,60,20] (20)   41883.3
[70,60]   [10,60,20] (25)   41790.7
[70,60]   [10,60,20] (30)   41892.9
[70,60]   [20,10,5] (0)   7694.15
[70,60]   [20,10,5] (5)   1831.66
[70,60]   [20,10,5] (10)   81.948
[70,60]   [20,10,5] (15)   80.8206
[70,60]   [20,10,5] (20)   90.3362
[70,60]   [20,10,5] (25)   100.174
[70,60]   [20,10,5] (30)   109.94
[70,60]   [20,10,10] (0)   7660.36
[70,60]   [20,10,10] (5)   1905.38
[70,60]   [20,10,10] (10)   102.517
[70,60]   [20,10,10] (15)   104.727
[70,60]   [20,10,10] (20)   112.746
[70,60]   [20,10,10] (25)   120.939
[70,60]   [20,10,10] (30)   129.138
[70,60]   [20,10,15] (0)   7676.84
[70,60]   [20,10,15] (5)   131.296
[70,60]   [20,10,15] (10)   105.939
[70,60]   [20,10,15] (15)   111.52
[70,60]   [20,10,15] (20)   119.568
[70,60]   [20,10,15] (25)   127.69
[70,60]   [20,10,15] (30)   135.558
[70,60]   [20,10,20] (0)   7732.61
[70,60]   [20,10,20] (5)   157.601
[70,60]   [20,10,20] (10)   119.549
[70,60]   [20,10,20] (15)   125.21
[70,60]   [20,10,20] (20)   132.81
[70,60]   [20,10,20] (25)   140.576
[70,60]   [20,10,20] (30)   148.842
[70,60]   [20,20,5] (0)   147.944
[70,60]   [20,20,5] (5)   149.363
[70,60]   [20,20,5] (10)   132.953
[70,60]   [20,20,5] (15)   118.533
[70,60]   [20,20,5] (20)   124.71
[70,60]   [20,20,5] (25)   133.05
[70,60]   [20,20,5] (30)   141.259
[70,60]   [20,20,10] (0)   147.287
[70,60]   [20,20,10] (5)   147.427
[70,60]   [20,20,10] (10)   136.679
[70,60]   [20,20,10] (15)   133.581
[70,60]   [20,20,10] (20)   140.45
[70,60]   [20,20,10] (25)   148.317
[70,60]   [20,20,10] (30)   155.739
[70,60]   [20,20,15] (0)   147.883
[70,60]   [20,20,15] (5)   152.415
[70,60]   [20,20,15] (10)   133.48
[70,60]   [20,20,15] (15)   135.242
[70,60]   [20,20,15] (20)   141.989
[70,60]   [20,20,15] (25)   150.029
[70,60]   [20,20,15] (30)   157.968
[70,60]   [20,20,20] (0)   147.993
[70,60]   [20,20,20] (5)   149.739
[70,60]   [20,20,20] (10)   139.561
[70,60]   [20,20,20] (15)   143.998
[70,60]   [20,20,20] (20)   151.262
[70,60]   [20,20,20] (25)   159.443
[70,60]   [20,20,20] (30)   167.479
[70,60]   [20,30,5] (0)   6254.39
[70,60]   [20,30,5] (5)   6172.92
[70,60]   [20,30,5] (10)   6174.68
[70,60]   [20,30,5] (15)   6200.15
[70,60]   [20,30,5] (20)   6080.54
[70,60]   [20,30,5] (25)   6107.28
[70,60]   [20,30,5] (30)   5793.91
[70,60]   [20,30,10] (0)   6089.65
[70,60]   [20,30,10] (5)   6126.16
[70,60]   [20,30,10] (10)   6208.04
[70,60]   [20,30,10] (15)   6164.24
[70,60]   [20,30,10] (20)   6108.97
[70,60]   [20,30,10] (25)   6093.17
[70,60]   [20,30,10] (30)   6269.96
[70,60]   [20,30,15] (0)   6095.77
[70,60]   [20,30,15] (5)   6128.79
[70,60]   [20,30,15] (10)   6088.75
[70,60]   [20,30,15] (15)   6077.23
[70,60]   [20,30,15] (20)   6105.83
[70,60]   [20,30,15] (25)   6152.19
[70,60]   [20,30,15] (30)   5675.92
[70,60]   [20,30,20] (0)   6084.74
[70,60]   [20,30,20] (5)   6183.52
[70,60]   [20,30,20] (10)   6141.07
[70,60]   [20,30,20] (15)   6108.4
[70,60]   [20,30,20] (20)   6088.89
[70,60]   [20,30,20] (25)   6106.96
[70,60]   [20,30,20] (30)   6187.95
[70,60]   [20,40,5] (0)   15493.1
[70,60]   [20,40,5] (5)   15466.1
[70,60]   [20,40,5] (10)   15625.7
[70,60]   [20,40,5] (15)   15764.6
[70,60]   [20,40,5] (20)   15600.4
[70,60]   [20,40,5] (25)   15628.9
[70,60]   [20,40,5] (30)   15682.7
[70,60]   [20,40,10] (0)   15499.6
[70,60]   [20,40,10] (5)   15539.6
[70,60]   [20,40,10] (10)   15620.4
[70,60]   [20,40,10] (15)   15591.9
[70,60]   [20,40,10] (20)   15536.8
[70,60]   [20,40,10] (25)   15657.1
[70,60]   [20,40,10] (30)   15555.6
[70,60]   [20,40,15] (0)   15642.2
[70,60]   [20,40,15] (5)   15742.7
[70,60]   [20,40,15] (10)   15696.7
[70,60]   [20,40,15] (15)   15487.5
[70,60]   [20,40,15] (20)   15535.7
[70,60]   [20,40,15] (25)   15568.3
[70,60]   [20,40,15] (30)   15578.2
[70,60]   [20,40,20] (0)   15503.8
[70,60]   [20,40,20] (5)   15441.1
[70,60]   [20,40,20] (10)   15657.5
[70,60]   [20,40,20] (15)   15497
[70,60]   [20,40,20] (20)   15649.4
[70,60]   [20,40,20] (25)   15782.2
[70,60]   [20,40,20] (30)   15650.6
[70,60]   [20,50,5] (0)   23227.2
[70,60]   [20,50,5] (5)   23283.2
[70,60]   [20,50,5] (10)   23160.6
[70,60]   [20,50,5] (15)   23243.4
[70,60]   [20,50,5] (20)   23337.2
[70,60]   [20,50,5] (25)   23214.4
[70,60]   [20,50,5] (30)   23370.9
[70,60]   [20,50,10] (0)   23185.8
[70,60]   [20,50,10] (5)   23300.6
[70,60]   [20,50,10] (10)   23275.4
[70,60]   [20,50,10] (15)   23117.5
[70,60]   [20,50,10] (20)   23246.7
[70,60]   [20,50,10] (25)   23387.5
[70,60]   [20,50,10] (30)   23230.6
[70,60]   [20,50,15] (0)   23263.7
[70,60]   [20,50,15] (5)   23307.9
[70,60]   [20,50,15] (10)   23288.1
[70,60]   [20,50,15] (15)   23299.5
[70,60]   [20,50,15] (20)   23372
[70,60]   [20,50,15] (25)   23212.2
[70,60]   [20,50,15] (30)   23130.8
[70,60]   [20,50,20] (0)   23283.9
[70,60]   [20,50,20] (5)   23374.8
[70,60]   [20,50,20] (10)   23173.3
[70,60]   [20,50,20] (15)   23028.5
[70,60]   [20,50,20] (20)   23315.6
[70,60]   [20,50,20] (25)   23202.2
[70,60]   [20,50,20] (30)   23241.6
[70,60]   [20,60,5] (0)   30551.2
[70,60]   [20,60,5] (5)   30518.4
[70,60]   [20,60,5] (10)   30540.9
[70,60]   [20,60,5] (15)   30324.6
[70,60]   [20,60,5] (20)   30568.8
[70,60]   [20,60,5] (25)   30413.2
[70,60]   [20,60,5] (30)   30357.4
[70,60]   [20,60,10] (0)   30397.5
[70,60]   [20,60,10] (5)   30561.4
[70,60]   [20,60,10] (10)   30284.9
[70,60]   [20,60,10] (15)   30478
[70,60]   [20,60,10] (20)   30571.5
[70,60]   [20,60,10] (25)   30386.8
[70,60]   [20,60,10] (30)   30255.1
[70,60]   [20,60,15] (0)   30513.6
[70,60]   [20,60,15] (5)   30542.6
[70,60]   [20,60,15] (10)   30560.7
[70,60]   [20,60,15] (15)   30544.5
[70,60]   [20,60,15] (20)   30400.2
[70,60]   [20,60,15] (25)   30233.6
[70,60]   [20,60,15] (30)   30617
[70,60]   [20,60,20] (0)   30566.7
[70,60]   [20,60,20] (5)   30580.3
[70,60]   [20,60,20] (10)   30137.2
[70,60]   [20,60,20] (15)   30444.2
[70,60]   [20,60,20] (20)   30325.1
[70,60]   [20,60,20] (25)   30594.7
[70,60]   [20,60,20] (30)   30567.8
[70,60]   [30,10,5] (0)   14923.1
[70,60]   [30,10,5] (5)   7448.83
[70,60]   [30,10,5] (10)   99.8056
[70,60]   [30,10,5] (15)   90.4336
[70,60]   [30,10,5] (20)   90.3859
[70,60]   [30,10,5] (25)   97.327
[70,60]   [30,10,5] (30)   107.785
[70,60]   [30,10,10] (0)   14649.5
[70,60]   [30,10,10] (5)   7675.27
[70,60]   [30,10,10] (10)   136.916
[70,60]   [30,10,10] (15)   111.657
[70,60]   [30,10,10] (20)   112.355
[70,60]   [30,10,10] (25)   119.086
[70,60]   [30,10,10] (30)   127.708
[70,60]   [30,10,15] (0)   14551.7
[70,60]   [30,10,15] (5)   3840.62
[70,60]   [30,10,15] (10)   119.673
[70,60]   [30,10,15] (15)   119.819
[70,60]   [30,10,15] (20)   120.613
[70,60]   [30,10,15] (25)   127.721
[70,60]   [30,10,15] (30)   135.974
[70,60]   [30,10,20] (0)   14521
[70,60]   [30,10,20] (5)   3212.02
[70,60]   [30,10,20] (10)   126.007
[70,60]   [30,10,20] (15)   127.962
[70,60]   [30,10,20] (20)   136.33
[70,60]   [30,10,20] (25)   143.153
[70,60]   [30,10,20] (30)   150.648
[70,60]   [30,20,5] (0)   6494.07
[70,60]   [30,20,5] (5)   6546
[70,60]   [30,20,5] (10)   4441.35
[70,60]   [30,20,5] (15)   123.043
[70,60]   [30,20,5] (20)   111.454
[70,60]   [30,20,5] (25)   113.402
[70,60]   [30,20,5] (30)   122.039
[70,60]   [30,20,10] (0)   6510.2
[70,60]   [30,20,10] (5)   6492.05
[70,60]   [30,20,10] (10)   4705.98
[70,60]   [30,20,10] (15)   138.805
[70,60]   [30,20,10] (20)   130.352
[70,60]   [30,20,10] (25)   135.795
[70,60]   [30,20,10] (30)   143.415
[70,60]   [30,20,15] (0)   6525.76
[70,60]   [30,20,15] (5)   6528.76
[70,60]   [30,20,15] (10)   3273.32
[70,60]   [30,20,15] (15)   136.925
[70,60]   [30,20,15] (20)   137.788
[70,60]   [30,20,15] (25)   142.906
[70,60]   [30,20,15] (30)   151.028
[70,60]   [30,20,20] (0)   6471.62
[70,60]   [30,20,20] (5)   6531.59
[70,60]   [30,20,20] (10)   3649.3
[70,60]   [30,20,20] (15)   147.333
[70,60]   [30,20,20] (20)   149.114
[70,60]   [30,20,20] (25)   156.04
[70,60]   [30,20,20] (30)   163.938
[70,60]   [30,30,5] (0)   181.717
[70,60]   [30,30,5] (5)   182.004
[70,60]   [30,30,5] (10)   180.358
[70,60]   [30,30,5] (15)   169.045
[70,60]   [30,30,5] (20)   144.902
[70,60]   [30,30,5] (25)   141.004
[70,60]   [30,30,5] (30)   148.212
[70,60]   [30,30,10] (0)   180.097
[70,60]   [30,30,10] (5)   182.057
[70,60]   [30,30,10] (10)   182.085
[70,60]   [30,30,10] (15)   171.864
[70,60]   [30,30,10] (20)   156.608
[70,60]   [30,30,10] (25)   160.374
[70,60]   [30,30,10] (30)   168.115
[70,60]   [30,30,15] (0)   182.582
[70,60]   [30,30,15] (5)   180.847
[70,60]   [30,30,15] (10)   181.193
[70,60]   [30,30,15] (15)   167.98
[70,60]   [30,30,15] (20)   157.514
[70,60]   [30,30,15] (25)   162.891
[70,60]   [30,30,15] (30)   170.65
[70,60]   [30,30,20] (0)   181.524
[70,60]   [30,30,20] (5)   180.16
[70,60]   [30,30,20] (10)   181.887
[70,60]   [30,30,20] (15)   171.339
[70,60]   [30,30,20] (20)   166.061
[70,60]   [30,30,20] (25)   172.324
[70,60]   [30,30,20] (30)   180.621
[70,60]   [30,40,5] (0)   4121.89
[70,60]   [30,40,5] (5)   4100.79
[70,60]   [30,40,5] (10)   4221.67
[70,60]   [30,40,5] (15)   4150.76
[70,60]   [30,40,5] (20)   4127.6
[70,60]   [30,40,5] (25)   4103.59
[70,60]   [30,40,5] (30)   4115.54
[70,60]   [30,40,10] (0)   4204.15
[70,60]   [30,40,10] (5)   4181.02
[70,60]   [30,40,10] (10)   4127.95
[70,60]   [30,40,10] (15)   4092
[70,60]   [30,40,10] (20)   4270.24
[70,60]   [30,40,10] (25)   4058.62
[70,60]   [30,40,10] (30)   4172.32
[70,60]   [30,40,15] (0)   4206.45
[70,60]   [30,40,15] (5)   4136.66
[70,60]   [30,40,15] (10)   4229.76
[70,60]   [30,40,15] (15)   4012.06
[70,60]   [30,40,15] (20)   4216.53
[70,60]   [30,40,15] (25)   4116.99
[70,60]   [30,40,15] (30)   4177.36
[70,60]   [30,40,20] (0)   4110.15
[70,60]   [30,40,20] (5)   4268.14
[70,60]   [30,40,20] (10)   4149
[70,60]   [30,40,20] (15)   4064.18
[70,60]   [30,40,20] (20)   4129.88
[70,60]   [30,40,20] (25)   4214.75
[70,60]   [30,40,20] (30)   4196.89
[70,60]   [30,50,5] (0)   11717.2
[70,60]   [30,50,5] (5)   11980.8
[70,60]   [30,50,5] (10)   11991.4
[70,60]   [30,50,5] (15)   11993.8
[70,60]   [30,50,5] (20)   11965.5
[70,60]   [30,50,5] (25)   11944.3
[70,60]   [30,50,5] (30)   11986.5
[70,60]   [30,50,10] (0)   11906.7
[70,60]   [30,50,10] (5)   12027.7
[70,60]   [30,50,10] (10)   12034.8
[70,60]   [30,50,10] (15)   11981.1
[70,60]   [30,50,10] (20)   11861
[70,60]   [30,50,10] (25)   11788.6
[70,60]   [30,50,10] (30)   12008.5
[70,60]   [30,50,15] (0)   11932.7
[70,60]   [30,50,15] (5)   11880.4
[70,60]   [30,50,15] (10)   11999.2
[70,60]   [30,50,15] (15)   12046.7
[70,60]   [30,50,15] (20)   11887.2
[70,60]   [30,50,15] (25)   11841.3
[70,60]   [30,50,15] (30)   11961.1
[70,60]   [30,50,20] (0)   11877.3
[70,60]   [30,50,20] (5)   11877.7
[70,60]   [30,50,20] (10)   11902.3
[70,60]   [30,50,20] (15)   11988.8
[70,60]   [30,50,20] (20)   11736
[70,60]   [30,50,20] (25)   11735.6
[70,60]   [30,50,20] (30)   12052.4
[70,60]   [30,60,5] (0)   19503.6
[70,60]   [30,60,5] (5)   19730.7
[70,60]   [30,60,5] (10)   19464
[70,60]   [30,60,5] (15)   19422.7
[70,60]   [30,60,5] (20)   19525.4
[70,60]   [30,60,5] (25)   19116.5
[70,60]   [30,60,5] (30)   19421.1
[70,60]   [30,60,10] (0)   19299.3
[70,60]   [30,60,10] (5)   19612.8
[70,60]   [30,60,10] (10)   19471.6
[70,60]   [30,60,10] (15)   19452.2
[70,60]   [30,60,10] (20)   19589.7
[70,60]   [30,60,10] (25)   19566.9
[70,60]   [30,60,10] (30)   19327.4
[70,60]   [30,60,15] (0)   19400.3
[70,60]   [30,60,15] (5)   19530.9
[70,60]   [30,60,15] (10)   19612.9
[70,60]   [30,60,15] (15)   19366
[70,60]   [30,60,15] (20)   19415.7
[70,60]   [30,60,15] (25)   19397.4
[70,60]   [30,60,15] (30)   19589.7
[70,60]   [30,60,20] (0)   19552
[70,60]   [30,60,20] (5)   19594.2
[70,60]   [30,60,20] (10)   19521.4
[70,60]   [30,60,20] (15)   19468.1
[70,60]   [30,60,20] (20)   19438.1
[70,60]   [30,60,20] (25)   19609.7
[70,60]   [30,60,20] (30)   19328.2
[70,60]   [40,10,5] (0)   20657.3
[70,60]   [40,10,5] (5)   12834.9
[70,60]   [40,10,5] (10)   171.561
[70,60]   [40,10,5] (15)   101.074
[70,60]   [40,10,5] (20)   97.6991
[70,60]   [40,10,5] (25)   99.9004
[70,60]   [40,10,5] (30)   105.494
[70,60]   [40,10,10] (0)   20559.5
[70,60]   [40,10,10] (5)   13194.1
[70,60]   [40,10,10] (10)   3819.77
[70,60]   [40,10,10] (15)   128.457
[70,60]   [40,10,10] (20)   121.239
[70,60]   [40,10,10] (25)   121.347
[70,60]   [40,10,10] (30)   126.058
[70,60]   [40,10,15] (0)   20710.7
[70,60]   [40,10,15] (5)   9311.75
[70,60]   [40,10,15] (10)   1687.63
[70,60]   [40,10,15] (15)   132.063
[70,60]   [40,10,15] (20)   128.376
[70,60]   [40,10,15] (25)   131.151
[70,60]   [40,10,15] (30)   137.005
[70,60]   [40,10,20] (0)   20565.8
[70,60]   [40,10,20] (5)   8734.53
[70,60]   [40,10,20] (10)   146.224
[70,60]   [40,10,20] (15)   143.264
[70,60]   [40,10,20] (20)   142.603
[70,60]   [40,10,20] (25)   145.421
[70,60]   [40,10,20] (30)   151.4
[70,60]   [40,20,5] (0)   12629.8
[70,60]   [40,20,5] (5)   12588.3
[70,60]   [40,20,5] (10)   9964.5
[70,60]   [40,20,5] (15)   579.227
[70,60]   [40,20,5] (20)   121.035
[70,60]   [40,20,5] (25)   113.904
[70,60]   [40,20,5] (30)   115.251
[70,60]   [40,20,10] (0)   12669.4
[70,60]   [40,20,10] (5)   12628.9
[70,60]   [40,20,10] (10)   10225.8
[70,60]   [40,20,10] (15)   1995.11
[70,60]   [40,20,10] (20)   142.323
[70,60]   [40,20,10] (25)   136.28
[70,60]   [40,20,10] (30)   139.676
[70,60]   [40,20,15] (0)   12659.5
[70,60]   [40,20,15] (5)   12637
[70,60]   [40,20,15] (10)   8697.46
[70,60]   [40,20,15] (15)   165.239
[70,60]   [40,20,15] (20)   145.623
[70,60]   [40,20,15] (25)   143.328
[70,60]   [40,20,15] (30)   147.866
[70,60]   [40,20,20] (0)   12669.9
[70,60]   [40,20,20] (5)   12675
[70,60]   [40,20,20] (10)   9275.58
[70,60]   [40,20,20] (15)   162.341
[70,60]   [40,20,20] (20)   154.077
[70,60]   [40,20,20] (25)   156.946
[70,60]   [40,20,20] (30)   162.78
[70,60]   [40,30,5] (0)   5639.46
[70,60]   [40,30,5] (5)   5595.22
[70,60]   [40,30,5] (10)   5534.67
[70,60]   [40,30,5] (15)   4392.6
[70,60]   [40,30,5] (20)   167.963
[70,60]   [40,30,5] (25)   136.623
[70,60]   [40,30,5] (30)   133.093
[70,60]   [40,30,10] (0)   5709.16
[70,60]   [40,30,10] (5)   5608.24
[70,60]   [40,30,10] (10)   5615.55
[70,60]   [40,30,10] (15)   4597.23
[70,60]   [40,30,10] (20)   180.894
[70,60]   [40,30,10] (25)   157.544
[70,60]   [40,30,10] (30)   158.357
[70,60]   [40,30,15] (0)   5643.98
[70,60]   [40,30,15] (5)   5713.44
[70,60]   [40,30,15] (10)   5595.57
[70,60]   [40,30,15] (15)   3641.99
[70,60]   [40,30,15] (20)   167.718
[70,60]   [40,30,15] (25)   161.148
[70,60]   [40,30,15] (30)   164.22
[70,60]   [40,30,20] (0)   5614.53
[70,60]   [40,30,20] (5)   5596.5
[70,60]   [40,30,20] (10)   5713.47
[70,60]   [40,30,20] (15)   3764.23
[70,60]   [40,30,20] (20)   176.081
[70,60]   [40,30,20] (25)   173.158
[70,60]   [40,30,20] (30)   177.381
[70,60]   [40,40,5] (0)   208.74
[70,60]   [40,40,5] (5)   208.951
[70,60]   [40,40,5] (10)   209.34
[70,60]   [40,40,5] (15)   222.184
[70,60]   [40,40,5] (20)   205.006
[70,60]   [40,40,5] (25)   183.013
[70,60]   [40,40,5] (30)   168.886
[70,60]   [40,40,10] (0)   206.587
[70,60]   [40,40,10] (5)   205.58
[70,60]   [40,40,10] (10)   207.574
[70,60]   [40,40,10] (15)   206.809
[70,60]   [40,40,10] (20)   203.657
[70,60]   [40,40,10] (25)   187.735
[70,60]   [40,40,10] (30)   186.256
[70,60]   [40,40,15] (0)   208.135
[70,60]   [40,40,15] (5)   208.135
[70,60]   [40,40,15] (10)   208.009
[70,60]   [40,40,15] (15)   208.47
[70,60]   [40,40,15] (20)   206.705
[70,60]   [40,40,15] (25)   187.183
[70,60]   [40,40,15] (30)   188.608
[70,60]   [40,40,20] (0)   207.32
[70,60]   [40,40,20] (5)   207.216
[70,60]   [40,40,20] (10)   206.483
[70,60]   [40,40,20] (15)   207.642
[70,60]   [40,40,20] (20)   202.612
[70,60]   [40,40,20] (25)   194.824
[70,60]   [40,40,20] (30)   198.914
[70,60]   [40,50,5] (0)   2897.02
[70,60]   [40,50,5] (5)   2925.28
[70,60]   [40,50,5] (10)   2913.72
[70,60]   [40,50,5] (15)   3091.13
[70,60]   [40,50,5] (20)   2836.08
[70,60]   [40,50,5] (25)   2857.82
[70,60]   [40,50,5] (30)   2929.21
[70,60]   [40,50,10] (0)   2904.57
[70,60]   [40,50,10] (5)   2925.03
[70,60]   [40,50,10] (10)   2801.18
[70,60]   [40,50,10] (15)   2893
[70,60]   [40,50,10] (20)   2843.3
[70,60]   [40,50,10] (25)   2855.42
[70,60]   [40,50,10] (30)   2954.05
[70,60]   [40,50,15] (0)   2725.08
[70,60]   [40,50,15] (5)   2906.55
[70,60]   [40,50,15] (10)   2785.35
[70,60]   [40,50,15] (15)   2780.61
[70,60]   [40,50,15] (20)   2922.96
[70,60]   [40,50,15] (25)   3002.48
[70,60]   [40,50,15] (30)   2753.46
[70,60]   [40,50,20] (0)   2874.92
[70,60]   [40,50,20] (5)   2876.43
[70,60]   [40,50,20] (10)   2911.52
[70,60]   [40,50,20] (15)   3059.73
[70,60]   [40,50,20] (20)   2874.02
[70,60]   [40,50,20] (25)   2903.75
[70,60]   [40,50,20] (30)   2964.15
[70,60]   [40,60,5] (0)   10451.5
[70,60]   [40,60,5] (5)   10420.6
[70,60]   [40,60,5] (10)   10377.7
[70,60]   [40,60,5] (15)   10428
[70,60]   [40,60,5] (20)   10265.7
[70,60]   [40,60,5] (25)   10299.1
[70,60]   [40,60,5] (30)   10225.4
[70,60]   [40,60,10] (0)   10357.2
[70,60]   [40,60,10] (5)   10388.6
[70,60]   [40,60,10] (10)   10309.9
[70,60]   [40,60,10] (15)   10105.8
[70,60]   [40,60,10] (20)   10341.7
[70,60]   [40,60,10] (25)   10491.6
[70,60]   [40,60,10] (30)   10223
[70,60]   [40,60,15] (0)   10350.6
[70,60]   [40,60,15] (5)   10333.9
[70,60]   [40,60,15] (10)   10414
[70,60]   [40,60,15] (15)   10299.3
[70,60]   [40,60,15] (20)   10371.1
[70,60]   [40,60,15] (25)   10497.9
[70,60]   [40,60,15] (30)   10245.4
[70,60]   [40,60,20] (0)   10345.1
[70,60]   [40,60,20] (5)   10319.5
[70,60]   [40,60,20] (10)   10448
[70,60]   [40,60,20] (15)   10407.8
[70,60]   [40,60,20] (20)   10376.5
[70,60]   [40,60,20] (25)   10333.9
[70,60]   [40,60,20] (30)   10401.1
[70,60]   [50,10,5] (0)   26126
[70,60]   [50,10,5] (5)   17657.4
[70,60]   [50,10,5] (10)   3164.06
[70,60]   [50,10,5] (15)   116.467
[70,60]   [50,10,5] (20)   105.852
[70,60]   [50,10,5] (25)   106.494
[70,60]   [50,10,5] (30)   109.682
[70,60]   [50,10,10] (0)   27215.4
[70,60]   [50,10,10] (5)   18506.6
[70,60]   [50,10,10] (10)   8395.28
[70,60]   [50,10,10] (15)   1985.76
[70,60]   [50,10,10] (20)   137.051
[70,60]   [50,10,10] (25)   130.065
[70,60]   [50,10,10] (30)   129.554
[70,60]   [50,10,15] (0)   26274.3
[70,60]   [50,10,15] (5)   14530.6
[70,60]   [50,10,15] (10)   6294.87
[70,60]   [50,10,15] (15)   266.493
[70,60]   [50,10,15] (20)   141.769
[70,60]   [50,10,15] (25)   138.32
[70,60]   [50,10,15] (30)   138.965
[70,60]   [50,10,20] (0)   26254.1
[70,60]   [50,10,20] (5)   14315.9
[70,60]   [50,10,20] (10)   4155.12
[70,60]   [50,10,20] (15)   2376.7
[70,60]   [50,10,20] (20)   155.115
[70,60]   [50,10,20] (25)   151.427
[70,60]   [50,10,20] (30)   154.673
[70,60]   [50,20,5] (0)   18525.4
[70,60]   [50,20,5] (5)   18534.7
[70,60]   [50,20,5] (10)   15541.9
[70,60]   [50,20,5] (15)   4069.42
[70,60]   [50,20,5] (20)   137.998
[70,60]   [50,20,5] (25)   122.004
[70,60]   [50,20,5] (30)   119.405
[70,60]   [50,20,10] (0)   18513.6
[70,60]   [50,20,10] (5)   18530.2
[70,60]   [50,20,10] (10)   16217.1
[70,60]   [50,20,10] (15)   6704.35
[70,60]   [50,20,10] (20)   550.698
[70,60]   [50,20,10] (25)   148.292
[70,60]   [50,20,10] (30)   142.522
[70,60]   [50,20,15] (0)   18525.5
[70,60]   [50,20,15] (5)   18482.4
[70,60]   [50,20,15] (10)   14520.8
[70,60]   [50,20,15] (15)   3622.56
[70,60]   [50,20,15] (20)   176.571
[70,60]   [50,20,15] (25)   151.307
[70,60]   [50,20,15] (30)   149.693
[70,60]   [50,20,20] (0)   18557.6
[70,60]   [50,20,20] (5)   18487.6
[70,60]   [50,20,20] (10)   14875.5
[70,60]   [50,20,20] (15)   1501.31
[70,60]   [50,20,20] (20)   179.831
[70,60]   [50,20,20] (25)   164.857
[70,60]   [50,20,20] (30)   163.991
[70,60]   [50,30,5] (0)   11708.8
[70,60]   [50,30,5] (5)   11642.5
[70,60]   [50,30,5] (10)   11729
[70,60]   [50,30,5] (15)   10026.9
[70,60]   [50,30,5] (20)   1911.05
[70,60]   [50,30,5] (25)   148.471
[70,60]   [50,30,5] (30)   134.413
[70,60]   [50,30,10] (0)   11724.8
[70,60]   [50,30,10] (5)   11756.6
[70,60]   [50,30,10] (10)   11701.7
[70,60]   [50,30,10] (15)   10530
[70,60]   [50,30,10] (20)   3468.51
[70,60]   [50,30,10] (25)   173.829
[70,60]   [50,30,10] (30)   158.247
[70,60]   [50,30,15] (0)   11685.9
[70,60]   [50,30,15] (5)   11761.3
[70,60]   [50,30,15] (10)   11688
[70,60]   [50,30,15] (15)   9359.52
[70,60]   [50,30,15] (20)   746.231
[70,60]   [50,30,15] (25)   170.908
[70,60]   [50,30,15] (30)   163.607
[70,60]   [50,30,20] (0)   11781.7
[70,60]   [50,30,20] (5)   11677.3
[70,60]   [50,30,20] (10)   11776.1
[70,60]   [50,30,20] (15)   9692.7
[70,60]   [50,30,20] (20)   224.161
[70,60]   [50,30,20] (25)   178.237
[70,60]   [50,30,20] (30)   177.17
[70,60]   [50,40,5] (0)   5517.8
[70,60]   [50,40,5] (5)   5526.68
[70,60]   [50,40,5] (10)   5583.08
[70,60]   [50,40,5] (15)   5529.81
[70,60]   [50,40,5] (20)   5216.15
[70,60]   [50,40,5] (25)   891.698
[70,60]   [50,40,5] (30)   167.794
[70,60]   [50,40,10] (0)   5509.05
[70,60]   [50,40,10] (5)   5592.26
[70,60]   [50,40,10] (10)   5641.14
[70,60]   [50,40,10] (15)   5594.26
[70,60]   [50,40,10] (20)   5064.27
[70,60]   [50,40,10] (25)   1244.21
[70,60]   [50,40,10] (30)   185.388
[70,60]   [50,40,15] (0)   5550.02
[70,60]   [50,40,15] (5)   5576.31
[70,60]   [50,40,15] (10)   5592.83
[70,60]   [50,40,15] (15)   5568.79
[70,60]   [50,40,15] (20)   4811.33
[70,60]   [50,40,15] (25)   247.22
[70,60]   [50,40,15] (30)   185.994
[70,60]   [50,40,20] (0)   5601.73
[70,60]   [50,40,20] (5)   5609.64
[70,60]   [50,40,20] (10)   5519.6
[70,60]   [50,40,20] (15)   5559.45
[70,60]   [50,40,20] (20)   4800.53
[70,60]   [50,40,20] (25)   225.915
[70,60]   [50,40,20] (30)   195.36
[70,60]   [50,50,5] (0)   633.06
[70,60]   [50,50,5] (5)   633.165
[70,60]   [50,50,5] (10)   618.894
[70,60]   [50,50,5] (15)   632.513
[70,60]   [50,50,5] (20)   652.537
[70,60]   [50,50,5] (25)   632.551
[70,60]   [50,50,5] (30)   217.957
[70,60]   [50,50,10] (0)   621.751
[70,60]   [50,50,10] (5)   620.071
[70,60]   [50,50,10] (10)   702.096
[70,60]   [50,50,10] (15)   594.41
[70,60]   [50,50,10] (20)   638.425
[70,60]   [50,50,10] (25)   491.443
[70,60]   [50,50,10] (30)   224.275
[70,60]   [50,50,15] (0)   609.701
[70,60]   [50,50,15] (5)   569.158
[70,60]   [50,50,15] (10)   632.348
[70,60]   [50,50,15] (15)   603.967
[70,60]   [50,50,15] (20)   683.662
[70,60]   [50,50,15] (25)   509.601
[70,60]   [50,50,15] (30)   216.37
[70,60]   [50,50,20] (0)   646.447
[70,60]   [50,50,20] (5)   668.911
[70,60]   [50,50,20] (10)   566.16
[70,60]   [50,50,20] (15)   645.157
[70,60]   [50,50,20] (20)   607.049
[70,60]   [50,50,20] (25)   353.556
[70,60]   [50,50,20] (30)   223.419
[70,60]   [50,60,5] (0)   1567.41
[70,60]   [50,60,5] (5)   1506.08
[70,60]   [50,60,5] (10)   1526.46
[70,60]   [50,60,5] (15)   1488.86
[70,60]   [50,60,5] (20)   1542.87
[70,60]   [50,60,5] (25)   1598.18
[70,60]   [50,60,5] (30)   1529.73
[70,60]   [50,60,10] (0)   1544.5
[70,60]   [50,60,10] (5)   1541.73
[70,60]   [50,60,10] (10)   1621.24
[70,60]   [50,60,10] (15)   1703.28
[70,60]   [50,60,10] (20)   1533.17
[70,60]   [50,60,10] (25)   1658.8
[70,60]   [50,60,10] (30)   1514.02
[70,60]   [50,60,15] (0)   1512.54
[70,60]   [50,60,15] (5)   1497.92
[70,60]   [50,60,15] (10)   1549.9
[70,60]   [50,60,15] (15)   1559.77
[70,60]   [50,60,15] (20)   1509.36
[70,60]   [50,60,15] (25)   1660.14
[70,60]   [50,60,15] (30)   1726
[70,60]   [50,60,20] (0)   1585.15
[70,60]   [50,60,20] (5)   1704.7
[70,60]   [50,60,20] (10)   1617.73
[70,60]   [50,60,20] (15)   1492.39
[70,60]   [50,60,20] (20)   1496.98
[70,60]   [50,60,20] (25)   1488.11
[70,60]   [50,60,20] (30)   1563.9
[70,60]   [60,10,5] (0)   31369.1
[70,60]   [60,10,5] (5)   21670.2
[70,60]   [60,10,5] (10)   6032.83
[70,60]   [60,10,5] (15)   139.614
[70,60]   [60,10,5] (20)   112.993
[70,60]   [60,10,5] (25)   111.48
[70,60]   [60,10,5] (30)   114.654
[70,60]   [60,10,10] (0)   31024.6
[70,60]   [60,10,10] (5)   23295.9
[70,60]   [60,10,10] (10)   12313.6
[70,60]   [60,10,10] (15)   5370.02
[70,60]   [60,10,10] (20)   568.544
[70,60]   [60,10,10] (25)   141.862
[70,60]   [60,10,10] (30)   136.601
[70,60]   [60,10,15] (0)   31389.2
[70,60]   [60,10,15] (5)   19467.7
[70,60]   [60,10,15] (10)   10281.5
[70,60]   [60,10,15] (15)   3616.31
[70,60]   [60,10,15] (20)   169.774
[70,60]   [60,10,15] (25)   147.427
[70,60]   [60,10,15] (30)   145.055
[70,60]   [60,10,20] (0)   31044.8
[70,60]   [60,10,20] (5)   19236.5
[70,60]   [60,10,20] (10)   8455.85
[70,60]   [60,10,20] (15)   6568.79
[70,60]   [60,10,20] (20)   184.018
[70,60]   [60,10,20] (25)   161.787
[70,60]   [60,10,20] (30)   160.565
[70,60]   [60,20,5] (0)   23456.3
[70,60]   [60,20,5] (5)   23447.4
[70,60]   [60,20,5] (10)   20109.3
[70,60]   [60,20,5] (15)   7537.24
[70,60]   [60,20,5] (20)   178.506
[70,60]   [60,20,5] (25)   129.352
[70,60]   [60,20,5] (30)   125.23
[70,60]   [60,20,10] (0)   23402.6
[70,60]   [60,20,10] (5)   23403.5
[70,60]   [60,20,10] (10)   21200.9
[70,60]   [60,20,10] (15)   10937.7
[70,60]   [60,20,10] (20)   4261.43
[70,60]   [60,20,10] (25)   187.903
[70,60]   [60,20,10] (30)   152.033
[70,60]   [60,20,15] (0)   23421.3
[70,60]   [60,20,15] (5)   23435.9
[70,60]   [60,20,15] (10)   19018.5
[70,60]   [60,20,15] (15)   7663.92
[70,60]   [60,20,15] (20)   2737.51
[70,60]   [60,20,15] (25)   164.821
[70,60]   [60,20,15] (30)   157.27
[70,60]   [60,20,20] (0)   23507.7
[70,60]   [60,20,20] (5)   23457.1
[70,60]   [60,20,20] (10)   19829.3
[70,60]   [60,20,20] (15)   5959.39
[70,60]   [60,20,20] (20)   3369.95
[70,60]   [60,20,20] (25)   196.906
[70,60]   [60,20,20] (30)   169.929
[70,60]   [60,30,5] (0)   16744.3
[70,60]   [60,30,5] (5)   16759.5
[70,60]   [60,30,5] (10)   16790.5
[70,60]   [60,30,5] (15)   14881
[70,60]   [60,30,5] (20)   5640.35
[70,60]   [60,30,5] (25)   167.387
[70,60]   [60,30,5] (30)   141.539
[70,60]   [60,30,10] (0)   16780.8
[70,60]   [60,30,10] (5)   16813.4
[70,60]   [60,30,10] (10)   16729.9
[70,60]   [60,30,10] (15)   15542.9
[70,60]   [60,30,10] (20)   7984.21
[70,60]   [60,30,10] (25)   1654.01
[70,60]   [60,30,10] (30)   173.45
[70,60]   [60,30,15] (0)   16783.4
[70,60]   [60,30,15] (5)   16762.6
[70,60]   [60,30,15] (10)   16809.3
[70,60]   [60,30,15] (15)   14276.6
[70,60]   [60,30,15] (20)   4981.47
[70,60]   [60,30,15] (25)   234.759
[70,60]   [60,30,15] (30)   171.582
[70,60]   [60,30,20] (0)   16743.7
[70,60]   [60,30,20] (5)   16746.9
[70,60]   [60,30,20] (10)   16815.8
[70,60]   [60,30,20] (15)   14766.5
[70,60]   [60,30,20] (20)   3592.24
[70,60]   [60,30,20] (25)   211.42
[70,60]   [60,30,20] (30)   188.687
[70,60]   [60,40,5] (0)   10699
[70,60]   [60,40,5] (5)   10692.8
[70,60]   [60,40,5] (10)   10720
[70,60]   [60,40,5] (15)   10738.3
[70,60]   [60,40,5] (20)   9949.5
[70,60]   [60,40,5] (25)   4823.92
[70,60]   [60,40,5] (30)   186.248
[70,60]   [60,40,10] (0)   10685.4
[70,60]   [60,40,10] (5)   10710.3
[70,60]   [60,40,10] (10)   10661
[70,60]   [60,40,10] (15)   10705.7
[70,60]   [60,40,10] (20)   10264
[70,60]   [60,40,10] (25)   5756.63
[70,60]   [60,40,10] (30)   349.591
[70,60]   [60,40,15] (0)   10675.4
[70,60]   [60,40,15] (5)   10684.3
[70,60]   [60,40,15] (10)   10782.9
[70,60]   [60,40,15] (15)   10581.9
[70,60]   [60,40,15] (20)   9761.68
[70,60]   [60,40,15] (25)   3702.86
[70,60]   [60,40,15] (30)   202.783
[70,60]   [60,40,20] (0)   10749.2
[70,60]   [60,40,20] (5)   10643.1
[70,60]   [60,40,20] (10)   10742.4
[70,60]   [60,40,20] (15)   10663.6
[70,60]   [60,40,20] (20)   9881.79
[70,60]   [60,40,20] (25)   3248.68
[70,60]   [60,40,20] (30)   207.072
[70,60]   [60,50,5] (0)   5679.27
[70,60]   [60,50,5] (5)   5757.95
[70,60]   [60,50,5] (10)   5692.79
[70,60]   [60,50,5] (15)   5646.31
[70,60]   [60,50,5] (20)   5678.35
[70,60]   [60,50,5] (25)   5477.76
[70,60]   [60,50,5] (30)   2449.01
[70,60]   [60,50,10] (0)   5676.19
[70,60]   [60,50,10] (5)   5731.61
[70,60]   [60,50,10] (10)   5707.02
[70,60]   [60,50,10] (15)   5722.3
[70,60]   [60,50,10] (20)   5747.35
[70,60]   [60,50,10] (25)   5442.51
[70,60]   [60,50,10] (30)   2915.27
[70,60]   [60,50,15] (0)   5672.79
[70,60]   [60,50,15] (5)   5725.66
[70,60]   [60,50,15] (10)   5714.19
[70,60]   [60,50,15] (15)   5730.32
[70,60]   [60,50,15] (20)   5724.99
[70,60]   [60,50,15] (25)   5234.65
[70,60]   [60,50,15] (30)   1306.61
[70,60]   [60,50,20] (0)   5751.84
[70,60]   [60,50,20] (5)   5655.43
[70,60]   [60,50,20] (10)   5753.99
[70,60]   [60,50,20] (15)   5670.13
[70,60]   [60,50,20] (20)   5592.18
[70,60]   [60,50,20] (25)   5282.06
[70,60]   [60,50,20] (30)   1262.77
[70,60]   [60,60,5] (0)   852.582
[70,60]   [60,60,5] (5)   958.287
[70,60]   [60,60,5] (10)   918.08
[70,60]   [60,60,5] (15)   893.761
[70,60]   [60,60,5] (20)   903.307
[70,60]   [60,60,5] (25)   980.16
[70,60]   [60,60,5] (30)   885.338
[70,60]   [60,60,10] (0)   955.073
[70,60]   [60,60,10] (5)   988.012
[70,60]   [60,60,10] (10)   906.161
[70,60]   [60,60,10] (15)   914.168
[70,60]   [60,60,10] (20)   1004.32
[70,60]   [60,60,10] (25)   875.498
[70,60]   [60,60,10] (30)   881.281
[70,60]   [60,60,15] (0)   999.39
[70,60]   [60,60,15] (5)   965.219
[70,60]   [60,60,15] (10)   877.231
[70,60]   [60,60,15] (15)   940.022
[70,60]   [60,60,15] (20)   877.577
[70,60]   [60,60,15] (25)   972.864
[70,60]   [60,60,15] (30)   793.623
[70,60]   [60,60,20] (0)   958.141
[70,60]   [60,60,20] (5)   878.624
[70,60]   [60,60,20] (10)   940.153
[70,60]   [60,60,20] (15)   837.962
[70,60]   [60,60,20] (20)   931.985
[70,60]   [60,60,20] (25)   858.771
[70,60]   [60,60,20] (30)   736.998
