[100,40]   [10,10,5] (0)   89.4714
[100,40]   [10,10,5] (5)   61.7278
[100,40]   [10,10,5] (10)   59.5559
[100,40]   [10,10,5] (15)   69.3136
[100,40]   [10,10,5] (20)   79.3451
[100,40]   [10,10,5] (25)   88.8946
[100,40]   [10,10,5] (30)   98.8542
[100,40]   [10,10,10] (0)   86.893
[100,40]   [10,10,10] (5)   71.0766
[100,40]   [10,10,10] (10)   75.7178
[100,40]   [10,10,10] (15)   84.5444
[100,40]   [10,10,10] (20)   93.1511
[100,40]   [10,10,10] (25)   102.154
[100,40]   [10,10,10] (30)   110.85
[100,40]   [10,10,15] (0)   85.4843
[100,40]   [10,10,15] (5)   73.498
[100,40]   [10,10,15] (10)   80.2661
[100,40]   [10,10,15] (15)   88.9873
[100,40]   [10,10,15] (20)   97.8561
[100,40]   [10,10,15] (25)   106.633
[100,40]   [10,10,15] (30)   115.77
[100,40]   [10,10,20] (0)   90.2267
[100,40]   [10,10,20] (5)   81.2487
[100,40]   [10,10,20] (10)   89.3069
[100,40]   [10,10,20] (15)   97.481
[100,40]   [10,10,20] (20)   106.158
[100,40]   [10,10,20] (25)   115.137
[100,40]   [10,10,20] (30)   123.321
[100,40]   [10,20,5] (0)   8356.83
[100,40]   [10,20,5] (5)   8399
[100,40]   [10,20,5] (10)   8461.95
[100,40]   [10,20,5] (15)   8549.11
[100,40]   [10,20,5] (20)   8491.29
[100,40]   [10,20,5] (25)   7877.47
[100,40]   [10,20,5] (30)   8106.2
[100,40]   [10,20,10] (0)   8524.83
[100,40]   [10,20,10] (5)   8454.76
[100,40]   [10,20,10] (10)   8465.58
[100,40]   [10,20,10] (15)   8391.43
[100,40]   [10,20,10] (20)   8469.43
[100,40]   [10,20,10] (25)   8495.03
[100,40]   [10,20,10] (30)   8461.31
[100,40]   [10,20,15] (0)   8437.06
[100,40]   [10,20,15] (5)   8429.31
[100,40]   [10,20,15] (10)   8507.65
[100,40]   [10,20,15] (15)   8541.35
[100,40]   [10,20,15] (20)   8415.41
[100,40]   [10,20,15] (25)   7279.85
[100,40]   [10,20,15] (30)   6890.74
[100,40]   [10,20,20] (0)   8493.93
[100,40]   [10,20,20] (5)   8438
[100,40]   [10,20,20] (10)   8450.68
[100,40]   [10,20,20] (15)   8492.1
[100,40]   [10,20,20] (20)   8513.56
[100,40]   [10,20,20] (25)   8448.26
[100,40]   [10,20,20] (30)   8540.72
[100,40]   [10,30,5] (0)   18327.6
[100,40]   [10,30,5] (5)   18013.3
[100,40]   [10,30,5] (10)   18252.4
[100,40]   [10,30,5] (15)   18247
[100,40]   [10,30,5] (20)   18266.1
[100,40]   [10,30,5] (25)   18133
[100,40]   [10,30,5] (30)   17512.7
[100,40]   [10,30,10] (0)   18244.3
[100,40]   [10,30,10] (5)   18150.7
[100,40]   [10,30,10] (10)   18266.8
[100,40]   [10,30,10] (15)   18255.6
[100,40]   [10,30,10] (20)   18176.4
[100,40]   [10,30,10] (25)   18294.3
[100,40]   [10,30,10] (30)   18193.7
[100,40]   [10,30,15] (0)   18186.8
[100,40]   [10,30,15] (5)   18132.8
[100,40]   [10,30,15] (10)   18240.7
[100,40]   [10,30,15] (15)   18208.4
[100,40]   [10,30,15] (20)   18182.9
[100,40]   [10,30,15] (25)   18024
[100,40]   [10,30,15] (30)   16250.9
[100,40]   [10,30,20] (0)   18129.2
[100,40]   [10,30,20] (5)   18267.3
[100,40]   [10,30,20] (10)   18215.8
[100,40]   [10,30,20] (15)   18169.3
[100,40]   [10,30,20] (20)   18325.4
[100,40]   [10,30,20] (25)   18170.4
[100,40]   [10,30,20] (30)   18127.5
[100,40]   [10,40,5] (0)   27648.8
[100,40]   [10,40,5] (5)   27794
[100,40]   [10,40,5] (10)   27726.1
[100,40]   [10,40,5] (15)   27752.8
[100,40]   [10,40,5] (20)   27752.9
[100,40]   [10,40,5] (25)   27689
[100,40]   [10,40,5] (30)   27801.8
[100,40]   [10,40,10] (0)   27754.8
[100,40]   [10,40,10] (5)   27753.4
[100,40]   [10,40,10] (10)   27764.3
[100,40]   [10,40,10] (15)   27649.9
[100,40]   [10,40,10] (20)   27827.9
[100,40]   [10,40,10] (25)   27710.7
[100,40]   [10,40,10] (30)   27733.8
[100,40]   [10,40,15] (0)   27730.1
[100,40]   [10,40,15] (5)   27811.6
[100,40]   [10,40,15] (10)   27764.9
[100,40]   [10,40,15] (15)   27810.4
[100,40]   [10,40,15] (20)   27718.5
[100,40]   [10,40,15] (25)   27773.3
[100,40]   [10,40,15] (30)   27773
[100,40]   [10,40,20] (0)   27733
[100,40]   [10,40,20] (5)   27669.6
[100,40]   [10,40,20] (10)   27784.5
[100,40]   [10,40,20] (15)   27805.7
[100,40]   [10,40,20] (20)   27751.3
[100,40]   [10,40,20] (25)   27643.6
[100,40]   [10,40,20] (30)   27816
[100,40]   [10,50,5] (0)   35502.2
[100,40]   [10,50,5] (5)   35537.3
[100,40]   [10,50,5] (10)   35512
[100,40]   [10,50,5] (15)   35514.5
[100,40]   [10,50,5] (20)   35580.6
[100,40]   [10,50,5] (25)   35527.6
[100,40]   [10,50,5] (30)   35417.1
[100,40]   [10,50,10] (0)   35540.5
[100,40]   [10,50,10] (5)   35508.9
[100,40]   [10,50,10] (10)   35348.5
[100,40]   [10,50,10] (15)   35529.8
[100,40]   [10,50,10] (20)   35545.4
[100,40]   [10,50,10] (25)   35504.4
[100,40]   [10,50,10] (30)   35485.6
[100,40]   [10,50,15] (0)   35513.2
[100,40]   [10,50,15] (5)   35560.1
[100,40]   [10,50,15] (10)   35502.6
[100,40]   [10,50,15] (15)   35520.8
[100,40]   [10,50,15] (20)   35547.4
[100,40]   [10,50,15] (25)   35338.5
[100,40]   [10,50,15] (30)   35475.4
[100,40]   [10,50,20] (0)   35541
[100,40]   [10,50,20] (5)   35551.4
[100,40]   [10,50,20] (10)   35527.6
[100,40]   [10,50,20] (15)   35452.5
[100,40]   [10,50,20] (20)   35524.6
[100,40]   [10,50,20] (25)   35507.7
[100,40]   [10,50,20] (30)   35509.7
[100,40]   [10,60,5] (0)   46755.6
[100,40]   [10,60,5] (5)   46736.2
[100,40]   [10,60,5] (10)   46744.7
[100,40]   [10,60,5] (15)   46719.4
[100,40]   [10,60,5] (20)   46669.3
[100,40]   [10,60,5] (25)   46752.3
[100,40]   [10,60,5] (30)   46741.1
[100,40]   [10,60,10] (0)   46787.6
[100,40]   [10,60,10] (5)   46784.1
[100,40]   [10,60,10] (10)   46690.2
[100,40]   [10,60,10] (15)   46690.5
[100,40]   [10,60,10] (20)   46737.7
[100,40]   [10,60,10] (25)   46753.3
[100,40]   [10,60,10] (30)   46708
[100,40]   [10,60,15] (0)   46700.7
[100,40]   [10,60,15] (5)   46771.3
[100,40]   [10,60,15] (10)   46706.8
[100,40]   [10,60,15] (15)   46691.5
[100,40]   [10,60,15] (20)   46729.6
[100,40]   [10,60,15] (25)   46759.2
[100,40]   [10,60,15] (30)   46669.2
[100,40]   [10,60,20] (0)   46712.3
[100,40]   [10,60,20] (5)   46734
[100,40]   [10,60,20] (10)   46784
[100,40]   [10,60,20] (15)   46936.7
[100,40]   [10,60,20] (20)   46698.9
[100,40]   [10,60,20] (25)   46764
[100,40]   [10,60,20] (30)   46925.8
[100,40]   [20,10,5] (0)   7695.21
[100,40]   [20,10,5] (5)   1693.13
[100,40]   [20,10,5] (10)   62.907
[100,40]   [20,10,5] (15)   65.1572
[100,40]   [20,10,5] (20)   74.3829
[100,40]   [20,10,5] (25)   84.2468
[100,40]   [20,10,5] (30)   94.0606
[100,40]   [20,10,10] (0)   7708.75
[100,40]   [20,10,10] (5)   1638.87
[100,40]   [20,10,10] (10)   81.8256
[100,40]   [20,10,10] (15)   84.6778
[100,40]   [20,10,10] (20)   92.8948
[100,40]   [20,10,10] (25)   100.939
[100,40]   [20,10,10] (30)   109.518
[100,40]   [20,10,15] (0)   7731.15
[100,40]   [20,10,15] (5)   111.799
[100,40]   [20,10,15] (10)   85.9517
[100,40]   [20,10,15] (15)   91.888
[100,40]   [20,10,15] (20)   100.081
[100,40]   [20,10,15] (25)   108.67
[100,40]   [20,10,15] (30)   116.513
[100,40]   [20,10,20] (0)   7704.96
[100,40]   [20,10,20] (5)   139.935
[100,40]   [20,10,20] (10)   99.7931
[100,40]   [20,10,20] (15)   104.852
[100,40]   [20,10,20] (20)   112.81
[100,40]   [20,10,20] (25)   120.769
[100,40]   [20,10,20] (30)   128.249
[100,40]   [20,20,5] (0)   129.934
[100,40]   [20,20,5] (5)   131.607
[100,40]   [20,20,5] (10)   114.375
[100,40]   [20,20,5] (15)   100.266
[100,40]   [20,20,5] (20)   106.47
[100,40]   [20,20,5] (25)   115.972
[100,40]   [20,20,5] (30)   124.594
[100,40]   [20,20,10] (0)   131.667
[100,40]   [20,20,10] (5)   135.487
[100,40]   [20,20,10] (10)   119.383
[100,40]   [20,20,10] (15)   116.018
[100,40]   [20,20,10] (20)   122.267
[100,40]   [20,20,10] (25)   130.15
[100,40]   [20,20,10] (30)   137.599
[100,40]   [20,20,15] (0)   131.837
[100,40]   [20,20,15] (5)   132.043
[100,40]   [20,20,15] (10)   116.376
[100,40]   [20,20,15] (15)   116.259
[100,40]   [20,20,15] (20)   124.674
[100,40]   [20,20,15] (25)   131.934
[100,40]   [20,20,15] (30)   139.571
[100,40]   [20,20,20] (0)   133.029
[100,40]   [20,20,20] (5)   131.82
[100,40]   [20,20,20] (10)   126.941
[100,40]   [20,20,20] (15)   132.226
[100,40]   [20,20,20] (20)   139.304
[100,40]   [20,20,20] (25)   146.525
[100,40]   [20,20,20] (30)   154.094
[100,40]   [20,30,5] (0)   6212.87
[100,40]   [20,30,5] (5)   6339
[100,40]   [20,30,5] (10)   6379.36
[100,40]   [20,30,5] (15)   6249.55
[100,40]   [20,30,5] (20)   6177.35
[100,40]   [20,30,5] (25)   6283.31
[100,40]   [20,30,5] (30)   6265.4
[100,40]   [20,30,10] (0)   6340.43
[100,40]   [20,30,10] (5)   6231.42
[100,40]   [20,30,10] (10)   6366
[100,40]   [20,30,10] (15)   6154.54
[100,40]   [20,30,10] (20)   6245.04
[100,40]   [20,30,10] (25)   6223.06
[100,40]   [20,30,10] (30)   6171.38
[100,40]   [20,30,15] (0)   6306.04
[100,40]   [20,30,15] (5)   6296.35
[100,40]   [20,30,15] (10)   6219.77
[100,40]   [20,30,15] (15)   6257.74
[100,40]   [20,30,15] (20)   6249.02
[100,40]   [20,30,15] (25)   6175.42
[100,40]   [20,30,15] (30)   4962.56
[100,40]   [20,30,20] (0)   6177
[100,40]   [20,30,20] (5)   6183.75
[100,40]   [20,30,20] (10)   6366.48
[100,40]   [20,30,20] (15)   6336.37
[100,40]   [20,30,20] (20)   6309.63
[100,40]   [20,30,20] (25)   6283.46
[100,40]   [20,30,20] (30)   6209.94
[100,40]   [20,40,5] (0)   18707.5
[100,40]   [20,40,5] (5)   18726.1
[100,40]   [20,40,5] (10)   18839
[100,40]   [20,40,5] (15)   18684.7
[100,40]   [20,40,5] (20)   18854.1
[100,40]   [20,40,5] (25)   18794
[100,40]   [20,40,5] (30)   18837.9
[100,40]   [20,40,10] (0)   18854.2
[100,40]   [20,40,10] (5)   18767.2
[100,40]   [20,40,10] (10)   18893.9
[100,40]   [20,40,10] (15)   18997.5
[100,40]   [20,40,10] (20)   18731.7
[100,40]   [20,40,10] (25)   18765.6
[100,40]   [20,40,10] (30)   18809.3
[100,40]   [20,40,15] (0)   18598.9
[100,40]   [20,40,15] (5)   18727.6
[100,40]   [20,40,15] (10)   18830.2
[100,40]   [20,40,15] (15)   18944.9
[100,40]   [20,40,15] (20)   18937.4
[100,40]   [20,40,15] (25)   18776.9
[100,40]   [20,40,15] (30)   18732.2
[100,40]   [20,40,20] (0)   18765
[100,40]   [20,40,20] (5)   18797.7
[100,40]   [20,40,20] (10)   19031.8
[100,40]   [20,40,20] (15)   18857.5
[100,40]   [20,40,20] (20)   18722.2
[100,40]   [20,40,20] (25)   18807.4
[100,40]   [20,40,20] (30)   18805.3
[100,40]   [20,50,5] (0)   26015.2
[100,40]   [20,50,5] (5)   26111.9
[100,40]   [20,50,5] (10)   25987.1
[100,40]   [20,50,5] (15)   26119.9
[100,40]   [20,50,5] (20)   26056.6
[100,40]   [20,50,5] (25)   25957.4
[100,40]   [20,50,5] (30)   26022.7
[100,40]   [20,50,10] (0)   25999.3
[100,40]   [20,50,10] (5)   25967.5
[100,40]   [20,50,10] (10)   26056.8
[100,40]   [20,50,10] (15)   26071.8
[100,40]   [20,50,10] (20)   25839.1
[100,40]   [20,50,10] (25)   26201.4
[100,40]   [20,50,10] (30)   25867.9
[100,40]   [20,50,15] (0)   25963.5
[100,40]   [20,50,15] (5)   25841.7
[100,40]   [20,50,15] (10)   26076.3
[100,40]   [20,50,15] (15)   25936.9
[100,40]   [20,50,15] (20)   26015.6
[100,40]   [20,50,15] (25)   26142.2
[100,40]   [20,50,15] (30)   26120.1
[100,40]   [20,50,20] (0)   25976
[100,40]   [20,50,20] (5)   26154.5
[100,40]   [20,50,20] (10)   26123.2
[100,40]   [20,50,20] (15)   25789.7
[100,40]   [20,50,20] (20)   26015.9
[100,40]   [20,50,20] (25)   26079.3
[100,40]   [20,50,20] (30)   26045.6
[100,40]   [20,60,5] (0)   35580.5
[100,40]   [20,60,5] (5)   35502
[100,40]   [20,60,5] (10)   35544.2
[100,40]   [20,60,5] (15)   35562.4
[100,40]   [20,60,5] (20)   35565.2
[100,40]   [20,60,5] (25)   35526.4
[100,40]   [20,60,5] (30)   35427
[100,40]   [20,60,10] (0)   35569.7
[100,40]   [20,60,10] (5)   35574.1
[100,40]   [20,60,10] (10)   35439.4
[100,40]   [20,60,10] (15)   35463.3
[100,40]   [20,60,10] (20)   35553.4
[100,40]   [20,60,10] (25)   35527
[100,40]   [20,60,10] (30)   35504.6
[100,40]   [20,60,15] (0)   35521.8
[100,40]   [20,60,15] (5)   35505.5
[100,40]   [20,60,15] (10)   35576.4
[100,40]   [20,60,15] (15)   35582.8
[100,40]   [20,60,15] (20)   35554.2
[100,40]   [20,60,15] (25)   35555.6
[100,40]   [20,60,15] (30)   35617.6
[100,40]   [20,60,20] (0)   35579.7
[100,40]   [20,60,20] (5)   35576.4
[100,40]   [20,60,20] (10)   35452.6
[100,40]   [20,60,20] (15)   35505.5
[100,40]   [20,60,20] (20)   35544.1
[100,40]   [20,60,20] (25)   35550.1
[100,40]   [20,60,20] (30)   35361.7
[100,40]   [30,10,5] (0)   14784.6
[100,40]   [30,10,5] (5)   7771.69
[100,40]   [30,10,5] (10)   80.723
[100,40]   [30,10,5] (15)   71.4804
[100,40]   [30,10,5] (20)   74.6764
[100,40]   [30,10,5] (25)   82.2309
[100,40]   [30,10,5] (30)   92.3104
[100,40]   [30,10,10] (0)   14626.8
[100,40]   [30,10,10] (5)   7751.44
[100,40]   [30,10,10] (10)   115.652
[100,40]   [30,10,10] (15)   91.6426
[100,40]   [30,10,10] (20)   92.8313
[100,40]   [30,10,10] (25)   99.3222
[100,40]   [30,10,10] (30)   107.962
[100,40]   [30,10,15] (0)   14677.1
[100,40]   [30,10,15] (5)   4178.16
[100,40]   [30,10,15] (10)   99.8527
[100,40]   [30,10,15] (15)   99.1542
[100,40]   [30,10,15] (20)   102.516
[100,40]   [30,10,15] (25)   109.93
[100,40]   [30,10,15] (30)   117.979
[100,40]   [30,10,20] (0)   14752.2
[100,40]   [30,10,20] (5)   3331.66
[100,40]   [30,10,20] (10)   106.136
[100,40]   [30,10,20] (15)   107.666
[100,40]   [30,10,20] (20)   114.832
[100,40]   [30,10,20] (25)   122.39
[100,40]   [30,10,20] (30)   130.55
[100,40]   [30,20,5] (0)   6564
[100,40]   [30,20,5] (5)   6614.56
[100,40]   [30,20,5] (10)   4495.91
[100,40]   [30,20,5] (15)   108.204
[100,40]   [30,20,5] (20)   92.3632
[100,40]   [30,20,5] (25)   94.2927
[100,40]   [30,20,5] (30)   103.699
[100,40]   [30,20,10] (0)   6573.11
[100,40]   [30,20,10] (5)   6637.84
[100,40]   [30,20,10] (10)   4826.84
[100,40]   [30,20,10] (15)   118.779
[100,40]   [30,20,10] (20)   111.324
[100,40]   [30,20,10] (25)   115.663
[100,40]   [30,20,10] (30)   124.025
[100,40]   [30,20,15] (0)   6555.72
[100,40]   [30,20,15] (5)   6578.12
[100,40]   [30,20,15] (10)   3293.33
[100,40]   [30,20,15] (15)   117.702
[100,40]   [30,20,15] (20)   117.75
[100,40]   [30,20,15] (25)   123.748
[100,40]   [30,20,15] (30)   131.622
[100,40]   [30,20,20] (0)   6605.47
[100,40]   [30,20,20] (5)   6578.98
[100,40]   [30,20,20] (10)   3629.89
[100,40]   [30,20,20] (15)   128.934
[100,40]   [30,20,20] (20)   130.219
[100,40]   [30,20,20] (25)   136.669
[100,40]   [30,20,20] (30)   144.56
[100,40]   [30,30,5] (0)   161.651
[100,40]   [30,30,5] (5)   159.86
[100,40]   [30,30,5] (10)   159.978
[100,40]   [30,30,5] (15)   152.287
[100,40]   [30,30,5] (20)   128.357
[100,40]   [30,30,5] (25)   123.491
[100,40]   [30,30,5] (30)   132.593
[100,40]   [30,30,10] (0)   158.541
[100,40]   [30,30,10] (5)   159.982
[100,40]   [30,30,10] (10)   158.682
[100,40]   [30,30,10] (15)   153.705
[100,40]   [30,30,10] (20)   139.41
[100,40]   [30,30,10] (25)   143.037
[100,40]   [30,30,10] (30)   151.21
[100,40]   [30,30,15] (0)   160.508
[100,40]   [30,30,15] (5)   159.314
[100,40]   [30,30,15] (10)   160.393
[100,40]   [30,30,15] (15)   151.826
[100,40]   [30,30,15] (20)   141.904
[100,40]   [30,30,15] (25)   146.928
[100,40]   [30,30,15] (30)   155.116
[100,40]   [30,30,20] (0)   158.621
[100,40]   [30,30,20] (5)   160.491
[100,40]   [30,30,20] (10)   158.886
[100,40]   [30,30,20] (15)   152.57
[100,40]   [30,30,20] (20)   149.835
[100,40]   [30,30,20] (25)   155.635
[100,40]   [30,30,20] (30)   163.548
[100,40]   [30,40,5] (0)   6621.91
[100,40]   [30,40,5] (5)   6715.97
[100,40]   [30,40,5] (10)   6666.89
[100,40]   [30,40,5] (15)   6855.08
[100,40]   [30,40,5] (20)   6776.81
[100,40]   [30,40,5] (25)   6688.33
[100,40]   [30,40,5] (30)   6483.69
[100,40]   [30,40,10] (0)   6862.25
[100,40]   [30,40,10] (5)   6729.43
[100,40]   [30,40,10] (10)   6707.13
[100,40]   [30,40,10] (15)   6696.27
[100,40]   [30,40,10] (20)   6591.09
[100,40]   [30,40,10] (25)   6768.72
[100,40]   [30,40,10] (30)   6661.16
[100,40]   [30,40,15] (0)   6739.67
[100,40]   [30,40,15] (5)   6764.05
[100,40]   [30,40,15] (10)   6810.94
[100,40]   [30,40,15] (15)   6559.41
[100,40]   [30,40,15] (20)   6778.35
[100,40]   [30,40,15] (25)   6728.2
[100,40]   [30,40,15] (30)   6774.49
[100,40]   [30,40,20] (0)   6781.64
[100,40]   [30,40,20] (5)   6790.46
[100,40]   [30,40,20] (10)   6659.59
[100,40]   [30,40,20] (15)   6796.88
[100,40]   [30,40,20] (20)   6707.23
[100,40]   [30,40,20] (25)   6784.35
[100,40]   [30,40,20] (30)   6796.6
[100,40]   [30,50,5] (0)   12130.5
[100,40]   [30,50,5] (5)   12323.9
[100,40]   [30,50,5] (10)   12366.3
[100,40]   [30,50,5] (15)   12284.6
[100,40]   [30,50,5] (20)   12262.3
[100,40]   [30,50,5] (25)   12197.7
[100,40]   [30,50,5] (30)   12224.2
[100,40]   [30,50,10] (0)   12227.8
[100,40]   [30,50,10] (5)   12092.3
[100,40]   [30,50,10] (10)   12200.6
[100,40]   [30,50,10] (15)   12268.1
[100,40]   [30,50,10] (20)   12227.2
[100,40]   [30,50,10] (25)   12201
[100,40]   [30,50,10] (30)   12209.9
[100,40]   [30,50,15] (0)   12280.3
[100,40]   [30,50,15] (5)   12155
[100,40]   [30,50,15] (10)   12322.6
[100,40]   [30,50,15] (15)   12236.7
[100,40]   [30,50,15] (20)   12285.6
[100,40]   [30,50,15] (25)   12262.5
[100,40]   [30,50,15] (30)   12349.7
[100,40]   [30,50,20] (0)   12193
[100,40]   [30,50,20] (5)   12366.6
[100,40]   [30,50,20] (10)   12043.1
[100,40]   [30,50,20] (15)   12213.4
[100,40]   [30,50,20] (20)   12288.7
[100,40]   [30,50,20] (25)   12213.6
[100,40]   [30,50,20] (30)   12135.7
[100,40]   [30,60,5] (0)   19931.8
[100,40]   [30,60,5] (5)   20109.1
[100,40]   [30,60,5] (10)   19884.6
[100,40]   [30,60,5] (15)   20074.7
[100,40]   [30,60,5] (20)   20126.1
[100,40]   [30,60,5] (25)   20079.9
[100,40]   [30,60,5] (30)   20167.9
[100,40]   [30,60,10] (0)   19807.8
[100,40]   [30,60,10] (5)   20002.4
[100,40]   [30,60,10] (10)   19890
[100,40]   [30,60,10] (15)   20189.1
[100,40]   [30,60,10] (20)   19945.3
[100,40]   [30,60,10] (25)   19907.8
[100,40]   [30,60,10] (30)   20188.6
[100,40]   [30,60,15] (0)   20292.3
[100,40]   [30,60,15] (5)   19977.6
[100,40]   [30,60,15] (10)   19988.8
[100,40]   [30,60,15] (15)   20091.2
[100,40]   [30,60,15] (20)   20002
[100,40]   [30,60,15] (25)   20214.4
[100,40]   [30,60,15] (30)   20170.6
[100,40]   [30,60,20] (0)   19901.9
[100,40]   [30,60,20] (5)   20142.8
[100,40]   [30,60,20] (10)   19927.1
[100,40]   [30,60,20] (15)   20142.4
[100,40]   [30,60,20] (20)   20179.1
[100,40]   [30,60,20] (25)   20098.5
[100,40]   [30,60,20] (30)   20065.1
[100,40]   [40,10,5] (0)   21276.3
[100,40]   [40,10,5] (5)   13062.8
[100,40]   [40,10,5] (10)   139.736
[100,40]   [40,10,5] (15)   81.9455
[100,40]   [40,10,5] (20)   81.4679
[100,40]   [40,10,5] (25)   85.2824
[100,40]   [40,10,5] (30)   91.3323
[100,40]   [40,10,10] (0)   21504.1
[100,40]   [40,10,10] (5)   13261
[100,40]   [40,10,10] (10)   3901.55
[100,40]   [40,10,10] (15)   106.57
[100,40]   [40,10,10] (20)   101.216
[100,40]   [40,10,10] (25)   102.459
[100,40]   [40,10,10] (30)   108.12
[100,40]   [40,10,15] (0)   21067.5
[100,40]   [40,10,15] (5)   9858.97
[100,40]   [40,10,15] (10)   1559.1
[100,40]   [40,10,15] (15)   112.882
[100,40]   [40,10,15] (20)   110.212
[100,40]   [40,10,15] (25)   113.783
[100,40]   [40,10,15] (30)   119.827
[100,40]   [40,10,20] (0)   21521.5
[100,40]   [40,10,20] (5)   8698.32
[100,40]   [40,10,20] (10)   124.512
[100,40]   [40,10,20] (15)   124.469
[100,40]   [40,10,20] (20)   124.994
[100,40]   [40,10,20] (25)   129.138
[100,40]   [40,10,20] (30)   135.014
[100,40]   [40,20,5] (0)   14427.6
[100,40]   [40,20,5] (5)   14434.9
[100,40]   [40,20,5] (10)   10680.2
[100,40]   [40,20,5] (15)   279.109
[100,40]   [40,20,5] (20)   102.325
[100,40]   [40,20,5] (25)   96.0394
[100,40]   [40,20,5] (30)   99.1668
[100,40]   [40,20,10] (0)   14450.4
[100,40]   [40,20,10] (5)   14395
[100,40]   [40,20,10] (10)   11218.9
[100,40]   [40,20,10] (15)   1918.38
[100,40]   [40,20,10] (20)   122.657
[100,40]   [40,20,10] (25)   116.736
[100,40]   [40,20,10] (30)   120.146
[100,40]   [40,20,15] (0)   14424.9
[100,40]   [40,20,15] (5)   14476.6
[100,40]   [40,20,15] (10)   9512.43
[100,40]   [40,20,15] (15)   144.934
[100,40]   [40,20,15] (20)   126.746
[100,40]   [40,20,15] (25)   125.169
[100,40]   [40,20,15] (30)   129.857
[100,40]   [40,20,20] (0)   14478.4
[100,40]   [40,20,20] (5)   14428.3
[100,40]   [40,20,20] (10)   11454.4
[100,40]   [40,20,20] (15)   152.207
[100,40]   [40,20,20] (20)   139.935
[100,40]   [40,20,20] (25)   143.512
[100,40]   [40,20,20] (30)   149.968
[100,40]   [40,30,5] (0)   6224.03
[100,40]   [40,30,5] (5)   6165.08
[100,40]   [40,30,5] (10)   6088.97
[100,40]   [40,30,5] (15)   4607.29
[100,40]   [40,30,5] (20)   151.533
[100,40]   [40,30,5] (25)   120.851
[100,40]   [40,30,5] (30)   116.765
[100,40]   [40,30,10] (0)   6166.6
[100,40]   [40,30,10] (5)   6254.16
[100,40]   [40,30,10] (10)   6197.46
[100,40]   [40,30,10] (15)   4592.28
[100,40]   [40,30,10] (20)   163.959
[100,40]   [40,30,10] (25)   141.069
[100,40]   [40,30,10] (30)   141.181
[100,40]   [40,30,15] (0)   6222.48
[100,40]   [40,30,15] (5)   6241.75
[100,40]   [40,30,15] (10)   6111.46
[100,40]   [40,30,15] (15)   3830.61
[100,40]   [40,30,15] (20)   153.443
[100,40]   [40,30,15] (25)   145.686
[100,40]   [40,30,15] (30)   148.535
[100,40]   [40,30,20] (0)   6193.06
[100,40]   [40,30,20] (5)   6263.88
[100,40]   [40,30,20] (10)   6170.4
[100,40]   [40,30,20] (15)   3693.29
[100,40]   [40,30,20] (20)   160.773
[100,40]   [40,30,20] (25)   157.591
[100,40]   [40,30,20] (30)   162.176
[100,40]   [40,40,5] (0)   207.266
[100,40]   [40,40,5] (5)   205.438
[100,40]   [40,40,5] (10)   205.615
[100,40]   [40,40,5] (15)   206.514
[100,40]   [40,40,5] (20)   200.419
[100,40]   [40,40,5] (25)   176.596
[100,40]   [40,40,5] (30)   159.626
[100,40]   [40,40,10] (0)   208.084
[100,40]   [40,40,10] (5)   208.344
[100,40]   [40,40,10] (10)   205.021
[100,40]   [40,40,10] (15)   207.61
[100,40]   [40,40,10] (20)   201.991
[100,40]   [40,40,10] (25)   183.141
[100,40]   [40,40,10] (30)   179.027
[100,40]   [40,40,15] (0)   206.09
[100,40]   [40,40,15] (5)   206.332
[100,40]   [40,40,15] (10)   207.203
[100,40]   [40,40,15] (15)   207.562
[100,40]   [40,40,15] (20)   201.241
[100,40]   [40,40,15] (25)   181.422
[100,40]   [40,40,15] (30)   179.997
[100,40]   [40,40,20] (0)   206.717
[100,40]   [40,40,20] (5)   206.964
[100,40]   [40,40,20] (10)   206.098
[100,40]   [40,40,20] (15)   205.555
[100,40]   [40,40,20] (20)   203.569
[100,40]   [40,40,20] (25)   194.54
[100,40]   [40,40,20] (30)   198.427
[100,40]   [40,50,5] (0)   3095.65
[100,40]   [40,50,5] (5)   3083.62
[100,40]   [40,50,5] (10)   2938.27
[100,40]   [40,50,5] (15)   3090.34
[100,40]   [40,50,5] (20)   2919.55
[100,40]   [40,50,5] (25)   3025.49
[100,40]   [40,50,5] (30)   3080.77
[100,40]   [40,50,10] (0)   3021.54
[100,40]   [40,50,10] (5)   3149.16
[100,40]   [40,50,10] (10)   3002.19
[100,40]   [40,50,10] (15)   2902.11
[100,40]   [40,50,10] (20)   3001.37
[100,40]   [40,50,10] (25)   3032.7
[100,40]   [40,50,10] (30)   3134.15
[100,40]   [40,50,15] (0)   3104.2
[100,40]   [40,50,15] (5)   3024.97
[100,40]   [40,50,15] (10)   2877.19
[100,40]   [40,50,15] (15)   2966.72
[100,40]   [40,50,15] (20)   2909.49
[100,40]   [40,50,15] (25)   3014.36
[100,40]   [40,50,15] (30)   3043.34
[100,40]   [40,50,20] (0)   3080.31
[100,40]   [40,50,20] (5)   3014.67
[100,40]   [40,50,20] (10)   3176.13
[100,40]   [40,50,20] (15)   3109.34
[100,40]   [40,50,20] (20)   2777.92
[100,40]   [40,50,20] (25)   3158.09
[100,40]   [40,50,20] (30)   3075.52
[100,40]   [40,60,5] (0)   13085.3
[100,40]   [40,60,5] (5)   13226.7
[100,40]   [40,60,5] (10)   13417.7
[100,40]   [40,60,5] (15)   13498.3
[100,40]   [40,60,5] (20)   13216.2
[100,40]   [40,60,5] (25)   13226.1
[100,40]   [40,60,5] (30)   13394.2
[100,40]   [40,60,10] (0)   13469.8
[100,40]   [40,60,10] (5)   13350.8
[100,40]   [40,60,10] (10)   13350.1
[100,40]   [40,60,10] (15)   13103.5
[100,40]   [40,60,10] (20)   13183.9
[100,40]   [40,60,10] (25)   13421
[100,40]   [40,60,10] (30)   13456.1
[100,40]   [40,60,15] (0)   13338.4
[100,40]   [40,60,15] (5)   13385.9
[100,40]   [40,60,15] (10)   13334.1
[100,40]   [40,60,15] (15)   13309.7
[100,40]   [40,60,15] (20)   13390.9
[100,40]   [40,60,15] (25)   13405.1
[100,40]   [40,60,15] (30)   13249.5
[100,40]   [40,60,20] (0)   13316.9
[100,40]   [40,60,20] (5)   13202.2
[100,40]   [40,60,20] (10)   13350.3
[100,40]   [40,60,20] (15)   13198.4
[100,40]   [40,60,20] (20)   13474.3
[100,40]   [40,60,20] (25)   13419.4
[100,40]   [40,60,20] (30)   13461.3
[100,40]   [50,10,5] (0)   27063.7
[100,40]   [50,10,5] (5)   17896.4
[100,40]   [50,10,5] (10)   3288.52
[100,40]   [50,10,5] (15)   95.4338
[100,40]   [50,10,5] (20)   89.5395
[100,40]   [50,10,5] (25)   92.0798
[100,40]   [50,10,5] (30)   96.1178
[100,40]   [50,10,10] (0)   27184.6
[100,40]   [50,10,10] (5)   18707
[100,40]   [50,10,10] (10)   8693.42
[100,40]   [50,10,10] (15)   1885.31
[100,40]   [50,10,10] (20)   117.372
[100,40]   [50,10,10] (25)   111.944
[100,40]   [50,10,10] (30)   112.326
[100,40]   [50,10,15] (0)   27052.7
[100,40]   [50,10,15] (5)   14964
[100,40]   [50,10,15] (10)   6395.64
[100,40]   [50,10,15] (15)   278.769
[100,40]   [50,10,15] (20)   123.177
[100,40]   [50,10,15] (25)   121.414
[100,40]   [50,10,15] (30)   123.172
[100,40]   [50,10,20] (0)   27400.3
[100,40]   [50,10,20] (5)   15050.5
[100,40]   [50,10,20] (10)   4089.66
[100,40]   [50,10,20] (15)   2040.95
[100,40]   [50,10,20] (20)   134.666
[100,40]   [50,10,20] (25)   132.362
[100,40]   [50,10,20] (30)   136.449
[100,40]   [50,20,5] (0)   20625.3
[100,40]   [50,20,5] (5)   20920.1
[100,40]   [50,20,5] (10)   16991.2
[100,40]   [50,20,5] (15)   4097.47
[100,40]   [50,20,5] (20)   122.969
[100,40]   [50,20,5] (25)   105.601
[100,40]   [50,20,5] (30)   103.964
[100,40]   [50,20,10] (0)   20633.3
[100,40]   [50,20,10] (5)   20626.1
[100,40]   [50,20,10] (10)   17294.9
[100,40]   [50,20,10] (15)   7051.48
[100,40]   [50,20,10] (20)   646.787
[100,40]   [50,20,10] (25)   131.557
[100,40]   [50,20,10] (30)   124.251
[100,40]   [50,20,15] (0)   20619.5
[100,40]   [50,20,15] (5)   20774.2
[100,40]   [50,20,15] (10)   15552.5
[100,40]   [50,20,15] (15)   3749.91
[100,40]   [50,20,15] (20)   166.14
[100,40]   [50,20,15] (25)   133.972
[100,40]   [50,20,15] (30)   132.5
[100,40]   [50,20,20] (0)   20637.6
[100,40]   [50,20,20] (5)   20664.7
[100,40]   [50,20,20] (10)   16189.1
[100,40]   [50,20,20] (15)   1837.05
[100,40]   [50,20,20] (20)   161.756
[100,40]   [50,20,20] (25)   148.136
[100,40]   [50,20,20] (30)   147.873
[100,40]   [50,30,5] (0)   12045.8
[100,40]   [50,30,5] (5)   11959.9
[100,40]   [50,30,5] (10)   11973.4
[100,40]   [50,30,5] (15)   10389.7
[100,40]   [50,30,5] (20)   2000.35
[100,40]   [50,30,5] (25)   137.792
[100,40]   [50,30,5] (30)   120.632
[100,40]   [50,30,10] (0)   12083.5
[100,40]   [50,30,10] (5)   12034.9
[100,40]   [50,30,10] (10)   12047.1
[100,40]   [50,30,10] (15)   10890.9
[100,40]   [50,30,10] (20)   3657.73
[100,40]   [50,30,10] (25)   161.66
[100,40]   [50,30,10] (30)   145.001
[100,40]   [50,30,15] (0)   12035.8
[100,40]   [50,30,15] (5)   12036.5
[100,40]   [50,30,15] (10)   12005.7
[100,40]   [50,30,15] (15)   9710.26
[100,40]   [50,30,15] (20)   827.406
[100,40]   [50,30,15] (25)   157.483
[100,40]   [50,30,15] (30)   149.028
[100,40]   [50,30,20] (0)   12130.7
[100,40]   [50,30,20] (5)   12077.4
[100,40]   [50,30,20] (10)   12063.6
[100,40]   [50,30,20] (15)   9857.39
[100,40]   [50,30,20] (20)   215.041
[100,40]   [50,30,20] (25)   161.815
[100,40]   [50,30,20] (30)   160.845
[100,40]   [50,40,5] (0)   5704.23
[100,40]   [50,40,5] (5)   5775.21
[100,40]   [50,40,5] (10)   5726.1
[100,40]   [50,40,5] (15)   5834.61
[100,40]   [50,40,5] (20)   5345.97
[100,40]   [50,40,5] (25)   1062.92
[100,40]   [50,40,5] (30)   161.525
[100,40]   [50,40,10] (0)   5703.17
[100,40]   [50,40,10] (5)   5778.55
[100,40]   [50,40,10] (10)   5735.17
[100,40]   [50,40,10] (15)   5769.51
[100,40]   [50,40,10] (20)   5310.61
[100,40]   [50,40,10] (25)   1484.5
[100,40]   [50,40,10] (30)   179.789
[100,40]   [50,40,15] (0)   5823.83
[100,40]   [50,40,15] (5)   5752.88
[100,40]   [50,40,15] (10)   5737.19
[100,40]   [50,40,15] (15)   5679.52
[100,40]   [50,40,15] (20)   5052.91
[100,40]   [50,40,15] (25)   257.432
[100,40]   [50,40,15] (30)   176.584
[100,40]   [50,40,20] (0)   5765.94
[100,40]   [50,40,20] (5)   5727.25
[100,40]   [50,40,20] (10)   5774.59
[100,40]   [50,40,20] (15)   5711.97
[100,40]   [50,40,20] (20)   5091.78
[100,40]   [50,40,20] (25)   233.088
[100,40]   [50,40,20] (30)   185.065
[100,40]   [50,50,5] (0)   778.447
[100,40]   [50,50,5] (5)   654.239
[100,40]   [50,50,5] (10)   688.915
[100,40]   [50,50,5] (15)   821.051
[100,40]   [50,50,5] (20)   782.305
[100,40]   [50,50,5] (25)   813.787
[100,40]   [50,50,5] (30)   219.424
[100,40]   [50,50,10] (0)   763.746
[100,40]   [50,50,10] (5)   704.22
[100,40]   [50,50,10] (10)   836.793
[100,40]   [50,50,10] (15)   747.65
[100,40]   [50,50,10] (20)   871.798
[100,40]   [50,50,10] (25)   630.662
[100,40]   [50,50,10] (30)   219.348
[100,40]   [50,50,15] (0)   753.029
[100,40]   [50,50,15] (5)   762.245
[100,40]   [50,50,15] (10)   724.686
[100,40]   [50,50,15] (15)   855.884
[100,40]   [50,50,15] (20)   911.165
[100,40]   [50,50,15] (25)   688.415
[100,40]   [50,50,15] (30)   213.587
[100,40]   [50,50,20] (0)   790.321
[100,40]   [50,50,20] (5)   738.018
[100,40]   [50,50,20] (10)   746.174
[100,40]   [50,50,20] (15)   845.854
[100,40]   [50,50,20] (20)   810.318
[100,40]   [50,50,20] (25)   532.053
[100,40]   [50,50,20] (30)   212.542
[100,40]   [50,60,5] (0)   1725.08
[100,40]   [50,60,5] (5)   1743.12
[100,40]   [50,60,5] (10)   1737.34
[100,40]   [50,60,5] (15)   1839.25
[100,40]   [50,60,5] (20)   1853.79
[100,40]   [50,60,5] (25)   1806.87
[100,40]   [50,60,5] (30)   1882.38
[100,40]   [50,60,10] (0)   1793.19
[100,40]   [50,60,10] (5)   1900.35
[100,40]   [50,60,10] (10)   1724.98
[100,40]   [50,60,10] (15)   1848.89
[100,40]   [50,60,10] (20)   1795.22
[100,40]   [50,60,10] (25)   1785.24
[100,40]   [50,60,10] (30)   1683.9
[100,40]   [50,60,15] (0)   1771.93
[100,40]   [50,60,15] (5)   1958.87
[100,40]   [50,60,15] (10)   1818.19
[100,40]   [50,60,15] (15)   1818.85
[100,40]   [50,60,15] (20)   1747.94
[100,40]   [50,60,15] (25)   1852.95
[100,40]   [50,60,15] (30)   1753.27
[100,40]   [50,60,20] (0)   1733.65
[100,40]   [50,60,20] (5)   1747.02
[100,40]   [50,60,20] (10)   1763.34
[100,40]   [50,60,20] (15)   1885.28
[100,40]   [50,60,20] (20)   1914.31
[100,40]   [50,60,20] (25)   1911.75
[100,40]   [50,60,20] (30)   1813.28
[100,40]   [60,10,5] (0)   34354.4
[100,40]   [60,10,5] (5)   22671.3
[100,40]   [60,10,5] (10)   6195.52
[100,40]   [60,10,5] (15)   126.274
[100,40]   [60,10,5] (20)   97.5648
[100,40]   [60,10,5] (25)   98.3477
[100,40]   [60,10,5] (30)   99.6733
[100,40]   [60,10,10] (0)   34357.6
[100,40]   [60,10,10] (5)   23757.4
[100,40]   [60,10,10] (10)   12407.1
[100,40]   [60,10,10] (15)   5369.5
[100,40]   [60,10,10] (20)   537.465
[100,40]   [60,10,10] (25)   123.81
[100,40]   [60,10,10] (30)   120.086
[100,40]   [60,10,15] (0)   34555.2
[100,40]   [60,10,15] (5)   19529.6
[100,40]   [60,10,15] (10)   10513
[100,40]   [60,10,15] (15)   3725.86
[100,40]   [60,10,15] (20)   149.153
[100,40]   [60,10,15] (25)   132.05
[100,40]   [60,10,15] (30)   130.158
[100,40]   [60,10,20] (0)   34573.6
[100,40]   [60,10,20] (5)   19573
[100,40]   [60,10,20] (10)   8525.54
[100,40]   [60,10,20] (15)   6679.38
[100,40]   [60,10,20] (20)   170.464
[100,40]   [60,10,20] (25)   145.998
[100,40]   [60,10,20] (30)   146.416
[100,40]   [60,20,5] (0)   26522.8
[100,40]   [60,20,5] (5)   26553.4
[100,40]   [60,20,5] (10)   21159.9
[100,40]   [60,20,5] (15)   7551.46
[100,40]   [60,20,5] (20)   166.729
[100,40]   [60,20,5] (25)   115.335
[100,40]   [60,20,5] (30)   110.283
[100,40]   [60,20,10] (0)   26646.8
[100,40]   [60,20,10] (5)   26530.4
[100,40]   [60,20,10] (10)   22232.3
[100,40]   [60,20,10] (15)   10896.8
[100,40]   [60,20,10] (20)   4396.94
[100,40]   [60,20,10] (25)   175.037
[100,40]   [60,20,10] (30)   136.582
[100,40]   [60,20,15] (0)   26545
[100,40]   [60,20,15] (5)   26719.5
[100,40]   [60,20,15] (10)   20231.7
[100,40]   [60,20,15] (15)   7813.79
[100,40]   [60,20,15] (20)   3073.26
[100,40]   [60,20,15] (25)   150.058
[100,40]   [60,20,15] (30)   142.423
[100,40]   [60,20,20] (0)   26594.2
[100,40]   [60,20,20] (5)   26591.8
[100,40]   [60,20,20] (10)   23696.3
[100,40]   [60,20,20] (15)   6945.34
[100,40]   [60,20,20] (20)   3907.33
[100,40]   [60,20,20] (25)   203.176
[100,40]   [60,20,20] (30)   159.191
[100,40]   [60,30,5] (0)   17116.2
[100,40]   [60,30,5] (5)   17169.3
[100,40]   [60,30,5] (10)   17125.5
[100,40]   [60,30,5] (15)   15251.3
[100,40]   [60,30,5] (20)   5728.99
[100,40]   [60,30,5] (25)   161.12
[100,40]   [60,30,5] (30)   130.031
[100,40]   [60,30,10] (0)   17123.1
[100,40]   [60,30,10] (5)   17208.1
[100,40]   [60,30,10] (10)   17160.2
[100,40]   [60,30,10] (15)   15876.2
[100,40]   [60,30,10] (20)   8046.63
[100,40]   [60,30,10] (25)   1530.42
[100,40]   [60,30,10] (30)   161.917
[100,40]   [60,30,15] (0)   17191.9
[100,40]   [60,30,15] (5)   17142.4
[100,40]   [60,30,15] (10)   17123.5
[100,40]   [60,30,15] (15)   14560.5
[100,40]   [60,30,15] (20)   4967.8
[100,40]   [60,30,15] (25)   257.255
[100,40]   [60,30,15] (30)   159.532
[100,40]   [60,30,20] (0)   17112.6
[100,40]   [60,30,20] (5)   17208.6
[100,40]   [60,30,20] (10)   17176.3
[100,40]   [60,30,20] (15)   15242.3
[100,40]   [60,30,20] (20)   3511.94
[100,40]   [60,30,20] (25)   200.247
[100,40]   [60,30,20] (30)   174.075
[100,40]   [60,40,5] (0)   11930.3
[100,40]   [60,40,5] (5)   11966.7
[100,40]   [60,40,5] (10)   11947.8
[100,40]   [60,40,5] (15)   11966
[100,40]   [60,40,5] (20)   10646.4
[100,40]   [60,40,5] (25)   5218.62
[100,40]   [60,40,5] (30)   186.187
[100,40]   [60,40,10] (0)   11867.4
[100,40]   [60,40,10] (5)   11899.6
[100,40]   [60,40,10] (10)   11930.8
[100,40]   [60,40,10] (15)   11855.1
[100,40]   [60,40,10] (20)   10987.9
[100,40]   [60,40,10] (25)   6287.7
[100,40]   [60,40,10] (30)   315.099
[100,40]   [60,40,15] (0)   11938.3
[100,40]   [60,40,15] (5)   11927.7
[100,40]   [60,40,15] (10)   11954.6
[100,40]   [60,40,15] (15)   11920.2
[100,40]   [60,40,15] (20)   10294
[100,40]   [60,40,15] (25)   3967.39
[100,40]   [60,40,15] (30)   197.765
[100,40]   [60,40,20] (0)   11890.5
[100,40]   [60,40,20] (5)   11980.4
[100,40]   [60,40,20] (10)   11843.1
[100,40]   [60,40,20] (15)   11859.9
[100,40]   [60,40,20] (20)   11452.5
[100,40]   [60,40,20] (25)   4637.2
[100,40]   [60,40,20] (30)   204.493
[100,40]   [60,50,5] (0)   5945.23
[100,40]   [60,50,5] (5)   5952.3
[100,40]   [60,50,5] (10)   5824.74
[100,40]   [60,50,5] (15)   5850.39
[100,40]   [60,50,5] (20)   5808.87
[100,40]   [60,50,5] (25)   5629.13
[100,40]   [60,50,5] (30)   2552.84
[100,40]   [60,50,10] (0)   5826
[100,40]   [60,50,10] (5)   5887.47
[100,40]   [60,50,10] (10)   5889.23
[100,40]   [60,50,10] (15)   5820.97
[100,40]   [60,50,10] (20)   5925.22
[100,40]   [60,50,10] (25)   5569.29
[100,40]   [60,50,10] (30)   2993.22
[100,40]   [60,50,15] (0)   5811.63
[100,40]   [60,50,15] (5)   5907.3
[100,40]   [60,50,15] (10)   5723.03
[100,40]   [60,50,15] (15)   5852.09
[100,40]   [60,50,15] (20)   5881.84
[100,40]   [60,50,15] (25)   5548.28
[100,40]   [60,50,15] (30)   1446.31
[100,40]   [60,50,20] (0)   5803.73
[100,40]   [60,50,20] (5)   5899.8
[100,40]   [60,50,20] (10)   5805.56
[100,40]   [60,50,20] (15)   5791.76
[100,40]   [60,50,20] (20)   5896.17
[100,40]   [60,50,20] (25)   5436.54
[100,40]   [60,50,20] (30)   1215.66
[100,40]   [60,60,5] (0)   629.168
[100,40]   [60,60,5] (5)   619.709
[100,40]   [60,60,5] (10)   656.505
[100,40]   [60,60,5] (15)   625.92
[100,40]   [60,60,5] (20)   722.078
[100,40]   [60,60,5] (25)   627.635
[100,40]   [60,60,5] (30)   687.604
[100,40]   [60,60,10] (0)   600.888
[100,40]   [60,60,10] (5)   614.515
[100,40]   [60,60,10] (10)   608.778
[100,40]   [60,60,10] (15)   552.076
[100,40]   [60,60,10] (20)   617.331
[100,40]   [60,60,10] (25)   552.575
[100,40]   [60,60,10] (30)   632.301
[100,40]   [60,60,15] (0)   687.691
[100,40]   [60,60,15] (5)   631.478
[100,40]   [60,60,15] (10)   698.133
[100,40]   [60,60,15] (15)   627.085
[100,40]   [60,60,15] (20)   626.006
[100,40]   [60,60,15] (25)   602.476
[100,40]   [60,60,15] (30)   665.072
[100,40]   [60,60,20] (0)   598.07
[100,40]   [60,60,20] (5)   560.482
[100,40]   [60,60,20] (10)   562.801
[100,40]   [60,60,20] (15)   659.098
[100,40]   [60,60,20] (20)   653.77
[100,40]   [60,60,20] (25)   614.841
[100,40]   [60,60,20] (30)   584.441
