[20,50]   [10,10,5] (0)   8830.21
[20,50]   [10,10,5] (5)   5845.09
[20,50]   [10,10,5] (10)   4714.23
[20,50]   [10,10,5] (15)   4622.42
[20,50]   [10,10,5] (20)   4612.07
[20,50]   [10,10,5] (25)   4694.66
[20,50]   [10,10,5] (30)   4707.78
[20,50]   [10,10,10] (0)   8759.31
[20,50]   [10,10,10] (5)   8770.11
[20,50]   [10,10,10] (10)   8768.68
[20,50]   [10,10,10] (15)   8796.04
[20,50]   [10,10,10] (20)   8817.41
[20,50]   [10,10,10] (25)   8817.31
[20,50]   [10,10,10] (30)   8789.79
[20,50]   [10,10,15] (0)   8799.31
[20,50]   [10,10,15] (5)   7329.57
[20,50]   [10,10,15] (10)   7336.36
[20,50]   [10,10,15] (15)   7256.62
[20,50]   [10,10,15] (20)   7344.51
[20,50]   [10,10,15] (25)   7351.73
[20,50]   [10,10,15] (30)   7294.03
[20,50]   [10,10,20] (0)   8795.38
[20,50]   [10,10,20] (5)   9135.37
[20,50]   [10,10,20] (10)   9355.62
[20,50]   [10,10,20] (15)   9338.92
[20,50]   [10,10,20] (20)   9256.11
[20,50]   [10,10,20] (25)   9366.39
[20,50]   [10,10,20] (30)   9353.17
[20,50]   [10,20,5] (0)   19148.3
[20,50]   [10,20,5] (5)   19107.8
[20,50]   [10,20,5] (10)   19219.5
[20,50]   [10,20,5] (15)   19158.3
[20,50]   [10,20,5] (20)   19190.7
[20,50]   [10,20,5] (25)   16478.5
[20,50]   [10,20,5] (30)   16542.3
[20,50]   [10,20,10] (0)   19051.1
[20,50]   [10,20,10] (5)   19153.1
[20,50]   [10,20,10] (10)   19224.1
[20,50]   [10,20,10] (15)   19240.7
[20,50]   [10,20,10] (20)   19089.9
[20,50]   [10,20,10] (25)   19163.9
[20,50]   [10,20,10] (30)   19264.8
[20,50]   [10,20,15] (0)   19305.4
[20,50]   [10,20,15] (5)   19038.3
[20,50]   [10,20,15] (10)   19117.1
[20,50]   [10,20,15] (15)   19128.5
[20,50]   [10,20,15] (20)   18544.6
[20,50]   [10,20,15] (25)   17715.5
[20,50]   [10,20,15] (30)   13123
[20,50]   [10,20,20] (0)   19202.7
[20,50]   [10,20,20] (5)   19237.6
[20,50]   [10,20,20] (10)   19058.1
[20,50]   [10,20,20] (15)   19297.2
[20,50]   [10,20,20] (20)   19217.4
[20,50]   [10,20,20] (25)   19230.7
[20,50]   [10,20,20] (30)   19297.1
[20,50]   [10,30,5] (0)   29788.9
[20,50]   [10,30,5] (5)   29751.8
[20,50]   [10,30,5] (10)   29941.7
[20,50]   [10,30,5] (15)   29914.4
[20,50]   [10,30,5] (20)   29733.6
[20,50]   [10,30,5] (25)   29771.9
[20,50]   [10,30,5] (30)   28360.3
[20,50]   [10,30,10] (0)   29852.5
[20,50]   [10,30,10] (5)   29888.4
[20,50]   [10,30,10] (10)   29880.6
[20,50]   [10,30,10] (15)   29916.5
[20,50]   [10,30,10] (20)   29944
[20,50]   [10,30,10] (25)   29847.4
[20,50]   [10,30,10] (30)   29793.6
[20,50]   [10,30,15] (0)   29830.9
[20,50]   [10,30,15] (5)   29720.3
[20,50]   [10,30,15] (10)   29878.8
[20,50]   [10,30,15] (15)   29924.3
[20,50]   [10,30,15] (20)   29876.2
[20,50]   [10,30,15] (25)   29873.3
[20,50]   [10,30,15] (30)   26909.6
[20,50]   [10,30,20] (0)   30011.8
[20,50]   [10,30,20] (5)   29849.1
[20,50]   [10,30,20] (10)   29930.9
[20,50]   [10,30,20] (15)   29441.8
[20,50]   [10,30,20] (20)   29928
[20,50]   [10,30,20] (25)   29965.4
[20,50]   [10,30,20] (30)   29952.2
[20,50]   [10,40,5] (0)   38673.7
[20,50]   [10,40,5] (5)   38768.1
[20,50]   [10,40,5] (10)   38752
[20,50]   [10,40,5] (15)   38857.9
[20,50]   [10,40,5] (20)   38788.1
[20,50]   [10,40,5] (25)   38781.1
[20,50]   [10,40,5] (30)   38784.9
[20,50]   [10,40,10] (0)   38811.6
[20,50]   [10,40,10] (5)   38848.2
[20,50]   [10,40,10] (10)   38780.9
[20,50]   [10,40,10] (15)   38702.9
[20,50]   [10,40,10] (20)   38821
[20,50]   [10,40,10] (25)   38796.6
[20,50]   [10,40,10] (30)   38750
[20,50]   [10,40,15] (0)   38685.1
[20,50]   [10,40,15] (5)   38801.4
[20,50]   [10,40,15] (10)   38707.5
[20,50]   [10,40,15] (15)   38817.1
[20,50]   [10,40,15] (20)   38777.7
[20,50]   [10,40,15] (25)   38744.8
[20,50]   [10,40,15] (30)   38767.9
[20,50]   [10,40,20] (0)   38726.9
[20,50]   [10,40,20] (5)   38837.1
[20,50]   [10,40,20] (10)   38771.7
[20,50]   [10,40,20] (15)   38810.4
[20,50]   [10,40,20] (20)   38897.1
[20,50]   [10,40,20] (25)   38767.5
[20,50]   [10,40,20] (30)   38729.6
[20,50]   [10,50,5] (0)   46057.7
[20,50]   [10,50,5] (5)   45994.2
[20,50]   [10,50,5] (10)   45981.4
[20,50]   [10,50,5] (15)   46068.6
[20,50]   [10,50,5] (20)   46032.5
[20,50]   [10,50,5] (25)   45978.8
[20,50]   [10,50,5] (30)   46049.6
[20,50]   [10,50,10] (0)   46066
[20,50]   [10,50,10] (5)   46039.6
[20,50]   [10,50,10] (10)   46066.8
[20,50]   [10,50,10] (15)   46084.4
[20,50]   [10,50,10] (20)   46000.6
[20,50]   [10,50,10] (25)   46033.5
[20,50]   [10,50,10] (30)   46006.8
[20,50]   [10,50,15] (0)   46033.9
[20,50]   [10,50,15] (5)   46024.4
[20,50]   [10,50,15] (10)   45974.3
[20,50]   [10,50,15] (15)   45997.7
[20,50]   [10,50,15] (20)   45823.1
[20,50]   [10,50,15] (25)   46076.3
[20,50]   [10,50,15] (30)   46035.3
[20,50]   [10,50,20] (0)   46014.2
[20,50]   [10,50,20] (5)   46043.1
[20,50]   [10,50,20] (10)   46092.1
[20,50]   [10,50,20] (15)   46044.3
[20,50]   [10,50,20] (20)   46144.4
[20,50]   [10,50,20] (25)   46026.5
[20,50]   [10,50,20] (30)   46077.8
[20,50]   [10,60,5] (0)   60289.9
[20,50]   [10,60,5] (5)   60174.5
[20,50]   [10,60,5] (10)   60311.1
[20,50]   [10,60,5] (15)   60212.5
[20,50]   [10,60,5] (20)   60269.2
[20,50]   [10,60,5] (25)   60215.9
[20,50]   [10,60,5] (30)   60286.1
[20,50]   [10,60,10] (0)   60286.5
[20,50]   [10,60,10] (5)   60248
[20,50]   [10,60,10] (10)   60308.2
[20,50]   [10,60,10] (15)   60273.1
[20,50]   [10,60,10] (20)   60267
[20,50]   [10,60,10] (25)   60251.3
[20,50]   [10,60,10] (30)   60265.4
[20,50]   [10,60,15] (0)   60230.7
[20,50]   [10,60,15] (5)   60257.2
[20,50]   [10,60,15] (10)   60297.5
[20,50]   [10,60,15] (15)   60264.1
[20,50]   [10,60,15] (20)   60268.7
[20,50]   [10,60,15] (25)   60259.2
[20,50]   [10,60,15] (30)   60323.7
[20,50]   [10,60,20] (0)   60192.7
[20,50]   [10,60,20] (5)   60218.3
[20,50]   [10,60,20] (10)   60218.2
[20,50]   [10,60,20] (15)   60160.3
[20,50]   [10,60,20] (20)   60248.3
[20,50]   [10,60,20] (25)   60333.8
[20,50]   [10,60,20] (30)   60298.4
[20,50]   [20,10,5] (0)   11557.5
[20,50]   [20,10,5] (5)   7582.28
[20,50]   [20,10,5] (10)   4827.17
[20,50]   [20,10,5] (15)   3892.72
[20,50]   [20,10,5] (20)   3799.36
[20,50]   [20,10,5] (25)   3830.75
[20,50]   [20,10,5] (30)   3806.83
[20,50]   [20,10,10] (0)   11555.6
[20,50]   [20,10,10] (5)   11132.4
[20,50]   [20,10,10] (10)   10528.2
[20,50]   [20,10,10] (15)   10359.5
[20,50]   [20,10,10] (20)   10273.1
[20,50]   [20,10,10] (25)   10364.4
[20,50]   [20,10,10] (30)   10380
[20,50]   [20,10,15] (0)   11344.4
[20,50]   [20,10,15] (5)   9227.98
[20,50]   [20,10,15] (10)   8937.69
[20,50]   [20,10,15] (15)   8815.85
[20,50]   [20,10,15] (20)   8751.49
[20,50]   [20,10,15] (25)   8769.69
[20,50]   [20,10,15] (30)   8844.7
[20,50]   [20,10,20] (0)   11549.7
[20,50]   [20,10,20] (5)   11887.3
[20,50]   [20,10,20] (10)   12013.6
[20,50]   [20,10,20] (15)   12003.3
[20,50]   [20,10,20] (20)   12028.6
[20,50]   [20,10,20] (25)   12052.9
[20,50]   [20,10,20] (30)   11957.9
[20,50]   [20,20,5] (0)   13569.4
[20,50]   [20,20,5] (5)   13737.8
[20,50]   [20,20,5] (10)   10902.6
[20,50]   [20,20,5] (15)   8072.07
[20,50]   [20,20,5] (20)   7810.8
[20,50]   [20,20,5] (25)   7696.73
[20,50]   [20,20,5] (30)   7749.94
[20,50]   [20,20,10] (0)   13782.1
[20,50]   [20,20,10] (5)   13680.2
[20,50]   [20,20,10] (10)   13325.9
[20,50]   [20,20,10] (15)   12503
[20,50]   [20,20,10] (20)   12432
[20,50]   [20,20,10] (25)   12554.1
[20,50]   [20,20,10] (30)   12469.4
[20,50]   [20,20,15] (0)   13629.2
[20,50]   [20,20,15] (5)   13540.2
[20,50]   [20,20,15] (10)   11537.8
[20,50]   [20,20,15] (15)   11097
[20,50]   [20,20,15] (20)   11034.3
[20,50]   [20,20,15] (25)   11002.1
[20,50]   [20,20,15] (30)   10927.7
[20,50]   [20,20,20] (0)   13624.5
[20,50]   [20,20,20] (5)   13905.3
[20,50]   [20,20,20] (10)   13838.1
[20,50]   [20,20,20] (15)   13832.5
[20,50]   [20,20,20] (20)   13626
[20,50]   [20,20,20] (25)   13682.5
[20,50]   [20,20,20] (30)   13695.2
[20,50]   [20,30,5] (0)   20375.1
[20,50]   [20,30,5] (5)   20590.5
[20,50]   [20,30,5] (10)   20377
[20,50]   [20,30,5] (15)   20444.3
[20,50]   [20,30,5] (20)   20396.5
[20,50]   [20,30,5] (25)   20514.3
[20,50]   [20,30,5] (30)   18640.1
[20,50]   [20,30,10] (0)   20585.7
[20,50]   [20,30,10] (5)   20463.4
[20,50]   [20,30,10] (10)   20423.8
[20,50]   [20,30,10] (15)   20506.8
[20,50]   [20,30,10] (20)   20658.4
[20,50]   [20,30,10] (25)   20260.9
[20,50]   [20,30,10] (30)   20149.5
[20,50]   [20,30,15] (0)   20595.1
[20,50]   [20,30,15] (5)   20313.6
[20,50]   [20,30,15] (10)   20416.7
[20,50]   [20,30,15] (15)   20561.7
[20,50]   [20,30,15] (20)   20529.2
[20,50]   [20,30,15] (25)   20468.1
[20,50]   [20,30,15] (30)   17412.6
[20,50]   [20,30,20] (0)   20343.5
[20,50]   [20,30,20] (5)   20285.1
[20,50]   [20,30,20] (10)   20398.8
[20,50]   [20,30,20] (15)   20316.5
[20,50]   [20,30,20] (20)   20361.7
[20,50]   [20,30,20] (25)   20350.7
[20,50]   [20,30,20] (30)   20469.5
[20,50]   [20,40,5] (0)   29350.8
[20,50]   [20,40,5] (5)   29452.1
[20,50]   [20,40,5] (10)   29397.3
[20,50]   [20,40,5] (15)   29392
[20,50]   [20,40,5] (20)   29309.3
[20,50]   [20,40,5] (25)   29416.7
[20,50]   [20,40,5] (30)   29404.9
[20,50]   [20,40,10] (0)   29375.3
[20,50]   [20,40,10] (5)   29368.4
[20,50]   [20,40,10] (10)   29299.6
[20,50]   [20,40,10] (15)   29376
[20,50]   [20,40,10] (20)   29258.3
[20,50]   [20,40,10] (25)   29396.1
[20,50]   [20,40,10] (30)   29432.9
[20,50]   [20,40,15] (0)   29172.2
[20,50]   [20,40,15] (5)   29406
[20,50]   [20,40,15] (10)   29312
[20,50]   [20,40,15] (15)   29407.7
[20,50]   [20,40,15] (20)   29311.3
[20,50]   [20,40,15] (25)   29407.2
[20,50]   [20,40,15] (30)   29354.5
[20,50]   [20,40,20] (0)   29285.1
[20,50]   [20,40,20] (5)   29495.4
[20,50]   [20,40,20] (10)   29369.5
[20,50]   [20,40,20] (15)   29466.1
[20,50]   [20,40,20] (20)   29422.7
[20,50]   [20,40,20] (25)   29360.8
[20,50]   [20,40,20] (30)   29411.2
[20,50]   [20,50,5] (0)   65585.9
[20,50]   [20,50,5] (5)   65582.5
[20,50]   [20,50,5] (10)   65661.7
[20,50]   [20,50,5] (15)   65635.2
[20,50]   [20,50,5] (20)   65519.5
[20,50]   [20,50,5] (25)   65716.9
[20,50]   [20,50,5] (30)   65592.5
[20,50]   [20,50,10] (0)   65732.6
[20,50]   [20,50,10] (5)   65594.1
[20,50]   [20,50,10] (10)   65730.4
[20,50]   [20,50,10] (15)   65769.5
[20,50]   [20,50,10] (20)   65640
[20,50]   [20,50,10] (25)   65763.3
[20,50]   [20,50,10] (30)   65663.2
[20,50]   [20,50,15] (0)   65727.6
[20,50]   [20,50,15] (5)   65659.1
[20,50]   [20,50,15] (10)   65578.8
[20,50]   [20,50,15] (15)   65711.9
[20,50]   [20,50,15] (20)   65644.2
[20,50]   [20,50,15] (25)   65622.1
[20,50]   [20,50,15] (30)   65624.7
[20,50]   [20,50,20] (0)   65806.3
[20,50]   [20,50,20] (5)   65673.2
[20,50]   [20,50,20] (10)   65671.6
[20,50]   [20,50,20] (15)   65724.6
[20,50]   [20,50,20] (20)   65795.1
[20,50]   [20,50,20] (25)   65801.7
[20,50]   [20,50,20] (30)   65650.6
[20,50]   [20,60,5] (0)   42957
[20,50]   [20,60,5] (5)   43095.7
[20,50]   [20,60,5] (10)   43083.7
[20,50]   [20,60,5] (15)   42985.6
[20,50]   [20,60,5] (20)   43017.5
[20,50]   [20,60,5] (25)   43066.6
[20,50]   [20,60,5] (30)   43098.9
[20,50]   [20,60,10] (0)   42998.8
[20,50]   [20,60,10] (5)   42937.7
[20,50]   [20,60,10] (10)   42948.3
[20,50]   [20,60,10] (15)   43064
[20,50]   [20,60,10] (20)   42976.7
[20,50]   [20,60,10] (25)   42956.9
[20,50]   [20,60,10] (30)   42994.6
[20,50]   [20,60,15] (0)   42985.1
[20,50]   [20,60,15] (5)   42932.9
[20,50]   [20,60,15] (10)   42974.8
[20,50]   [20,60,15] (15)   43021.3
[20,50]   [20,60,15] (20)   43079.5
[20,50]   [20,60,15] (25)   43057.6
[20,50]   [20,60,15] (30)   42982.8
[20,50]   [20,60,20] (0)   42998.9
[20,50]   [20,60,20] (5)   43021.6
[20,50]   [20,60,20] (10)   42900.9
[20,50]   [20,60,20] (15)   42873.7
[20,50]   [20,60,20] (20)   42897.6
[20,50]   [20,60,20] (25)   43071
[20,50]   [20,60,20] (30)   43006.5
[20,50]   [30,10,5] (0)   18428.1
[20,50]   [30,10,5] (5)   9525.16
[20,50]   [30,10,5] (10)   6253.68
[20,50]   [30,10,5] (15)   4573.52
[20,50]   [30,10,5] (20)   3890.05
[20,50]   [30,10,5] (25)   3625.33
[20,50]   [30,10,5] (30)   3639.06
[20,50]   [30,10,10] (0)   18276.2
[20,50]   [30,10,10] (5)   12966.7
[20,50]   [30,10,10] (10)   11964.2
[20,50]   [30,10,10] (15)   11351.8
[20,50]   [30,10,10] (20)   11094
[20,50]   [30,10,10] (25)   10983.7
[20,50]   [30,10,10] (30)   10966.4
[20,50]   [30,10,15] (0)   18234.2
[20,50]   [30,10,15] (5)   11269.2
[20,50]   [30,10,15] (10)   10401.8
[20,50]   [30,10,15] (15)   9927.26
[20,50]   [30,10,15] (20)   9867.26
[20,50]   [30,10,15] (25)   9901.82
[20,50]   [30,10,15] (30)   9974.51
[20,50]   [30,10,20] (0)   18365.5
[20,50]   [30,10,20] (5)   13782.9
[20,50]   [30,10,20] (10)   13661.9
[20,50]   [30,10,20] (15)   13657
[20,50]   [30,10,20] (20)   13691.4
[20,50]   [30,10,20] (25)   13692.1
[20,50]   [30,10,20] (30)   13579.5
[20,50]   [30,20,5] (0)   15314.6
[20,50]   [30,20,5] (5)   15413.5
[20,50]   [30,20,5] (10)   12485.3
[20,50]   [30,20,5] (15)   8154.61
[20,50]   [30,20,5] (20)   6075.49
[20,50]   [30,20,5] (25)   5705.58
[20,50]   [30,20,5] (30)   5699.37
[20,50]   [30,20,10] (0)   15124
[20,50]   [30,20,10] (5)   15352.9
[20,50]   [30,20,10] (10)   15067.3
[20,50]   [30,20,10] (15)   13619.9
[20,50]   [30,20,10] (20)   12683.4
[20,50]   [30,20,10] (25)   12574.9
[20,50]   [30,20,10] (30)   12547.8
[20,50]   [30,20,15] (0)   15306.9
[20,50]   [30,20,15] (5)   15347.9
[20,50]   [30,20,15] (10)   12734.9
[20,50]   [30,20,15] (15)   11972.6
[20,50]   [30,20,15] (20)   11603.5
[20,50]   [30,20,15] (25)   11271.2
[20,50]   [30,20,15] (30)   11316.5
[20,50]   [30,20,20] (0)   15280.7
[20,50]   [30,20,20] (5)   15326.1
[20,50]   [30,20,20] (10)   14922.7
[20,50]   [30,20,20] (15)   14249.7
[20,50]   [30,20,20] (20)   13499
[20,50]   [30,20,20] (25)   13569.7
[20,50]   [30,20,20] (30)   13516.2
[20,50]   [30,30,5] (0)   16908.7
[20,50]   [30,30,5] (5)   16768.7
[20,50]   [30,30,5] (10)   16747.3
[20,50]   [30,30,5] (15)   14779.9
[20,50]   [30,30,5] (20)   10843.3
[20,50]   [30,30,5] (25)   9188
[20,50]   [30,30,5] (30)   9126.86
[20,50]   [30,30,10] (0)   16586.2
[20,50]   [30,30,10] (5)   16867.8
[20,50]   [30,30,10] (10)   16544.9
[20,50]   [30,30,10] (15)   16524.3
[20,50]   [30,30,10] (20)   15576.2
[20,50]   [30,30,10] (25)   15132.2
[20,50]   [30,30,10] (30)   15229.6
[20,50]   [30,30,15] (0)   16776.6
[20,50]   [30,30,15] (5)   16676.3
[20,50]   [30,30,15] (10)   16590.1
[20,50]   [30,30,15] (15)   15047.7
[20,50]   [30,30,15] (20)   13842.1
[20,50]   [30,30,15] (25)   13901.7
[20,50]   [30,30,15] (30)   13928
[20,50]   [30,30,20] (0)   16722.8
[20,50]   [30,30,20] (5)   16892.5
[20,50]   [30,30,20] (10)   16839.2
[20,50]   [30,30,20] (15)   17055.1
[20,50]   [30,30,20] (20)   16487.1
[20,50]   [30,30,20] (25)   16334.7
[20,50]   [30,30,20] (30)   16395.9
[20,50]   [30,40,5] (0)   25226.1
[20,50]   [30,40,5] (5)   25134.1
[20,50]   [30,40,5] (10)   25252.3
[20,50]   [30,40,5] (15)   25187
[20,50]   [30,40,5] (20)   24971
[20,50]   [30,40,5] (25)   24967.8
[20,50]   [30,40,5] (30)   24924
[20,50]   [30,40,10] (0)   25190.5
[20,50]   [30,40,10] (5)   25379.3
[20,50]   [30,40,10] (10)   25582
[20,50]   [30,40,10] (15)   25093.7
[20,50]   [30,40,10] (20)   25321.8
[20,50]   [30,40,10] (25)   25137.6
[20,50]   [30,40,10] (30)   25149.3
[20,50]   [30,40,15] (0)   25313
[20,50]   [30,40,15] (5)   24982.2
[20,50]   [30,40,15] (10)   25146.4
[20,50]   [30,40,15] (15)   25433.8
[20,50]   [30,40,15] (20)   24894.8
[20,50]   [30,40,15] (25)   25327.6
[20,50]   [30,40,15] (30)   25367.3
[20,50]   [30,40,20] (0)   25129.2
[20,50]   [30,40,20] (5)   25302.3
[20,50]   [30,40,20] (10)   25245.9
[20,50]   [30,40,20] (15)   24948.6
[20,50]   [30,40,20] (20)   24965.5
[20,50]   [30,40,20] (25)   24870.7
[20,50]   [30,40,20] (30)   24944.5
[20,50]   [30,50,5] (0)   28398.1
[20,50]   [30,50,5] (5)   28779.3
[20,50]   [30,50,5] (10)   28447.3
[20,50]   [30,50,5] (15)   28570.1
[20,50]   [30,50,5] (20)   28642.5
[20,50]   [30,50,5] (25)   28632.7
[20,50]   [30,50,5] (30)   28539.2
[20,50]   [30,50,10] (0)   28496.8
[20,50]   [30,50,10] (5)   28513.9
[20,50]   [30,50,10] (10)   28414.5
[20,50]   [30,50,10] (15)   28414.3
[20,50]   [30,50,10] (20)   28545.2
[20,50]   [30,50,10] (25)   28370.9
[20,50]   [30,50,10] (30)   28311.1
[20,50]   [30,50,15] (0)   28658.6
[20,50]   [30,50,15] (5)   28582.9
[20,50]   [30,50,15] (10)   28575.3
[20,50]   [30,50,15] (15)   28608.2
[20,50]   [30,50,15] (20)   28381.3
[20,50]   [30,50,15] (25)   28361.6
[20,50]   [30,50,15] (30)   28441.3
[20,50]   [30,50,20] (0)   28496.9
[20,50]   [30,50,20] (5)   28596.8
[20,50]   [30,50,20] (10)   28428.9
[20,50]   [30,50,20] (15)   28581.5
[20,50]   [30,50,20] (20)   28393.4
[20,50]   [30,50,20] (25)   28577.5
[20,50]   [30,50,20] (30)   28403.1
[20,50]   [30,60,5] (0)   35028.3
[20,50]   [30,60,5] (5)   34798.2
[20,50]   [30,60,5] (10)   34890.6
[20,50]   [30,60,5] (15)   35066.4
[20,50]   [30,60,5] (20)   34960.8
[20,50]   [30,60,5] (25)   35101.4
[20,50]   [30,60,5] (30)   35011.5
[20,50]   [30,60,10] (0)   34824.7
[20,50]   [30,60,10] (5)   34983.6
[20,50]   [30,60,10] (10)   34908.1
[20,50]   [30,60,10] (15)   34929.5
[20,50]   [30,60,10] (20)   34915.9
[20,50]   [30,60,10] (25)   34974.2
[20,50]   [30,60,10] (30)   35003.8
[20,50]   [30,60,15] (0)   34989.4
[20,50]   [30,60,15] (5)   34905.6
[20,50]   [30,60,15] (10)   35042.8
[20,50]   [30,60,15] (15)   34954.5
[20,50]   [30,60,15] (20)   34961.3
[20,50]   [30,60,15] (25)   34917.5
[20,50]   [30,60,15] (30)   34964
[20,50]   [30,60,20] (0)   34885.5
[20,50]   [30,60,20] (5)   34928.1
[20,50]   [30,60,20] (10)   34935.5
[20,50]   [30,60,20] (15)   34932.2
[20,50]   [30,60,20] (20)   34911
[20,50]   [30,60,20] (25)   34989.7
[20,50]   [30,60,20] (30)   34783.5
[20,50]   [40,10,5] (0)   24709.9
[20,50]   [40,10,5] (5)   14894.2
[20,50]   [40,10,5] (10)   7307.76
[20,50]   [40,10,5] (15)   5626.14
[20,50]   [40,10,5] (20)   4565.57
[20,50]   [40,10,5] (25)   3970.94
[20,50]   [40,10,5] (30)   3648.88
[20,50]   [40,10,10] (0)   24578.3
[20,50]   [40,10,10] (5)   15946.7
[20,50]   [40,10,10] (10)   13278.4
[20,50]   [40,10,10] (15)   12408
[20,50]   [40,10,10] (20)   11858.6
[20,50]   [40,10,10] (25)   11496.6
[20,50]   [40,10,10] (30)   11400.8
[20,50]   [40,10,15] (0)   24945.5
[20,50]   [40,10,15] (5)   12755
[20,50]   [40,10,15] (10)   11914.5
[20,50]   [40,10,15] (15)   10981.6
[20,50]   [40,10,15] (20)   11027.2
[20,50]   [40,10,15] (25)   10652.5
[20,50]   [40,10,15] (30)   10594.5
[20,50]   [40,10,20] (0)   24817.9
[20,50]   [40,10,20] (5)   14968.2
[20,50]   [40,10,20] (10)   15378.7
[20,50]   [40,10,20] (15)   15198.2
[20,50]   [40,10,20] (20)   14847.6
[20,50]   [40,10,20] (25)   14763.3
[20,50]   [40,10,20] (30)   14746.6
[20,50]   [40,20,5] (0)   16831.5
[20,50]   [40,20,5] (5)   16890.5
[20,50]   [40,20,5] (10)   13873.1
[20,50]   [40,20,5] (15)   9325.85
[20,50]   [40,20,5] (20)   6996.69
[20,50]   [40,20,5] (25)   5674.14
[20,50]   [40,20,5] (30)   5050.16
[20,50]   [40,20,10] (0)   16810.9
[20,50]   [40,20,10] (5)   16864.2
[20,50]   [40,20,10] (10)   16120.9
[20,50]   [40,20,10] (15)   14017.5
[20,50]   [40,20,10] (20)   13590.2
[20,50]   [40,20,10] (25)   13222.6
[20,50]   [40,20,10] (30)   12882.7
[20,50]   [40,20,15] (0)   16709.3
[20,50]   [40,20,15] (5)   16734.5
[20,50]   [40,20,15] (10)   14527.9
[20,50]   [40,20,15] (15)   12956
[20,50]   [40,20,15] (20)   12279.2
[20,50]   [40,20,15] (25)   11849.8
[20,50]   [40,20,15] (30)   11699
[20,50]   [40,20,20] (0)   16776.3
[20,50]   [40,20,20] (5)   16703.7
[20,50]   [40,20,20] (10)   17027.1
[20,50]   [40,20,20] (15)   15863.2
[20,50]   [40,20,20] (20)   15674.2
[20,50]   [40,20,20] (25)   15498.8
[20,50]   [40,20,20] (30)   15480.3
[20,50]   [40,30,5] (0)   20508.3
[20,50]   [40,30,5] (5)   20591
[20,50]   [40,30,5] (10)   19933.4
[20,50]   [40,30,5] (15)   15657.9
[20,50]   [40,30,5] (20)   11664
[20,50]   [40,30,5] (25)   8399.56
[20,50]   [40,30,5] (30)   7149.55
[20,50]   [40,30,10] (0)   20609.6
[20,50]   [40,30,10] (5)   20642.2
[20,50]   [40,30,10] (10)   20252.7
[20,50]   [40,30,10] (15)   17903.8
[20,50]   [40,30,10] (20)   16317.3
[20,50]   [40,30,10] (25)   14958.5
[20,50]   [40,30,10] (30)   14681.4
[20,50]   [40,30,15] (0)   20507
[20,50]   [40,30,15] (5)   20555.4
[20,50]   [40,30,15] (10)   20468.3
[20,50]   [40,30,15] (15)   15849.2
[20,50]   [40,30,15] (20)   14526.9
[20,50]   [40,30,15] (25)   13891.4
[20,50]   [40,30,15] (30)   13590.7
[20,50]   [40,30,20] (0)   20564.1
[20,50]   [40,30,20] (5)   20484.7
[20,50]   [40,30,20] (10)   20532.4
[20,50]   [40,30,20] (15)   17598.7
[20,50]   [40,30,20] (20)   17291.7
[20,50]   [40,30,20] (25)   17109.9
[20,50]   [40,30,20] (30)   17127.9
[20,50]   [40,40,5] (0)   19038.7
[20,50]   [40,40,5] (5)   18925
[20,50]   [40,40,5] (10)   19074
[20,50]   [40,40,5] (15)   18676.7
[20,50]   [40,40,5] (20)   17191.6
[20,50]   [40,40,5] (25)   14276.6
[20,50]   [40,40,5] (30)   11437.7
[20,50]   [40,40,10] (0)   18973
[20,50]   [40,40,10] (5)   18981.8
[20,50]   [40,40,10] (10)   19039.2
[20,50]   [40,40,10] (15)   18945.4
[20,50]   [40,40,10] (20)   18701.5
[20,50]   [40,40,10] (25)   17705.3
[20,50]   [40,40,10] (30)   17015.9
[20,50]   [40,40,15] (0)   18948.3
[20,50]   [40,40,15] (5)   18997.4
[20,50]   [40,40,15] (10)   18940.1
[20,50]   [40,40,15] (15)   18572.5
[20,50]   [40,40,15] (20)   17242.6
[20,50]   [40,40,15] (25)   16462.5
[20,50]   [40,40,15] (30)   15900.1
[20,50]   [40,40,20] (0)   18933.8
[20,50]   [40,40,20] (5)   19043.8
[20,50]   [40,40,20] (10)   19009.4
[20,50]   [40,40,20] (15)   19009.8
[20,50]   [40,40,20] (20)   18785.8
[20,50]   [40,40,20] (25)   18562.1
[20,50]   [40,40,20] (30)   18408.3
[20,50]   [40,50,5] (0)   22638
[20,50]   [40,50,5] (5)   22184.6
[20,50]   [40,50,5] (10)   22604.4
[20,50]   [40,50,5] (15)   22208
[20,50]   [40,50,5] (20)   22188.9
[20,50]   [40,50,5] (25)   22201.2
[20,50]   [40,50,5] (30)   22117.7
[20,50]   [40,50,10] (0)   22128.6
[20,50]   [40,50,10] (5)   22443.1
[20,50]   [40,50,10] (10)   22353.4
[20,50]   [40,50,10] (15)   22210.7
[20,50]   [40,50,10] (20)   22630.5
[20,50]   [40,50,10] (25)   22226.5
[20,50]   [40,50,10] (30)   22588
[20,50]   [40,50,15] (0)   22506.6
[20,50]   [40,50,15] (5)   22374.6
[20,50]   [40,50,15] (10)   22261.6
[20,50]   [40,50,15] (15)   22284.2
[20,50]   [40,50,15] (20)   21970.4
[20,50]   [40,50,15] (25)   22347.2
[20,50]   [40,50,15] (30)   22394.5
[20,50]   [40,50,20] (0)   22110.1
[20,50]   [40,50,20] (5)   22311
[20,50]   [40,50,20] (10)   22540.6
[20,50]   [40,50,20] (15)   22495.2
[20,50]   [40,50,20] (20)   22169.6
[20,50]   [40,50,20] (25)   22149.7
[20,50]   [40,50,20] (30)   22491.8
[20,50]   [40,60,5] (0)   28487.4
[20,50]   [40,60,5] (5)   28381.9
[20,50]   [40,60,5] (10)   28483.6
[20,50]   [40,60,5] (15)   28272.7
[20,50]   [40,60,5] (20)   28423
[20,50]   [40,60,5] (25)   28096.7
[20,50]   [40,60,5] (30)   28257
[20,50]   [40,60,10] (0)   28379.9
[20,50]   [40,60,10] (5)   28417.8
[20,50]   [40,60,10] (10)   28470.5
[20,50]   [40,60,10] (15)   28604.9
[20,50]   [40,60,10] (20)   28482.8
[20,50]   [40,60,10] (25)   28262.2
[20,50]   [40,60,10] (30)   28251.2
[20,50]   [40,60,15] (0)   28347
[20,50]   [40,60,15] (5)   28385.4
[20,50]   [40,60,15] (10)   28383
[20,50]   [40,60,15] (15)   28346.5
[20,50]   [40,60,15] (20)   28380.2
[20,50]   [40,60,15] (25)   28087.9
[20,50]   [40,60,15] (30)   28262.9
[20,50]   [40,60,20] (0)   28366.1
[20,50]   [40,60,20] (5)   28188
[20,50]   [40,60,20] (10)   28319.5
[20,50]   [40,60,20] (15)   28403.1
[20,50]   [40,60,20] (20)   28360.2
[20,50]   [40,60,20] (25)   28311.6
[20,50]   [40,60,20] (30)   28282.1
[20,50]   [50,10,5] (0)   30238.9
[20,50]   [50,10,5] (5)   18857.9
[20,50]   [50,10,5] (10)   8526.49
[20,50]   [50,10,5] (15)   6568.96
[20,50]   [50,10,5] (20)   5366.58
[20,50]   [50,10,5] (25)   4587.57
[20,50]   [50,10,5] (30)   4067.25
[20,50]   [50,10,10] (0)   29978.8
[20,50]   [50,10,10] (5)   21844
[20,50]   [50,10,10] (10)   14508
[20,50]   [50,10,10] (15)   13454.7
[20,50]   [50,10,10] (20)   12787.1
[20,50]   [50,10,10] (25)   12300.4
[20,50]   [50,10,10] (30)   11972.2
[20,50]   [50,10,15] (0)   30134.7
[20,50]   [50,10,15] (5)   15895.7
[20,50]   [50,10,15] (10)   13075.5
[20,50]   [50,10,15] (15)   12389.5
[20,50]   [50,10,15] (20)   12049.8
[20,50]   [50,10,15] (25)   11436.7
[20,50]   [50,10,15] (30)   11239.8
[20,50]   [50,10,20] (0)   29954
[20,50]   [50,10,20] (5)   17302.4
[20,50]   [50,10,20] (10)   15909.6
[20,50]   [50,10,20] (15)   15733.6
[20,50]   [50,10,20] (20)   15252.4
[20,50]   [50,10,20] (25)   15306.5
[20,50]   [50,10,20] (30)   15146
[20,50]   [50,20,5] (0)   23131.3
[20,50]   [50,20,5] (5)   23568
[20,50]   [50,20,5] (10)   17444.9
[20,50]   [50,20,5] (15)   10859.8
[20,50]   [50,20,5] (20)   7799.29
[20,50]   [50,20,5] (25)   6405.66
[20,50]   [50,20,5] (30)   5298.53
[20,50]   [50,20,10] (0)   23455.4
[20,50]   [50,20,10] (5)   23313
[20,50]   [50,20,10] (10)   19327
[20,50]   [50,20,10] (15)   15870.9
[20,50]   [50,20,10] (20)   14602.3
[20,50]   [50,20,10] (25)   14061.8
[20,50]   [50,20,10] (30)   13305.9
[20,50]   [50,20,15] (0)   23563.3
[20,50]   [50,20,15] (5)   23557.6
[20,50]   [50,20,15] (10)   16327.9
[20,50]   [50,20,15] (15)   14160.4
[20,50]   [50,20,15] (20)   13678.4
[20,50]   [50,20,15] (25)   12830
[20,50]   [50,20,15] (30)   12595.8
[20,50]   [50,20,20] (0)   23438.4
[20,50]   [50,20,20] (5)   23534.3
[20,50]   [50,20,20] (10)   18706.7
[20,50]   [50,20,20] (15)   17008.6
[20,50]   [50,20,20] (20)   16909.5
[20,50]   [50,20,20] (25)   16797.4
[20,50]   [50,20,20] (30)   16457.3
[20,50]   [50,30,5] (0)   19117.5
[20,50]   [50,30,5] (5)   19244
[20,50]   [50,30,5] (10)   18911
[20,50]   [50,30,5] (15)   16944.3
[20,50]   [50,30,5] (20)   12648.1
[20,50]   [50,30,5] (25)   9199.86
[20,50]   [50,30,5] (30)   7381.9
[20,50]   [50,30,10] (0)   19171.5
[20,50]   [50,30,10] (5)   19137.5
[20,50]   [50,30,10] (10)   19166.4
[20,50]   [50,30,10] (15)   18891.5
[20,50]   [50,30,10] (20)   17285
[20,50]   [50,30,10] (25)   15921.2
[20,50]   [50,30,10] (30)   15100.7
[20,50]   [50,30,15] (0)   19052.2
[20,50]   [50,30,15] (5)   19196.8
[20,50]   [50,30,15] (10)   19001.8
[20,50]   [50,30,15] (15)   17442.2
[20,50]   [50,30,15] (20)   15667.6
[20,50]   [50,30,15] (25)   14532.7
[20,50]   [50,30,15] (30)   13984.8
[20,50]   [50,30,20] (0)   19190
[20,50]   [50,30,20] (5)   19213.9
[20,50]   [50,30,20] (10)   19157.3
[20,50]   [50,30,20] (15)   19026
[20,50]   [50,30,20] (20)   18111.1
[20,50]   [50,30,20] (25)   17689.8
[20,50]   [50,30,20] (30)   17357.5
[20,50]   [50,40,5] (0)   19818.7
[20,50]   [50,40,5] (5)   19877.4
[20,50]   [50,40,5] (10)   19760.3
[20,50]   [50,40,5] (15)   19683.9
[20,50]   [50,40,5] (20)   18144.9
[20,50]   [50,40,5] (25)   15209
[20,50]   [50,40,5] (30)   10925.5
[20,50]   [50,40,10] (0)   19971.2
[20,50]   [50,40,10] (5)   19897.1
[20,50]   [50,40,10] (10)   19864.4
[20,50]   [50,40,10] (15)   19895.4
[20,50]   [50,40,10] (20)   19636.4
[20,50]   [50,40,10] (25)   18880.9
[20,50]   [50,40,10] (30)   17192
[20,50]   [50,40,15] (0)   19835.5
[20,50]   [50,40,15] (5)   19761.4
[20,50]   [50,40,15] (10)   19803.1
[20,50]   [50,40,15] (15)   19555.7
[20,50]   [50,40,15] (20)   18445.2
[20,50]   [50,40,15] (25)   17043.7
[20,50]   [50,40,15] (30)   16205.2
[20,50]   [50,40,20] (0)   19792.9
[20,50]   [50,40,20] (5)   19752.1
[20,50]   [50,40,20] (10)   19985.5
[20,50]   [50,40,20] (15)   19903.4
[20,50]   [50,40,20] (20)   19702.4
[20,50]   [50,40,20] (25)   19105.1
[20,50]   [50,40,20] (30)   18757
[20,50]   [50,50,5] (0)   20950.8
[20,50]   [50,50,5] (5)   20884.2
[20,50]   [50,50,5] (10)   20894.7
[20,50]   [50,50,5] (15)   20811.5
[20,50]   [50,50,5] (20)   20788.7
[20,50]   [50,50,5] (25)   19797.7
[20,50]   [50,50,5] (30)   17240.7
[20,50]   [50,50,10] (0)   20937.2
[20,50]   [50,50,10] (5)   20932.1
[20,50]   [50,50,10] (10)   20970.1
[20,50]   [50,50,10] (15)   20965.7
[20,50]   [50,50,10] (20)   20921.6
[20,50]   [50,50,10] (25)   20889.5
[20,50]   [50,50,10] (30)   20096.7
[20,50]   [50,50,15] (0)   20907.7
[20,50]   [50,50,15] (5)   20832.1
[20,50]   [50,50,15] (10)   20968
[20,50]   [50,50,15] (15)   20999
[20,50]   [50,50,15] (20)   20006.8
[20,50]   [50,50,15] (25)   19889.8
[20,50]   [50,50,15] (30)   18618.1
[20,50]   [50,50,20] (0)   20845.1
[20,50]   [50,50,20] (5)   20800
[20,50]   [50,50,20] (10)   20841.7
[20,50]   [50,50,20] (15)   20849.9
[20,50]   [50,50,20] (20)   20947.3
[20,50]   [50,50,20] (25)   20553.2
[20,50]   [50,50,20] (30)   20377.7
[20,50]   [50,60,5] (0)   23620.6
[20,50]   [50,60,5] (5)   23856.1
[20,50]   [50,60,5] (10)   23041
[20,50]   [50,60,5] (15)   22559.8
[20,50]   [50,60,5] (20)   22941.8
[20,50]   [50,60,5] (25)   22888.8
[20,50]   [50,60,5] (30)   22773.2
[20,50]   [50,60,10] (0)   22476
[20,50]   [50,60,10] (5)   23668.5
[20,50]   [50,60,10] (10)   22786
[20,50]   [50,60,10] (15)   22824.1
[20,50]   [50,60,10] (20)   23271.4
[20,50]   [50,60,10] (25)   23330.4
[20,50]   [50,60,10] (30)   22802.5
[20,50]   [50,60,15] (0)   22914.5
[20,50]   [50,60,15] (5)   23321.9
[20,50]   [50,60,15] (10)   22492.7
[20,50]   [50,60,15] (15)   23396.9
[20,50]   [50,60,15] (20)   22835.5
[20,50]   [50,60,15] (25)   22909.7
[20,50]   [50,60,15] (30)   23096.6
[20,50]   [50,60,20] (0)   22929.9
[20,50]   [50,60,20] (5)   23637.9
[20,50]   [50,60,20] (10)   23335
[20,50]   [50,60,20] (15)   22861.3
[20,50]   [50,60,20] (20)   23212.1
[20,50]   [50,60,20] (25)   23080.7
[20,50]   [50,60,20] (30)   22813.9
[20,50]   [60,10,5] (0)   39484.1
[20,50]   [60,10,5] (5)   24268.5
[20,50]   [60,10,5] (10)   9373.93
[20,50]   [60,10,5] (15)   7251.77
[20,50]   [60,10,5] (20)   6115.28
[20,50]   [60,10,5] (25)   5158.7
[20,50]   [60,10,5] (30)   4623.68
[20,50]   [60,10,10] (0)   39780.1
[20,50]   [60,10,10] (5)   26086.5
[20,50]   [60,10,10] (10)   15627.3
[20,50]   [60,10,10] (15)   14489.9
[20,50]   [60,10,10] (20)   13767
[20,50]   [60,10,10] (25)   13260.3
[20,50]   [60,10,10] (30)   12799.7
[20,50]   [60,10,15] (0)   39964.9
[20,50]   [60,10,15] (5)   20750.8
[20,50]   [60,10,15] (10)   14380.6
[20,50]   [60,10,15] (15)   13368.5
[20,50]   [60,10,15] (20)   12942.4
[20,50]   [60,10,15] (25)   12532.2
[20,50]   [60,10,15] (30)   12024.5
[20,50]   [60,10,20] (0)   39606.5
[20,50]   [60,10,20] (5)   21880.3
[20,50]   [60,10,20] (10)   17078.8
[20,50]   [60,10,20] (15)   16830
[20,50]   [60,10,20] (20)   16593.4
[20,50]   [60,10,20] (25)   16376
[20,50]   [60,10,20] (30)   15946.3
[20,50]   [60,20,5] (0)   25460.7
[20,50]   [60,20,5] (5)   25722.3
[20,50]   [60,20,5] (10)   21074
[20,50]   [60,20,5] (15)   11858
[20,50]   [60,20,5] (20)   8697.22
[20,50]   [60,20,5] (25)   7063.03
[20,50]   [60,20,5] (30)   5960.8
[20,50]   [60,20,10] (0)   25715.7
[20,50]   [60,20,10] (5)   25506.5
[20,50]   [60,20,10] (10)   22487.5
[20,50]   [60,20,10] (15)   16860.7
[20,50]   [60,20,10] (20)   15763.2
[20,50]   [60,20,10] (25)   14825
[20,50]   [60,20,10] (30)   13997.9
[20,50]   [60,20,15] (0)   25491
[20,50]   [60,20,15] (5)   25903.7
[20,50]   [60,20,15] (10)   19620.1
[20,50]   [60,20,15] (15)   15129
[20,50]   [60,20,15] (20)   14440.2
[20,50]   [60,20,15] (25)   13517
[20,50]   [60,20,15] (30)   13272.3
[20,50]   [60,20,20] (0)   25631.7
[20,50]   [60,20,20] (5)   25775.3
[20,50]   [60,20,20] (10)   20684.5
[20,50]   [60,20,20] (15)   17813.3
[20,50]   [60,20,20] (20)   17533.6
[20,50]   [60,20,20] (25)   17091.7
[20,50]   [60,20,20] (30)   16851.1
[20,50]   [60,30,5] (0)   20044.2
[20,50]   [60,30,5] (5)   20089.3
[20,50]   [60,30,5] (10)   20191.4
[20,50]   [60,30,5] (15)   18222.4
[20,50]   [60,30,5] (20)   13714.6
[20,50]   [60,30,5] (25)   10016.3
[20,50]   [60,30,5] (30)   7950.68
[20,50]   [60,30,10] (0)   20142.9
[20,50]   [60,30,10] (5)   19984.3
[20,50]   [60,30,10] (10)   20101.8
[20,50]   [60,30,10] (15)   19864.1
[20,50]   [60,30,10] (20)   18195
[20,50]   [60,30,10] (25)   16739.4
[20,50]   [60,30,10] (30)   15570.8
[20,50]   [60,30,15] (0)   20144.3
[20,50]   [60,30,15] (5)   20073.3
[20,50]   [60,30,15] (10)   19877.2
[20,50]   [60,30,15] (15)   18121
[20,50]   [60,30,15] (20)   16362.9
[20,50]   [60,30,15] (25)   15688.7
[20,50]   [60,30,15] (30)   14722.9
[20,50]   [60,30,20] (0)   19954.1
[20,50]   [60,30,20] (5)   20209.7
[20,50]   [60,30,20] (10)   19978.3
[20,50]   [60,30,20] (15)   20179.9
[20,50]   [60,30,20] (20)   18843.3
[20,50]   [60,30,20] (25)   18424.7
[20,50]   [60,30,20] (30)   17888.3
[20,50]   [60,40,5] (0)   20795.5
[20,50]   [60,40,5] (5)   20730.7
[20,50]   [60,40,5] (10)   20739
[20,50]   [60,40,5] (15)   20844.4
[20,50]   [60,40,5] (20)   18994.3
[20,50]   [60,40,5] (25)   16167.1
[20,50]   [60,40,5] (30)   11890.6
[20,50]   [60,40,10] (0)   20927.9
[20,50]   [60,40,10] (5)   20872.9
[20,50]   [60,40,10] (10)   20898.5
[20,50]   [60,40,10] (15)   20905.8
[20,50]   [60,40,10] (20)   20640.1
[20,50]   [60,40,10] (25)   19341.9
[20,50]   [60,40,10] (30)   17937.3
[20,50]   [60,40,15] (0)   20958
[20,50]   [60,40,15] (5)   20751.9
[20,50]   [60,40,15] (10)   20933
[20,50]   [60,40,15] (15)   20820
[20,50]   [60,40,15] (20)   19445.8
[20,50]   [60,40,15] (25)   17726.7
[20,50]   [60,40,15] (30)   16485.3
[20,50]   [60,40,20] (0)   20960.2
[20,50]   [60,40,20] (5)   20869.9
[20,50]   [60,40,20] (10)   20835.8
[20,50]   [60,40,20] (15)   20792.4
[20,50]   [60,40,20] (20)   20789.6
[20,50]   [60,40,20] (25)   19870.8
[20,50]   [60,40,20] (30)   19221.5
[20,50]   [60,50,5] (0)   21537.4
[20,50]   [60,50,5] (5)   21485.4
[20,50]   [60,50,5] (10)   21580.1
[20,50]   [60,50,5] (15)   21786.3
[20,50]   [60,50,5] (20)   21590.6
[20,50]   [60,50,5] (25)   20452.9
[20,50]   [60,50,5] (30)   18055
[20,50]   [60,50,10] (0)   21684.8
[20,50]   [60,50,10] (5)   21662.9
[20,50]   [60,50,10] (10)   21726.2
[20,50]   [60,50,10] (15)   21404.1
[20,50]   [60,50,10] (20)   21613.7
[20,50]   [60,50,10] (25)   21592.9
[20,50]   [60,50,10] (30)   20665.5
[20,50]   [60,50,15] (0)   21434.8
[20,50]   [60,50,15] (5)   21637
[20,50]   [60,50,15] (10)   21542.5
[20,50]   [60,50,15] (15)   21559.7
[20,50]   [60,50,15] (20)   21514.5
[20,50]   [60,50,15] (25)   20430.9
[20,50]   [60,50,15] (30)   18989.4
[20,50]   [60,50,20] (0)   21638.6
[20,50]   [60,50,20] (5)   21522.7
[20,50]   [60,50,20] (10)   21526.3
[20,50]   [60,50,20] (15)   21505.7
[20,50]   [60,50,20] (20)   21588.1
[20,50]   [60,50,20] (25)   21537.4
[20,50]   [60,50,20] (30)   20970.1
[20,50]   [60,60,5] (0)   22307.1
[20,50]   [60,60,5] (5)   22442.9
[20,50]   [60,60,5] (10)   22281.6
[20,50]   [60,60,5] (15)   22427.5
[20,50]   [60,60,5] (20)   22283.2
[20,50]   [60,60,5] (25)   22306.9
[20,50]   [60,60,5] (30)   21232.1
[20,50]   [60,60,10] (0)   22353.3
[20,50]   [60,60,10] (5)   21984.8
[20,50]   [60,60,10] (10)   22349.6
[20,50]   [60,60,10] (15)   22438.9
[20,50]   [60,60,10] (20)   22369
[20,50]   [60,60,10] (25)   22284.9
[20,50]   [60,60,10] (30)   22350.2
[20,50]   [60,60,15] (0)   22186.6
[20,50]   [60,60,15] (5)   22290
[20,50]   [60,60,15] (10)   22277.1
[20,50]   [60,60,15] (15)   22348.8
[20,50]   [60,60,15] (20)   22373.5
[20,50]   [60,60,15] (25)   22217
[20,50]   [60,60,15] (30)   20927.9
[20,50]   [60,60,20] (0)   22310.5
[20,50]   [60,60,20] (5)   22349.3
[20,50]   [60,60,20] (10)   22353.5
[20,50]   [60,60,20] (15)   22355.3
[20,50]   [60,60,20] (20)   22298.5
[20,50]   [60,60,20] (25)   22369.5
[20,50]   [60,60,20] (30)   22252.5
