[80,40]   [10,10,5] (0)   85.0297
[80,40]   [10,10,5] (5)   63.3293
[80,40]   [10,10,5] (10)   61.3788
[80,40]   [10,10,5] (15)   71.43
[80,40]   [10,10,5] (20)   81.049
[80,40]   [10,10,5] (25)   91.1123
[80,40]   [10,10,5] (30)   101.044
[80,40]   [10,10,10] (0)   89.5725
[80,40]   [10,10,10] (5)   72.6042
[80,40]   [10,10,10] (10)   77.9801
[80,40]   [10,10,10] (15)   86.5253
[80,40]   [10,10,10] (20)   95.3301
[80,40]   [10,10,10] (25)   104.129
[80,40]   [10,10,10] (30)   112.687
[80,40]   [10,10,15] (0)   85.9353
[80,40]   [10,10,15] (5)   75.413
[80,40]   [10,10,15] (10)   82.2111
[80,40]   [10,10,15] (15)   91.0147
[80,40]   [10,10,15] (20)   99.6632
[80,40]   [10,10,15] (25)   108.662
[80,40]   [10,10,15] (30)   117.597
[80,40]   [10,10,20] (0)   87.0429
[80,40]   [10,10,20] (5)   82.7743
[80,40]   [10,10,20] (10)   90.4939
[80,40]   [10,10,20] (15)   99.2825
[80,40]   [10,10,20] (20)   107.604
[80,40]   [10,10,20] (25)   116.55
[80,40]   [10,10,20] (30)   125.093
[80,40]   [10,20,5] (0)   7840.73
[80,40]   [10,20,5] (5)   7825.5
[80,40]   [10,20,5] (10)   7930.12
[80,40]   [10,20,5] (15)   7881.26
[80,40]   [10,20,5] (20)   7832.65
[80,40]   [10,20,5] (25)   7517.18
[80,40]   [10,20,5] (30)   7647.2
[80,40]   [10,20,10] (0)   7813.03
[80,40]   [10,20,10] (5)   7821.93
[80,40]   [10,20,10] (10)   7833.23
[80,40]   [10,20,10] (15)   7764.02
[80,40]   [10,20,10] (20)   7785.79
[80,40]   [10,20,10] (25)   8449.29
[80,40]   [10,20,10] (30)   8412.83
[80,40]   [10,20,15] (0)   7699.64
[80,40]   [10,20,15] (5)   7803.95
[80,40]   [10,20,15] (10)   7812.35
[80,40]   [10,20,15] (15)   7758.59
[80,40]   [10,20,15] (20)   7920.83
[80,40]   [10,20,15] (25)   7046.19
[80,40]   [10,20,15] (30)   6529.06
[80,40]   [10,20,20] (0)   7874.3
[80,40]   [10,20,20] (5)   7778.25
[80,40]   [10,20,20] (10)   7901.68
[80,40]   [10,20,20] (15)   7819.31
[80,40]   [10,20,20] (20)   7713.43
[80,40]   [10,20,20] (25)   7820.75
[80,40]   [10,20,20] (30)   7826.88
[80,40]   [10,30,5] (0)   20960.5
[80,40]   [10,30,5] (5)   20719.2
[80,40]   [10,30,5] (10)   20958.3
[80,40]   [10,30,5] (15)   20810.1
[80,40]   [10,30,5] (20)   20854.4
[80,40]   [10,30,5] (25)   20910.5
[80,40]   [10,30,5] (30)   19126.4
[80,40]   [10,30,10] (0)   20726.9
[80,40]   [10,30,10] (5)   20816.6
[80,40]   [10,30,10] (10)   20894.1
[80,40]   [10,30,10] (15)   20861.2
[80,40]   [10,30,10] (20)   20702.9
[80,40]   [10,30,10] (25)   20662.4
[80,40]   [10,30,10] (30)   20225.1
[80,40]   [10,30,15] (0)   20706.3
[80,40]   [10,30,15] (5)   20777.4
[80,40]   [10,30,15] (10)   20727.7
[80,40]   [10,30,15] (15)   20709.5
[80,40]   [10,30,15] (20)   20883.7
[80,40]   [10,30,15] (25)   20973.8
[80,40]   [10,30,15] (30)   19511.9
[80,40]   [10,30,20] (0)   20744.3
[80,40]   [10,30,20] (5)   20775.1
[80,40]   [10,30,20] (10)   20955.9
[80,40]   [10,30,20] (15)   20940.5
[80,40]   [10,30,20] (20)   20893.5
[80,40]   [10,30,20] (25)   20877
[80,40]   [10,30,20] (30)   17812.9
[80,40]   [10,40,5] (0)   26809.9
[80,40]   [10,40,5] (5)   26818.6
[80,40]   [10,40,5] (10)   26904.8
[80,40]   [10,40,5] (15)   26952.5
[80,40]   [10,40,5] (20)   26888.8
[80,40]   [10,40,5] (25)   26871.4
[80,40]   [10,40,5] (30)   26926
[80,40]   [10,40,10] (0)   26810.4
[80,40]   [10,40,10] (5)   26927.3
[80,40]   [10,40,10] (10)   26914.8
[80,40]   [10,40,10] (15)   26883.1
[80,40]   [10,40,10] (20)   26789.5
[80,40]   [10,40,10] (25)   26954.7
[80,40]   [10,40,10] (30)   26962.7
[80,40]   [10,40,15] (0)   26839.1
[80,40]   [10,40,15] (5)   26872.5
[80,40]   [10,40,15] (10)   26936.4
[80,40]   [10,40,15] (15)   26911.8
[80,40]   [10,40,15] (20)   26824.7
[80,40]   [10,40,15] (25)   26945.3
[80,40]   [10,40,15] (30)   26869.8
[80,40]   [10,40,20] (0)   26705.2
[80,40]   [10,40,20] (5)   26859.5
[80,40]   [10,40,20] (10)   26869.9
[80,40]   [10,40,20] (15)   26883.3
[80,40]   [10,40,20] (20)   26948.5
[80,40]   [10,40,20] (25)   26919.2
[80,40]   [10,40,20] (30)   26909.2
[80,40]   [10,50,5] (0)   36370.8
[80,40]   [10,50,5] (5)   36493.6
[80,40]   [10,50,5] (10)   36553.2
[80,40]   [10,50,5] (15)   36562.3
[80,40]   [10,50,5] (20)   36542
[80,40]   [10,50,5] (25)   36525.3
[80,40]   [10,50,5] (30)   36529
[80,40]   [10,50,10] (0)   36536.3
[80,40]   [10,50,10] (5)   36561.4
[80,40]   [10,50,10] (10)   36495.3
[80,40]   [10,50,10] (15)   36616
[80,40]   [10,50,10] (20)   36496
[80,40]   [10,50,10] (25)   36505.2
[80,40]   [10,50,10] (30)   36574.7
[80,40]   [10,50,15] (0)   36513.1
[80,40]   [10,50,15] (5)   36564.3
[80,40]   [10,50,15] (10)   36559.7
[80,40]   [10,50,15] (15)   36613.8
[80,40]   [10,50,15] (20)   36569.5
[80,40]   [10,50,15] (25)   36575.5
[80,40]   [10,50,15] (30)   36516.8
[80,40]   [10,50,20] (0)   36529.8
[80,40]   [10,50,20] (5)   36533
[80,40]   [10,50,20] (10)   36545.7
[80,40]   [10,50,20] (15)   36545.4
[80,40]   [10,50,20] (20)   36535.4
[80,40]   [10,50,20] (25)   36396.8
[80,40]   [10,50,20] (30)   36504.4
[80,40]   [10,60,5] (0)   40877.1
[80,40]   [10,60,5] (5)   40916.4
[80,40]   [10,60,5] (10)   40886.1
[80,40]   [10,60,5] (15)   40949.4
[80,40]   [10,60,5] (20)   40864.1
[80,40]   [10,60,5] (25)   40890.3
[80,40]   [10,60,5] (30)   40910.4
[80,40]   [10,60,10] (0)   40839.1
[80,40]   [10,60,10] (5)   40896.6
[80,40]   [10,60,10] (10)   40921.1
[80,40]   [10,60,10] (15)   40891.9
[80,40]   [10,60,10] (20)   40919
[80,40]   [10,60,10] (25)   40953.1
[80,40]   [10,60,10] (30)   40887
[80,40]   [10,60,15] (0)   40931
[80,40]   [10,60,15] (5)   40950.7
[80,40]   [10,60,15] (10)   40853.9
[80,40]   [10,60,15] (15)   40948.7
[80,40]   [10,60,15] (20)   40895.7
[80,40]   [10,60,15] (25)   40941.7
[80,40]   [10,60,15] (30)   40958.9
[80,40]   [10,60,20] (0)   40929.2
[80,40]   [10,60,20] (5)   40943.9
[80,40]   [10,60,20] (10)   40917.1
[80,40]   [10,60,20] (15)   40892.8
[80,40]   [10,60,20] (20)   40861.6
[80,40]   [10,60,20] (25)   40548.3
[80,40]   [10,60,20] (30)   40962.2
[80,40]   [20,10,5] (0)   8412.41
[80,40]   [20,10,5] (5)   1769.92
[80,40]   [20,10,5] (10)   65.102
[80,40]   [20,10,5] (15)   66.7366
[80,40]   [20,10,5] (20)   76.0982
[80,40]   [20,10,5] (25)   85.7827
[80,40]   [20,10,5] (30)   95.7901
[80,40]   [20,10,10] (0)   8261.78
[80,40]   [20,10,10] (5)   1559.47
[80,40]   [20,10,10] (10)   83.8605
[80,40]   [20,10,10] (15)   86.9732
[80,40]   [20,10,10] (20)   94.9495
[80,40]   [20,10,10] (25)   103.189
[80,40]   [20,10,10] (30)   111.446
[80,40]   [20,10,15] (0)   8327.47
[80,40]   [20,10,15] (5)   120.813
[80,40]   [20,10,15] (10)   88.4402
[80,40]   [20,10,15] (15)   94.2101
[80,40]   [20,10,15] (20)   102.206
[80,40]   [20,10,15] (25)   110.604
[80,40]   [20,10,15] (30)   118.645
[80,40]   [20,10,20] (0)   8316.49
[80,40]   [20,10,20] (5)   139.979
[80,40]   [20,10,20] (10)   100.877
[80,40]   [20,10,20] (15)   106.382
[80,40]   [20,10,20] (20)   114.085
[80,40]   [20,10,20] (25)   122.326
[80,40]   [20,10,20] (30)   130.111
[80,40]   [20,20,5] (0)   125.772
[80,40]   [20,20,5] (5)   125.489
[80,40]   [20,20,5] (10)   114.822
[80,40]   [20,20,5] (15)   100.13
[80,40]   [20,20,5] (20)   107.842
[80,40]   [20,20,5] (25)   116.09
[80,40]   [20,20,5] (30)   124.486
[80,40]   [20,20,10] (0)   126.704
[80,40]   [20,20,10] (5)   125.749
[80,40]   [20,20,10] (10)   119.565
[80,40]   [20,20,10] (15)   116.095
[80,40]   [20,20,10] (20)   124.035
[80,40]   [20,20,10] (25)   131.272
[80,40]   [20,20,10] (30)   138.528
[80,40]   [20,20,15] (0)   125.281
[80,40]   [20,20,15] (5)   126.175
[80,40]   [20,20,15] (10)   115.507
[80,40]   [20,20,15] (15)   117.051
[80,40]   [20,20,15] (20)   124.966
[80,40]   [20,20,15] (25)   132.354
[80,40]   [20,20,15] (30)   140.296
[80,40]   [20,20,20] (0)   126.941
[80,40]   [20,20,20] (5)   124.651
[80,40]   [20,20,20] (10)   126.112
[80,40]   [20,20,20] (15)   132.128
[80,40]   [20,20,20] (20)   139.251
[80,40]   [20,20,20] (25)   146.426
[80,40]   [20,20,20] (30)   154.038
[80,40]   [20,30,5] (0)   5988.51
[80,40]   [20,30,5] (5)   5835.07
[80,40]   [20,30,5] (10)   6031.26
[80,40]   [20,30,5] (15)   6084.78
[80,40]   [20,30,5] (20)   5941.49
[80,40]   [20,30,5] (25)   5886.06
[80,40]   [20,30,5] (30)   5868.69
[80,40]   [20,30,10] (0)   6025.44
[80,40]   [20,30,10] (5)   6071.47
[80,40]   [20,30,10] (10)   5963.42
[80,40]   [20,30,10] (15)   5908.14
[80,40]   [20,30,10] (20)   6031.95
[80,40]   [20,30,10] (25)   5933.81
[80,40]   [20,30,10] (30)   6090.52
[80,40]   [20,30,15] (0)   5945.85
[80,40]   [20,30,15] (5)   5943.34
[80,40]   [20,30,15] (10)   5920.89
[80,40]   [20,30,15] (15)   5984.33
[80,40]   [20,30,15] (20)   6003.28
[80,40]   [20,30,15] (25)   5966.38
[80,40]   [20,30,15] (30)   5287.58
[80,40]   [20,30,20] (0)   5972.98
[80,40]   [20,30,20] (5)   6000.07
[80,40]   [20,30,20] (10)   5985.6
[80,40]   [20,30,20] (15)   6090.99
[80,40]   [20,30,20] (20)   6032.63
[80,40]   [20,30,20] (25)   5922.65
[80,40]   [20,30,20] (30)   6053.39
[80,40]   [20,40,5] (0)   21556.5
[80,40]   [20,40,5] (5)   21560.7
[80,40]   [20,40,5] (10)   21325.6
[80,40]   [20,40,5] (15)   21761
[80,40]   [20,40,5] (20)   21562.2
[80,40]   [20,40,5] (25)   21683.3
[80,40]   [20,40,5] (30)   21396.1
[80,40]   [20,40,10] (0)   21569.9
[80,40]   [20,40,10] (5)   21357
[80,40]   [20,40,10] (10)   21419.2
[80,40]   [20,40,10] (15)   21545.1
[80,40]   [20,40,10] (20)   21611
[80,40]   [20,40,10] (25)   21461.8
[80,40]   [20,40,10] (30)   21509.7
[80,40]   [20,40,15] (0)   21325
[80,40]   [20,40,15] (5)   21620.6
[80,40]   [20,40,15] (10)   21468.9
[80,40]   [20,40,15] (15)   21252.5
[80,40]   [20,40,15] (20)   21602.6
[80,40]   [20,40,15] (25)   21340.6
[80,40]   [20,40,15] (30)   21615.6
[80,40]   [20,40,20] (0)   21445
[80,40]   [20,40,20] (5)   21515.1
[80,40]   [20,40,20] (10)   21314.7
[80,40]   [20,40,20] (15)   21428.2
[80,40]   [20,40,20] (20)   21678.8
[80,40]   [20,40,20] (25)   21411.2
[80,40]   [20,40,20] (30)   21710
[80,40]   [20,50,5] (0)   22447.7
[80,40]   [20,50,5] (5)   22489.1
[80,40]   [20,50,5] (10)   22820
[80,40]   [20,50,5] (15)   22753.1
[80,40]   [20,50,5] (20)   22712.2
[80,40]   [20,50,5] (25)   22711.7
[80,40]   [20,50,5] (30)   22695.4
[80,40]   [20,50,10] (0)   22609.4
[80,40]   [20,50,10] (5)   22533.8
[80,40]   [20,50,10] (10)   22613.7
[80,40]   [20,50,10] (15)   22565.5
[80,40]   [20,50,10] (20)   22637.2
[80,40]   [20,50,10] (25)   22731
[80,40]   [20,50,10] (30)   22737.8
[80,40]   [20,50,15] (0)   22830.5
[80,40]   [20,50,15] (5)   22778.6
[80,40]   [20,50,15] (10)   22766.3
[80,40]   [20,50,15] (15)   22729.7
[80,40]   [20,50,15] (20)   22800.7
[80,40]   [20,50,15] (25)   22616.8
[80,40]   [20,50,15] (30)   22717.5
[80,40]   [20,50,20] (0)   22691.8
[80,40]   [20,50,20] (5)   22759.5
[80,40]   [20,50,20] (10)   22623.9
[80,40]   [20,50,20] (15)   22615.9
[80,40]   [20,50,20] (20)   22579.9
[80,40]   [20,50,20] (25)   22617.5
[80,40]   [20,50,20] (30)   22576.1
[80,40]   [20,60,5] (0)   34077.4
[80,40]   [20,60,5] (5)   34163.2
[80,40]   [20,60,5] (10)   34263.9
[80,40]   [20,60,5] (15)   34297
[80,40]   [20,60,5] (20)   34181.5
[80,40]   [20,60,5] (25)   34269.2
[80,40]   [20,60,5] (30)   34265.5
[80,40]   [20,60,10] (0)   34141
[80,40]   [20,60,10] (5)   34217.6
[80,40]   [20,60,10] (10)   34092.1
[80,40]   [20,60,10] (15)   34279.2
[80,40]   [20,60,10] (20)   34232.7
[80,40]   [20,60,10] (25)   34123.6
[80,40]   [20,60,10] (30)   34053.7
[80,40]   [20,60,15] (0)   34094.7
[80,40]   [20,60,15] (5)   34329.3
[80,40]   [20,60,15] (10)   34265.8
[80,40]   [20,60,15] (15)   34268.9
[80,40]   [20,60,15] (20)   34294.3
[80,40]   [20,60,15] (25)   34154.2
[80,40]   [20,60,15] (30)   34268.2
[80,40]   [20,60,20] (0)   34097.7
[80,40]   [20,60,20] (5)   34111
[80,40]   [20,60,20] (10)   34295.3
[80,40]   [20,60,20] (15)   34214.9
[80,40]   [20,60,20] (20)   34307.2
[80,40]   [20,60,20] (25)   33963.3
[80,40]   [20,60,20] (30)   34071.6
[80,40]   [30,10,5] (0)   16785.5
[80,40]   [30,10,5] (5)   7535.69
[80,40]   [30,10,5] (10)   81.1703
[80,40]   [30,10,5] (15)   73.5413
[80,40]   [30,10,5] (20)   75.913
[80,40]   [30,10,5] (25)   83.1822
[80,40]   [30,10,5] (30)   93.3394
[80,40]   [30,10,10] (0)   17038.6
[80,40]   [30,10,10] (5)   7577.88
[80,40]   [30,10,10] (10)   121.692
[80,40]   [30,10,10] (15)   92.8946
[80,40]   [30,10,10] (20)   94.5002
[80,40]   [30,10,10] (25)   101.411
[80,40]   [30,10,10] (30)   109.815
[80,40]   [30,10,15] (0)   16779.3
[80,40]   [30,10,15] (5)   4155.5
[80,40]   [30,10,15] (10)   100.283
[80,40]   [30,10,15] (15)   99.5808
[80,40]   [30,10,15] (20)   104.086
[80,40]   [30,10,15] (25)   111.381
[80,40]   [30,10,15] (30)   119.416
[80,40]   [30,10,20] (0)   16762.1
[80,40]   [30,10,20] (5)   3350.97
[80,40]   [30,10,20] (10)   106.252
[80,40]   [30,10,20] (15)   108.1
[80,40]   [30,10,20] (20)   115.514
[80,40]   [30,10,20] (25)   122.577
[80,40]   [30,10,20] (30)   130.445
[80,40]   [30,20,5] (0)   6374.7
[80,40]   [30,20,5] (5)   6426.1
[80,40]   [30,20,5] (10)   4268.24
[80,40]   [30,20,5] (15)   106.743
[80,40]   [30,20,5] (20)   93.0564
[80,40]   [30,20,5] (25)   95.9679
[80,40]   [30,20,5] (30)   104.846
[80,40]   [30,20,10] (0)   6459.36
[80,40]   [30,20,10] (5)   6391.52
[80,40]   [30,20,10] (10)   4634.68
[80,40]   [30,20,10] (15)   119.008
[80,40]   [30,20,10] (20)   112.048
[80,40]   [30,20,10] (25)   117.247
[80,40]   [30,20,10] (30)   125.361
[80,40]   [30,20,15] (0)   6408.94
[80,40]   [30,20,15] (5)   6408.46
[80,40]   [30,20,15] (10)   3066.81
[80,40]   [30,20,15] (15)   118.271
[80,40]   [30,20,15] (20)   118.166
[80,40]   [30,20,15] (25)   124.482
[80,40]   [30,20,15] (30)   132.326
[80,40]   [30,20,20] (0)   6377.32
[80,40]   [30,20,20] (5)   6439.48
[80,40]   [30,20,20] (10)   3291.44
[80,40]   [30,20,20] (15)   128.999
[80,40]   [30,20,20] (20)   130.619
[80,40]   [30,20,20] (25)   137.204
[80,40]   [30,20,20] (30)   145.183
[80,40]   [30,30,5] (0)   158.353
[80,40]   [30,30,5] (5)   159.368
[80,40]   [30,30,5] (10)   159.299
[80,40]   [30,30,5] (15)   149.128
[80,40]   [30,30,5] (20)   127.598
[80,40]   [30,30,5] (25)   124.071
[80,40]   [30,30,5] (30)   132.074
[80,40]   [30,30,10] (0)   159.325
[80,40]   [30,30,10] (5)   158.008
[80,40]   [30,30,10] (10)   159.462
[80,40]   [30,30,10] (15)   150.078
[80,40]   [30,30,10] (20)   139.486
[80,40]   [30,30,10] (25)   142.962
[80,40]   [30,30,10] (30)   150.937
[80,40]   [30,30,15] (0)   159.958
[80,40]   [30,30,15] (5)   161.967
[80,40]   [30,30,15] (10)   157.988
[80,40]   [30,30,15] (15)   146.977
[80,40]   [30,30,15] (20)   142.067
[80,40]   [30,30,15] (25)   147.771
[80,40]   [30,30,15] (30)   155.493
[80,40]   [30,30,20] (0)   160.169
[80,40]   [30,30,20] (5)   159.935
[80,40]   [30,30,20] (10)   159.128
[80,40]   [30,30,20] (15)   147.487
[80,40]   [30,30,20] (20)   147.212
[80,40]   [30,30,20] (25)   153.299
[80,40]   [30,30,20] (30)   161.031
[80,40]   [30,40,5] (0)   4044.81
[80,40]   [30,40,5] (5)   4052.22
[80,40]   [30,40,5] (10)   3887.7
[80,40]   [30,40,5] (15)   4016.06
[80,40]   [30,40,5] (20)   3899.01
[80,40]   [30,40,5] (25)   3986.71
[80,40]   [30,40,5] (30)   4145.16
[80,40]   [30,40,10] (0)   3904.42
[80,40]   [30,40,10] (5)   4016.82
[80,40]   [30,40,10] (10)   3849.55
[80,40]   [30,40,10] (15)   4000.97
[80,40]   [30,40,10] (20)   4105.97
[80,40]   [30,40,10] (25)   4000.5
[80,40]   [30,40,10] (30)   4000.64
[80,40]   [30,40,15] (0)   4120.34
[80,40]   [30,40,15] (5)   3980.33
[80,40]   [30,40,15] (10)   3929.02
[80,40]   [30,40,15] (15)   3973
[80,40]   [30,40,15] (20)   3944.1
[80,40]   [30,40,15] (25)   4091.19
[80,40]   [30,40,15] (30)   4091.51
[80,40]   [30,40,20] (0)   3914.55
[80,40]   [30,40,20] (5)   4045.84
[80,40]   [30,40,20] (10)   4062.3
[80,40]   [30,40,20] (15)   3975.22
[80,40]   [30,40,20] (20)   4181.66
[80,40]   [30,40,20] (25)   4129.52
[80,40]   [30,40,20] (30)   3967.2
[80,40]   [30,50,5] (0)   13190.1
[80,40]   [30,50,5] (5)   13053.6
[80,40]   [30,50,5] (10)   13013.5
[80,40]   [30,50,5] (15)   13004.3
[80,40]   [30,50,5] (20)   13206.4
[80,40]   [30,50,5] (25)   13065.7
[80,40]   [30,50,5] (30)   13045.4
[80,40]   [30,50,10] (0)   12993
[80,40]   [30,50,10] (5)   12962.3
[80,40]   [30,50,10] (10)   13122.6
[80,40]   [30,50,10] (15)   13048.2
[80,40]   [30,50,10] (20)   13179.6
[80,40]   [30,50,10] (25)   13110.4
[80,40]   [30,50,10] (30)   12904.2
[80,40]   [30,50,15] (0)   13180.4
[80,40]   [30,50,15] (5)   13119.7
[80,40]   [30,50,15] (10)   13199.9
[80,40]   [30,50,15] (15)   13085.1
[80,40]   [30,50,15] (20)   13109.9
[80,40]   [30,50,15] (25)   13184.9
[80,40]   [30,50,15] (30)   13103.2
[80,40]   [30,50,20] (0)   13162.7
[80,40]   [30,50,20] (5)   12954.4
[80,40]   [30,50,20] (10)   13228.8
[80,40]   [30,50,20] (15)   13023.9
[80,40]   [30,50,20] (20)   13096.3
[80,40]   [30,50,20] (25)   13096.6
[80,40]   [30,50,20] (30)   13044.4
[80,40]   [30,60,5] (0)   19637.8
[80,40]   [30,60,5] (5)   19816.3
[80,40]   [30,60,5] (10)   19945.7
[80,40]   [30,60,5] (15)   19933.5
[80,40]   [30,60,5] (20)   19976.7
[80,40]   [30,60,5] (25)   19638.2
[80,40]   [30,60,5] (30)   19698.5
[80,40]   [30,60,10] (0)   19723.7
[80,40]   [30,60,10] (5)   19730.1
[80,40]   [30,60,10] (10)   19893
[80,40]   [30,60,10] (15)   19907.7
[80,40]   [30,60,10] (20)   19954.4
[80,40]   [30,60,10] (25)   19767.4
[80,40]   [30,60,10] (30)   19772.6
[80,40]   [30,60,15] (0)   19932.2
[80,40]   [30,60,15] (5)   19878.3
[80,40]   [30,60,15] (10)   19885.1
[80,40]   [30,60,15] (15)   19942.7
[80,40]   [30,60,15] (20)   19777.7
[80,40]   [30,60,15] (25)   19745.7
[80,40]   [30,60,15] (30)   19920.8
[80,40]   [30,60,20] (0)   19795.1
[80,40]   [30,60,20] (5)   19661.5
[80,40]   [30,60,20] (10)   20071.7
[80,40]   [30,60,20] (15)   19831.7
[80,40]   [30,60,20] (20)   19812.8
[80,40]   [30,60,20] (25)   19831.7
[80,40]   [30,60,20] (30)   19930.1
[80,40]   [40,10,5] (0)   20181.9
[80,40]   [40,10,5] (5)   12252.5
[80,40]   [40,10,5] (10)   156.845
[80,40]   [40,10,5] (15)   83.3977
[80,40]   [40,10,5] (20)   82.3124
[80,40]   [40,10,5] (25)   85.6554
[80,40]   [40,10,5] (30)   90.932
[80,40]   [40,10,10] (0)   20486.6
[80,40]   [40,10,10] (5)   12971.9
[80,40]   [40,10,10] (10)   3785.52
[80,40]   [40,10,10] (15)   109.318
[80,40]   [40,10,10] (20)   102.709
[80,40]   [40,10,10] (25)   103.829
[80,40]   [40,10,10] (30)   109.454
[80,40]   [40,10,15] (0)   20215.1
[80,40]   [40,10,15] (5)   9246.25
[80,40]   [40,10,15] (10)   1451.67
[80,40]   [40,10,15] (15)   112.76
[80,40]   [40,10,15] (20)   112.35
[80,40]   [40,10,15] (25)   114.704
[80,40]   [40,10,15] (30)   120.38
[80,40]   [40,10,20] (0)   20179.1
[80,40]   [40,10,20] (5)   8569.76
[80,40]   [40,10,20] (10)   128.481
[80,40]   [40,10,20] (15)   125.503
[80,40]   [40,10,20] (20)   126.385
[80,40]   [40,10,20] (25)   129.507
[80,40]   [40,10,20] (30)   135.524
[80,40]   [40,20,5] (0)   13199.8
[80,40]   [40,20,5] (5)   13213.4
[80,40]   [40,20,5] (10)   10276.2
[80,40]   [40,20,5] (15)   261.573
[80,40]   [40,20,5] (20)   104.15
[80,40]   [40,20,5] (25)   96.1411
[80,40]   [40,20,5] (30)   99.1746
[80,40]   [40,20,10] (0)   13193.3
[80,40]   [40,20,10] (5)   13222.3
[80,40]   [40,20,10] (10)   10770.1
[80,40]   [40,20,10] (15)   1733.66
[80,40]   [40,20,10] (20)   124.337
[80,40]   [40,20,10] (25)   118.176
[80,40]   [40,20,10] (30)   121.73
[80,40]   [40,20,15] (0)   13233.2
[80,40]   [40,20,15] (5)   13174.5
[80,40]   [40,20,15] (10)   9058.2
[80,40]   [40,20,15] (15)   139.244
[80,40]   [40,20,15] (20)   125.121
[80,40]   [40,20,15] (25)   124.058
[80,40]   [40,20,15] (30)   128.456
[80,40]   [40,20,20] (0)   13212.4
[80,40]   [40,20,20] (5)   13220.2
[80,40]   [40,20,20] (10)   11506
[80,40]   [40,20,20] (15)   151.554
[80,40]   [40,20,20] (20)   141.135
[80,40]   [40,20,20] (25)   144.308
[80,40]   [40,20,20] (30)   150.985
[80,40]   [40,30,5] (0)   5488.7
[80,40]   [40,30,5] (5)   5475.43
[80,40]   [40,30,5] (10)   5581.16
[80,40]   [40,30,5] (15)   4312.39
[80,40]   [40,30,5] (20)   150.415
[80,40]   [40,30,5] (25)   119.719
[80,40]   [40,30,5] (30)   114.915
[80,40]   [40,30,10] (0)   5405.48
[80,40]   [40,30,10] (5)   5549.6
[80,40]   [40,30,10] (10)   5556.22
[80,40]   [40,30,10] (15)   4447.76
[80,40]   [40,30,10] (20)   163.107
[80,40]   [40,30,10] (25)   139.918
[80,40]   [40,30,10] (30)   140.042
[80,40]   [40,30,15] (0)   5506.06
[80,40]   [40,30,15] (5)   5479.33
[80,40]   [40,30,15] (10)   5547.87
[80,40]   [40,30,15] (15)   3594.33
[80,40]   [40,30,15] (20)   151.078
[80,40]   [40,30,15] (25)   143.897
[80,40]   [40,30,15] (30)   146.729
[80,40]   [40,30,20] (0)   5513.56
[80,40]   [40,30,20] (5)   5533.02
[80,40]   [40,30,20] (10)   5467.75
[80,40]   [40,30,20] (15)   3695.17
[80,40]   [40,30,20] (20)   158.262
[80,40]   [40,30,20] (25)   155.458
[80,40]   [40,30,20] (30)   160.598
[80,40]   [40,40,5] (0)   218.878
[80,40]   [40,40,5] (5)   218.834
[80,40]   [40,40,5] (10)   217.11
[80,40]   [40,40,5] (15)   219.81
[80,40]   [40,40,5] (20)   197.524
[80,40]   [40,40,5] (25)   172.666
[80,40]   [40,40,5] (30)   154.131
[80,40]   [40,40,10] (0)   216.993
[80,40]   [40,40,10] (5)   217.02
[80,40]   [40,40,10] (10)   217.082
[80,40]   [40,40,10] (15)   216.815
[80,40]   [40,40,10] (20)   197.14
[80,40]   [40,40,10] (25)   178.309
[80,40]   [40,40,10] (30)   172.897
[80,40]   [40,40,15] (0)   217.418
[80,40]   [40,40,15] (5)   218.207
[80,40]   [40,40,15] (10)   218.128
[80,40]   [40,40,15] (15)   215.828
[80,40]   [40,40,15] (20)   189.362
[80,40]   [40,40,15] (25)   174.971
[80,40]   [40,40,15] (30)   174.91
[80,40]   [40,40,20] (0)   217.867
[80,40]   [40,40,20] (5)   217.604
[80,40]   [40,40,20] (10)   218.408
[80,40]   [40,40,20] (15)   219.698
[80,40]   [40,40,20] (20)   195.869
[80,40]   [40,40,20] (25)   190.489
[80,40]   [40,40,20] (30)   195.452
[80,40]   [40,50,5] (0)   2889.75
[80,40]   [40,50,5] (5)   2889.75
[80,40]   [40,50,5] (10)   2887.11
[80,40]   [40,50,5] (15)   2766.31
[80,40]   [40,50,5] (20)   2835.83
[80,40]   [40,50,5] (25)   2958.44
[80,40]   [40,50,5] (30)   2610.79
[80,40]   [40,50,10] (0)   2839.94
[80,40]   [40,50,10] (5)   2942.95
[80,40]   [40,50,10] (10)   2756.23
[80,40]   [40,50,10] (15)   2937.09
[80,40]   [40,50,10] (20)   2860.72
[80,40]   [40,50,10] (25)   2752.5
[80,40]   [40,50,10] (30)   2890.65
[80,40]   [40,50,15] (0)   2836.66
[80,40]   [40,50,15] (5)   2817.81
[80,40]   [40,50,15] (10)   2888.24
[80,40]   [40,50,15] (15)   2821.53
[80,40]   [40,50,15] (20)   2871.92
[80,40]   [40,50,15] (25)   2938.06
[80,40]   [40,50,15] (30)   2940.58
[80,40]   [40,50,20] (0)   2821.06
[80,40]   [40,50,20] (5)   2941.33
[80,40]   [40,50,20] (10)   2792.62
[80,40]   [40,50,20] (15)   2937.26
[80,40]   [40,50,20] (20)   2788.24
[80,40]   [40,50,20] (25)   2815.85
[80,40]   [40,50,20] (30)   2931.8
[80,40]   [40,60,5] (0)   12771.3
[80,40]   [40,60,5] (5)   12745
[80,40]   [40,60,5] (10)   12712.5
[80,40]   [40,60,5] (15)   12636.9
[80,40]   [40,60,5] (20)   12669.6
[80,40]   [40,60,5] (25)   12599.6
[80,40]   [40,60,5] (30)   12638.1
[80,40]   [40,60,10] (0)   12692.6
[80,40]   [40,60,10] (5)   12744.7
[80,40]   [40,60,10] (10)   12723
[80,40]   [40,60,10] (15)   12674.7
[80,40]   [40,60,10] (20)   12604
[80,40]   [40,60,10] (25)   12594.6
[80,40]   [40,60,10] (30)   12527.8
[80,40]   [40,60,15] (0)   12628.2
[80,40]   [40,60,15] (5)   12495.1
[80,40]   [40,60,15] (10)   12693.2
[80,40]   [40,60,15] (15)   12736.7
[80,40]   [40,60,15] (20)   12672.7
[80,40]   [40,60,15] (25)   12665.1
[80,40]   [40,60,15] (30)   12660.4
[80,40]   [40,60,20] (0)   12528.3
[80,40]   [40,60,20] (5)   12824.6
[80,40]   [40,60,20] (10)   12759.8
[80,40]   [40,60,20] (15)   12739.6
[80,40]   [40,60,20] (20)   12684.6
[80,40]   [40,60,20] (25)   12568.3
[80,40]   [40,60,20] (30)   12752.4
[80,40]   [50,10,5] (0)   27706.9
[80,40]   [50,10,5] (5)   17103.3
[80,40]   [50,10,5] (10)   3082.9
[80,40]   [50,10,5] (15)   95.8879
[80,40]   [50,10,5] (20)   89.2656
[80,40]   [50,10,5] (25)   92.6926
[80,40]   [50,10,5] (30)   96.686
[80,40]   [50,10,10] (0)   27693.3
[80,40]   [50,10,10] (5)   18006.7
[80,40]   [50,10,10] (10)   8254.18
[80,40]   [50,10,10] (15)   1846.92
[80,40]   [50,10,10] (20)   116.609
[80,40]   [50,10,10] (25)   111.767
[80,40]   [50,10,10] (30)   112.547
[80,40]   [50,10,15] (0)   28339.2
[80,40]   [50,10,15] (5)   15401.1
[80,40]   [50,10,15] (10)   6291.47
[80,40]   [50,10,15] (15)   269.609
[80,40]   [50,10,15] (20)   122.766
[80,40]   [50,10,15] (25)   121.051
[80,40]   [50,10,15] (30)   123.09
[80,40]   [50,10,20] (0)   27355.5
[80,40]   [50,10,20] (5)   13150.5
[80,40]   [50,10,20] (10)   3654.97
[80,40]   [50,10,20] (15)   2170.58
[80,40]   [50,10,20] (20)   132.114
[80,40]   [50,10,20] (25)   129.58
[80,40]   [50,10,20] (30)   134.475
[80,40]   [50,20,5] (0)   18011.8
[80,40]   [50,20,5] (5)   18023.8
[80,40]   [50,20,5] (10)   14975.5
[80,40]   [50,20,5] (15)   3782.54
[80,40]   [50,20,5] (20)   119.653
[80,40]   [50,20,5] (25)   104.223
[80,40]   [50,20,5] (30)   100.052
[80,40]   [50,20,10] (0)   18005.4
[80,40]   [50,20,10] (5)   18096.7
[80,40]   [50,20,10] (10)   15956.8
[80,40]   [50,20,10] (15)   6598.13
[80,40]   [50,20,10] (20)   493.768
[80,40]   [50,20,10] (25)   130.55
[80,40]   [50,20,10] (30)   124.256
[80,40]   [50,20,15] (0)   18059.3
[80,40]   [50,20,15] (5)   18033.7
[80,40]   [50,20,15] (10)   14011.4
[80,40]   [50,20,15] (15)   3482.34
[80,40]   [50,20,15] (20)   155.4
[80,40]   [50,20,15] (25)   132.863
[80,40]   [50,20,15] (30)   132.422
[80,40]   [50,20,20] (0)   18046.2
[80,40]   [50,20,20] (5)   18028.9
[80,40]   [50,20,20] (10)   14574.4
[80,40]   [50,20,20] (15)   1530.33
[80,40]   [50,20,20] (20)   156.073
[80,40]   [50,20,20] (25)   148
[80,40]   [50,20,20] (30)   147.677
[80,40]   [50,30,5] (0)   12768.8
[80,40]   [50,30,5] (5)   12718.6
[80,40]   [50,30,5] (10)   12678.8
[80,40]   [50,30,5] (15)   9827.9
[80,40]   [50,30,5] (20)   1793.99
[80,40]   [50,30,5] (25)   132.294
[80,40]   [50,30,5] (30)   116.992
[80,40]   [50,30,10] (0)   12728.7
[80,40]   [50,30,10] (5)   12710.1
[80,40]   [50,30,10] (10)   12708.1
[80,40]   [50,30,10] (15)   10243.1
[80,40]   [50,30,10] (20)   3351.6
[80,40]   [50,30,10] (25)   158.902
[80,40]   [50,30,10] (30)   141.463
[80,40]   [50,30,15] (0)   12629.1
[80,40]   [50,30,15] (5)   12732.4
[80,40]   [50,30,15] (10)   12650.4
[80,40]   [50,30,15] (15)   9143.17
[80,40]   [50,30,15] (20)   699.819
[80,40]   [50,30,15] (25)   154.93
[80,40]   [50,30,15] (30)   146.775
[80,40]   [50,30,20] (0)   12732.4
[80,40]   [50,30,20] (5)   12695.6
[80,40]   [50,30,20] (10)   12661.2
[80,40]   [50,30,20] (15)   9452.94
[80,40]   [50,30,20] (20)   204.992
[80,40]   [50,30,20] (25)   159.07
[80,40]   [50,30,20] (30)   158.457
[80,40]   [50,40,5] (0)   5864.16
[80,40]   [50,40,5] (5)   5889.46
[80,40]   [50,40,5] (10)   5868.15
[80,40]   [50,40,5] (15)   5850.13
[80,40]   [50,40,5] (20)   4935.22
[80,40]   [50,40,5] (25)   699.757
[80,40]   [50,40,5] (30)   151.509
[80,40]   [50,40,10] (0)   5836.98
[80,40]   [50,40,10] (5)   5812.34
[80,40]   [50,40,10] (10)   5876.73
[80,40]   [50,40,10] (15)   5853.24
[80,40]   [50,40,10] (20)   4827.45
[80,40]   [50,40,10] (25)   1043.31
[80,40]   [50,40,10] (30)   170.113
[80,40]   [50,40,15] (0)   5968.85
[80,40]   [50,40,15] (5)   5849.15
[80,40]   [50,40,15] (10)   5865.68
[80,40]   [50,40,15] (15)   5723.42
[80,40]   [50,40,15] (20)   4489.1
[80,40]   [50,40,15] (25)   205.247
[80,40]   [50,40,15] (30)   172.054
[80,40]   [50,40,20] (0)   5845.86
[80,40]   [50,40,20] (5)   5875.93
[80,40]   [50,40,20] (10)   5915.78
[80,40]   [50,40,20] (15)   5893.75
[80,40]   [50,40,20] (20)   4568.41
[80,40]   [50,40,20] (25)   213.664
[80,40]   [50,40,20] (30)   179.51
[80,40]   [50,50,5] (0)   461.117
[80,40]   [50,50,5] (5)   455.529
[80,40]   [50,50,5] (10)   437.76
[80,40]   [50,50,5] (15)   396.943
[80,40]   [50,50,5] (20)   383.904
[80,40]   [50,50,5] (25)   500.965
[80,40]   [50,50,5] (30)   197.621
[80,40]   [50,50,10] (0)   500.91
[80,40]   [50,50,10] (5)   443.49
[80,40]   [50,50,10] (10)   399.072
[80,40]   [50,50,10] (15)   497.952
[80,40]   [50,50,10] (20)   500.729
[80,40]   [50,50,10] (25)   405.482
[80,40]   [50,50,10] (30)   199.634
[80,40]   [50,50,15] (0)   485.177
[80,40]   [50,50,15] (5)   468.371
[80,40]   [50,50,15] (10)   466.517
[80,40]   [50,50,15] (15)   471.379
[80,40]   [50,50,15] (20)   441.661
[80,40]   [50,50,15] (25)   438.172
[80,40]   [50,50,15] (30)   196.728
[80,40]   [50,50,20] (0)   454.366
[80,40]   [50,50,20] (5)   461.862
[80,40]   [50,50,20] (10)   403.845
[80,40]   [50,50,20] (15)   432.207
[80,40]   [50,50,20] (20)   452.523
[80,40]   [50,50,20] (25)   259.651
[80,40]   [50,50,20] (30)   199.116
[80,40]   [50,60,5] (0)   1533.2
[80,40]   [50,60,5] (5)   1495.44
[80,40]   [50,60,5] (10)   1515.07
[80,40]   [50,60,5] (15)   1542.06
[80,40]   [50,60,5] (20)   1602.51
[80,40]   [50,60,5] (25)   1547.21
[80,40]   [50,60,5] (30)   1640.91
[80,40]   [50,60,10] (0)   1694.41
[80,40]   [50,60,10] (5)   1633.88
[80,40]   [50,60,10] (10)   1493.61
[80,40]   [50,60,10] (15)   1587.41
[80,40]   [50,60,10] (20)   1739.89
[80,40]   [50,60,10] (25)   1655.55
[80,40]   [50,60,10] (30)   1510.04
[80,40]   [50,60,15] (0)   1630.6
[80,40]   [50,60,15] (5)   1635.22
[80,40]   [50,60,15] (10)   1469.89
[80,40]   [50,60,15] (15)   1499.54
[80,40]   [50,60,15] (20)   1648.8
[80,40]   [50,60,15] (25)   1504.83
[80,40]   [50,60,15] (30)   1764.52
[80,40]   [50,60,20] (0)   1592.47
[80,40]   [50,60,20] (5)   1679.71
[80,40]   [50,60,20] (10)   1656.04
[80,40]   [50,60,20] (15)   1611.96
[80,40]   [50,60,20] (20)   1511.2
[80,40]   [50,60,20] (25)   1612.88
[80,40]   [50,60,20] (30)   1557
[80,40]   [60,10,5] (0)   30942.4
[80,40]   [60,10,5] (5)   21366.7
[80,40]   [60,10,5] (10)   5872.09
[80,40]   [60,10,5] (15)   123.749
[80,40]   [60,10,5] (20)   96.3449
[80,40]   [60,10,5] (25)   97.6109
[80,40]   [60,10,5] (30)   101.764
[80,40]   [60,10,10] (0)   30428.1
[80,40]   [60,10,10] (5)   22322.5
[80,40]   [60,10,10] (10)   12040.1
[80,40]   [60,10,10] (15)   5075.98
[80,40]   [60,10,10] (20)   466.875
[80,40]   [60,10,10] (25)   121.814
[80,40]   [60,10,10] (30)   119.215
[80,40]   [60,10,15] (0)   30629.9
[80,40]   [60,10,15] (5)   18487.5
[80,40]   [60,10,15] (10)   9887.88
[80,40]   [60,10,15] (15)   3304.63
[80,40]   [60,10,15] (20)   146.397
[80,40]   [60,10,15] (25)   130.04
[80,40]   [60,10,15] (30)   133.1
[80,40]   [60,10,20] (0)   30977.6
[80,40]   [60,10,20] (5)   19002.5
[80,40]   [60,10,20] (10)   8365.63
[80,40]   [60,10,20] (15)   6459.01
[80,40]   [60,10,20] (20)   163.243
[80,40]   [60,10,20] (25)   142.204
[80,40]   [60,10,20] (30)   145.625
[80,40]   [60,20,5] (0)   25514.1
[80,40]   [60,20,5] (5)   25460.6
[80,40]   [60,20,5] (10)   19934
[80,40]   [60,20,5] (15)   7231.45
[80,40]   [60,20,5] (20)   153.27
[80,40]   [60,20,5] (25)   110.535
[80,40]   [60,20,5] (30)   108.769
[80,40]   [60,20,10] (0)   25635.8
[80,40]   [60,20,10] (5)   25470.3
[80,40]   [60,20,10] (10)   21280.4
[80,40]   [60,20,10] (15)   10756.1
[80,40]   [60,20,10] (20)   3944.37
[80,40]   [60,20,10] (25)   162.622
[80,40]   [60,20,10] (30)   133.09
[80,40]   [60,20,15] (0)   25664.9
[80,40]   [60,20,15] (5)   25466.7
[80,40]   [60,20,15] (10)   19224.1
[80,40]   [60,20,15] (15)   7316.96
[80,40]   [60,20,15] (20)   2678.14
[80,40]   [60,20,15] (25)   146.028
[80,40]   [60,20,15] (30)   141.934
[80,40]   [60,20,20] (0)   25532.4
[80,40]   [60,20,20] (5)   25479.7
[80,40]   [60,20,20] (10)   22645.8
[80,40]   [60,20,20] (15)   6680.11
[80,40]   [60,20,20] (20)   3742.14
[80,40]   [60,20,20] (25)   198.321
[80,40]   [60,20,20] (30)   158.777
[80,40]   [60,30,5] (0)   17155.7
[80,40]   [60,30,5] (5)   17137.8
[80,40]   [60,30,5] (10)   17235.2
[80,40]   [60,30,5] (15)   14245.4
[80,40]   [60,30,5] (20)   5237.37
[80,40]   [60,30,5] (25)   148.026
[80,40]   [60,30,5] (30)   124.32
[80,40]   [60,30,10] (0)   17165
[80,40]   [60,30,10] (5)   17112.1
[80,40]   [60,30,10] (10)   17106.2
[80,40]   [60,30,10] (15)   15162.9
[80,40]   [60,30,10] (20)   7691.17
[80,40]   [60,30,10] (25)   1426.37
[80,40]   [60,30,10] (30)   153.059
[80,40]   [60,30,15] (0)   17126.6
[80,40]   [60,30,15] (5)   17189.1
[80,40]   [60,30,15] (10)   16971.8
[80,40]   [60,30,15] (15)   14089.5
[80,40]   [60,30,15] (20)   4536.34
[80,40]   [60,30,15] (25)   248.999
[80,40]   [60,30,15] (30)   158.118
[80,40]   [60,30,20] (0)   17160
[80,40]   [60,30,20] (5)   17190.5
[80,40]   [60,30,20] (10)   17189.4
[80,40]   [60,30,20] (15)   14166.3
[80,40]   [60,30,20] (20)   3412.47
[80,40]   [60,30,20] (25)   184.564
[80,40]   [60,30,20] (30)   170.432
[80,40]   [60,40,5] (0)   11139.9
[80,40]   [60,40,5] (5)   11174.9
[80,40]   [60,40,5] (10)   11117.6
[80,40]   [60,40,5] (15)   11125.6
[80,40]   [60,40,5] (20)   9836.72
[80,40]   [60,40,5] (25)   4627.02
[80,40]   [60,40,5] (30)   166.265
[80,40]   [60,40,10] (0)   11219
[80,40]   [60,40,10] (5)   11117
[80,40]   [60,40,10] (10)   11167.9
[80,40]   [60,40,10] (15)   11226.2
[80,40]   [60,40,10] (20)   10278.6
[80,40]   [60,40,10] (25)   5669.43
[80,40]   [60,40,10] (30)   237.229
[80,40]   [60,40,15] (0)   11205.3
[80,40]   [60,40,15] (5)   11135.8
[80,40]   [60,40,15] (10)   11165.6
[80,40]   [60,40,15] (15)   11221.1
[80,40]   [60,40,15] (20)   9602.29
[80,40]   [60,40,15] (25)   3635.59
[80,40]   [60,40,15] (30)   185.561
[80,40]   [60,40,20] (0)   11203.7
[80,40]   [60,40,20] (5)   11110.4
[80,40]   [60,40,20] (10)   11222.6
[80,40]   [60,40,20] (15)   11183.2
[80,40]   [60,40,20] (20)   10758.7
[80,40]   [60,40,20] (25)   4253.8
[80,40]   [60,40,20] (30)   198.329
[80,40]   [60,50,5] (0)   5228.62
[80,40]   [60,50,5] (5)   5307.13
[80,40]   [60,50,5] (10)   5262.4
[80,40]   [60,50,5] (15)   5313.89
[80,40]   [60,50,5] (20)   5268.21
[80,40]   [60,50,5] (25)   4987.37
[80,40]   [60,50,5] (30)   2084.32
[80,40]   [60,50,10] (0)   5185.48
[80,40]   [60,50,10] (5)   5224.62
[80,40]   [60,50,10] (10)   5198.37
[80,40]   [60,50,10] (15)   5175.71
[80,40]   [60,50,10] (20)   5203.21
[80,40]   [60,50,10] (25)   5050.71
[80,40]   [60,50,10] (30)   2644.16
[80,40]   [60,50,15] (0)   5257.32
[80,40]   [60,50,15] (5)   5178.99
[80,40]   [60,50,15] (10)   5217.39
[80,40]   [60,50,15] (15)   5227.81
[80,40]   [60,50,15] (20)   5322.78
[80,40]   [60,50,15] (25)   4875.91
[80,40]   [60,50,15] (30)   1348.75
[80,40]   [60,50,20] (0)   5233.53
[80,40]   [60,50,20] (5)   5198.85
[80,40]   [60,50,20] (10)   5193.01
[80,40]   [60,50,20] (15)   5202.82
[80,40]   [60,50,20] (20)   5244.71
[80,40]   [60,50,20] (25)   4892.87
[80,40]   [60,50,20] (30)   837.982
[80,40]   [60,60,5] (0)   830.635
[80,40]   [60,60,5] (5)   795.068
[80,40]   [60,60,5] (10)   856.633
[80,40]   [60,60,5] (15)   872.04
[80,40]   [60,60,5] (20)   845.885
[80,40]   [60,60,5] (25)   777.471
[80,40]   [60,60,5] (30)   622.991
[80,40]   [60,60,10] (0)   893.779
[80,40]   [60,60,10] (5)   840.606
[80,40]   [60,60,10] (10)   887.253
[80,40]   [60,60,10] (15)   958.72
[80,40]   [60,60,10] (20)   934.592
[80,40]   [60,60,10] (25)   841.961
[80,40]   [60,60,10] (30)   471.392
[80,40]   [60,60,15] (0)   836.268
[80,40]   [60,60,15] (5)   851.147
[80,40]   [60,60,15] (10)   832.214
[80,40]   [60,60,15] (15)   851.838
[80,40]   [60,60,15] (20)   856.582
[80,40]   [60,60,15] (25)   939.69
[80,40]   [60,60,15] (30)   542.216
[80,40]   [60,60,20] (0)   929.186
[80,40]   [60,60,20] (5)   846.209
[80,40]   [60,60,20] (10)   875.894
[80,40]   [60,60,20] (15)   835.049
[80,40]   [60,60,20] (20)   915.089
[80,40]   [60,60,20] (25)   898.259
[80,40]   [60,60,20] (30)   471.594
