[40,20]   [10,10,5] (0)   69.4844
[40,20]   [10,10,5] (5)   50.3371
[40,20]   [10,10,5] (10)   52.4422
[40,20]   [10,10,5] (15)   62.8333
[40,20]   [10,10,5] (20)   72.7499
[40,20]   [10,10,5] (25)   82.8099
[40,20]   [10,10,5] (30)   92.9572
[40,20]   [10,10,10] (0)   68.7013
[40,20]   [10,10,10] (5)   59.4427
[40,20]   [10,10,10] (10)   66.052
[40,20]   [10,10,10] (15)   74.9087
[40,20]   [10,10,10] (20)   83.6471
[40,20]   [10,10,10] (25)   92.426
[40,20]   [10,10,10] (30)   101.166
[40,20]   [10,10,15] (0)   69.3141
[40,20]   [10,10,15] (5)   61.0457
[40,20]   [10,10,15] (10)   69.0207
[40,20]   [10,10,15] (15)   78.1516
[40,20]   [10,10,15] (20)   87.095
[40,20]   [10,10,15] (25)   96.3438
[40,20]   [10,10,15] (30)   105.107
[40,20]   [10,10,20] (0)   68.3154
[40,20]   [10,10,20] (5)   67.6752
[40,20]   [10,10,20] (10)   76.1908
[40,20]   [10,10,20] (15)   84.5894
[40,20]   [10,10,20] (20)   93.27
[40,20]   [10,10,20] (25)   101.841
[40,20]   [10,10,20] (30)   110.296
[40,20]   [10,20,5] (0)   9386.35
[40,20]   [10,20,5] (5)   9492.92
[40,20]   [10,20,5] (10)   9469.92
[40,20]   [10,20,5] (15)   9458.79
[40,20]   [10,20,5] (20)   9429.5
[40,20]   [10,20,5] (25)   6976.5
[40,20]   [10,20,5] (30)   5500.77
[40,20]   [10,20,10] (0)   9423.29
[40,20]   [10,20,10] (5)   9502.74
[40,20]   [10,20,10] (10)   9406.76
[40,20]   [10,20,10] (15)   9493.18
[40,20]   [10,20,10] (20)   9366.75
[40,20]   [10,20,10] (25)   7639.77
[40,20]   [10,20,10] (30)   6359.76
[40,20]   [10,20,15] (0)   9501.56
[40,20]   [10,20,15] (5)   9499.37
[40,20]   [10,20,15] (10)   9411.64
[40,20]   [10,20,15] (15)   9433.31
[40,20]   [10,20,15] (20)   9491.1
[40,20]   [10,20,15] (25)   6819.73
[40,20]   [10,20,15] (30)   4378.97
[40,20]   [10,20,20] (0)   9592.38
[40,20]   [10,20,20] (5)   9429.66
[40,20]   [10,20,20] (10)   9547.84
[40,20]   [10,20,20] (15)   9464.24
[40,20]   [10,20,20] (20)   9410.86
[40,20]   [10,20,20] (25)   7413.32
[40,20]   [10,20,20] (30)   6488.2
[40,20]   [10,30,5] (0)   15728.7
[40,20]   [10,30,5] (5)   15637.9
[40,20]   [10,30,5] (10)   15619.2
[40,20]   [10,30,5] (15)   15594.2
[40,20]   [10,30,5] (20)   15519.3
[40,20]   [10,30,5] (25)   15670.6
[40,20]   [10,30,5] (30)   13523.8
[40,20]   [10,30,10] (0)   15666.7
[40,20]   [10,30,10] (5)   15546.5
[40,20]   [10,30,10] (10)   15751.1
[40,20]   [10,30,10] (15)   15738
[40,20]   [10,30,10] (20)   15572.4
[40,20]   [10,30,10] (25)   15573.8
[40,20]   [10,30,10] (30)   15724.1
[40,20]   [10,30,15] (0)   15593.4
[40,20]   [10,30,15] (5)   15648.3
[40,20]   [10,30,15] (10)   15553.7
[40,20]   [10,30,15] (15)   15469.2
[40,20]   [10,30,15] (20)   15481.6
[40,20]   [10,30,15] (25)   15599.6
[40,20]   [10,30,15] (30)   14732.7
[40,20]   [10,30,20] (0)   15692.5
[40,20]   [10,30,20] (5)   15577
[40,20]   [10,30,20] (10)   15548.3
[40,20]   [10,30,20] (15)   15577.3
[40,20]   [10,30,20] (20)   15613.4
[40,20]   [10,30,20] (25)   15587.9
[40,20]   [10,30,20] (30)   15599.8
[40,20]   [10,40,5] (0)   22228.4
[40,20]   [10,40,5] (5)   22131.1
[40,20]   [10,40,5] (10)   22240
[40,20]   [10,40,5] (15)   22126.8
[40,20]   [10,40,5] (20)   22282.5
[40,20]   [10,40,5] (25)   22237.6
[40,20]   [10,40,5] (30)   22243.8
[40,20]   [10,40,10] (0)   22103.8
[40,20]   [10,40,10] (5)   22185.6
[40,20]   [10,40,10] (10)   22211.7
[40,20]   [10,40,10] (15)   22130.8
[40,20]   [10,40,10] (20)   22152.1
[40,20]   [10,40,10] (25)   22157.4
[40,20]   [10,40,10] (30)   22090.8
[40,20]   [10,40,15] (0)   22253.3
[40,20]   [10,40,15] (5)   22199.7
[40,20]   [10,40,15] (10)   22243.5
[40,20]   [10,40,15] (15)   22244
[40,20]   [10,40,15] (20)   22212.1
[40,20]   [10,40,15] (25)   22237.9
[40,20]   [10,40,15] (30)   22234
[40,20]   [10,40,20] (0)   22171.1
[40,20]   [10,40,20] (5)   22110.4
[40,20]   [10,40,20] (10)   22263.7
[40,20]   [10,40,20] (15)   22079.4
[40,20]   [10,40,20] (20)   22218.9
[40,20]   [10,40,20] (25)   22291.3
[40,20]   [10,40,20] (30)   22063.7
[40,20]   [10,50,5] (0)   30287.9
[40,20]   [10,50,5] (5)   30401.7
[40,20]   [10,50,5] (10)   30450.2
[40,20]   [10,50,5] (15)   30445.5
[40,20]   [10,50,5] (20)   30310.5
[40,20]   [10,50,5] (25)   30452.2
[40,20]   [10,50,5] (30)   30428.2
[40,20]   [10,50,10] (0)   30414.5
[40,20]   [10,50,10] (5)   30449.4
[40,20]   [10,50,10] (10)   30286.1
[40,20]   [10,50,10] (15)   30422.7
[40,20]   [10,50,10] (20)   30415.1
[40,20]   [10,50,10] (25)   30443.6
[40,20]   [10,50,10] (30)   30352.5
[40,20]   [10,50,15] (0)   30467.2
[40,20]   [10,50,15] (5)   30461.6
[40,20]   [10,50,15] (10)   30448.7
[40,20]   [10,50,15] (15)   30408.2
[40,20]   [10,50,15] (20)   30419.4
[40,20]   [10,50,15] (25)   30405.6
[40,20]   [10,50,15] (30)   30380.7
[40,20]   [10,50,20] (0)   30245.6
[40,20]   [10,50,20] (5)   30456.7
[40,20]   [10,50,20] (10)   30323.9
[40,20]   [10,50,20] (15)   30435.2
[40,20]   [10,50,20] (20)   30411.8
[40,20]   [10,50,20] (25)   30378.3
[40,20]   [10,50,20] (30)   30398.4
[40,20]   [10,60,5] (0)   31587.9
[40,20]   [10,60,5] (5)   31558.4
[40,20]   [10,60,5] (10)   31561.7
[40,20]   [10,60,5] (15)   31583.1
[40,20]   [10,60,5] (20)   31605
[40,20]   [10,60,5] (25)   31593.7
[40,20]   [10,60,5] (30)   31559.3
[40,20]   [10,60,10] (0)   31588.7
[40,20]   [10,60,10] (5)   31643.1
[40,20]   [10,60,10] (10)   31596
[40,20]   [10,60,10] (15)   31570.4
[40,20]   [10,60,10] (20)   31594.9
[40,20]   [10,60,10] (25)   31634.6
[40,20]   [10,60,10] (30)   31475.6
[40,20]   [10,60,15] (0)   31597
[40,20]   [10,60,15] (5)   31597.3
[40,20]   [10,60,15] (10)   31607.3
[40,20]   [10,60,15] (15)   31562.1
[40,20]   [10,60,15] (20)   31603.3
[40,20]   [10,60,15] (25)   31551.7
[40,20]   [10,60,15] (30)   31567.1
[40,20]   [10,60,20] (0)   31558.8
[40,20]   [10,60,20] (5)   31623.8
[40,20]   [10,60,20] (10)   31557.9
[40,20]   [10,60,20] (15)   31552.7
[40,20]   [10,60,20] (20)   31548.3
[40,20]   [10,60,20] (25)   31608.3
[40,20]   [10,60,20] (30)   31555
[40,20]   [20,10,5] (0)   6727.91
[40,20]   [20,10,5] (5)   907.896
[40,20]   [20,10,5] (10)   54.0881
[40,20]   [20,10,5] (15)   56.9604
[40,20]   [20,10,5] (20)   65.9602
[40,20]   [20,10,5] (25)   76.646
[40,20]   [20,10,5] (30)   86.6783
[40,20]   [20,10,10] (0)   6631.89
[40,20]   [20,10,10] (5)   1540.93
[40,20]   [20,10,10] (10)   70.2301
[40,20]   [20,10,10] (15)   75.347
[40,20]   [20,10,10] (20)   83.3448
[40,20]   [20,10,10] (25)   91.8209
[40,20]   [20,10,10] (30)   100.223
[40,20]   [20,10,15] (0)   6649.81
[40,20]   [20,10,15] (5)   84.9058
[40,20]   [20,10,15] (10)   70.5836
[40,20]   [20,10,15] (15)   78.3145
[40,20]   [20,10,15] (20)   86.4155
[40,20]   [20,10,15] (25)   95.217
[40,20]   [20,10,15] (30)   103.976
[40,20]   [20,10,20] (0)   6670.06
[40,20]   [20,10,20] (5)   116.982
[40,20]   [20,10,20] (10)   87.5981
[40,20]   [20,10,20] (15)   92.4147
[40,20]   [20,10,20] (20)   100.814
[40,20]   [20,10,20] (25)   108.789
[40,20]   [20,10,20] (30)   116.675
[40,20]   [20,20,5] (0)   121.056
[40,20]   [20,20,5] (5)   118.984
[40,20]   [20,20,5] (10)   99.3982
[40,20]   [20,20,5] (15)   80.8313
[40,20]   [20,20,5] (20)   90.5756
[40,20]   [20,20,5] (25)   97.7411
[40,20]   [20,20,5] (30)   107.761
[40,20]   [20,20,10] (0)   119.168
[40,20]   [20,20,10] (5)   117.746
[40,20]   [20,20,10] (10)   105.567
[40,20]   [20,20,10] (15)   100.359
[40,20]   [20,20,10] (20)   106.692
[40,20]   [20,20,10] (25)   115.173
[40,20]   [20,20,10] (30)   122.469
[40,20]   [20,20,15] (0)   117.622
[40,20]   [20,20,15] (5)   116.494
[40,20]   [20,20,15] (10)   99.6158
[40,20]   [20,20,15] (15)   100.288
[40,20]   [20,20,15] (20)   107.808
[40,20]   [20,20,15] (25)   115.174
[40,20]   [20,20,15] (30)   123.471
[40,20]   [20,20,20] (0)   117.008
[40,20]   [20,20,20] (5)   116.997
[40,20]   [20,20,20] (10)   114.017
[40,20]   [20,20,20] (15)   119.771
[40,20]   [20,20,20] (20)   127.974
[40,20]   [20,20,20] (25)   134.849
[40,20]   [20,20,20] (30)   142.45
[40,20]   [20,30,5] (0)   4687.45
[40,20]   [20,30,5] (5)   4595.48
[40,20]   [20,30,5] (10)   4660.42
[40,20]   [20,30,5] (15)   4755.49
[40,20]   [20,30,5] (20)   4634.69
[40,20]   [20,30,5] (25)   4576.88
[40,20]   [20,30,5] (30)   3955.67
[40,20]   [20,30,10] (0)   4624.2
[40,20]   [20,30,10] (5)   4589.11
[40,20]   [20,30,10] (10)   4711.14
[40,20]   [20,30,10] (15)   4688.19
[40,20]   [20,30,10] (20)   4662.63
[40,20]   [20,30,10] (25)   4686.94
[40,20]   [20,30,10] (30)   4722.16
[40,20]   [20,30,15] (0)   4715.44
[40,20]   [20,30,15] (5)   4728.96
[40,20]   [20,30,15] (10)   4636.39
[40,20]   [20,30,15] (15)   4695.53
[40,20]   [20,30,15] (20)   4706.53
[40,20]   [20,30,15] (25)   4692.42
[40,20]   [20,30,15] (30)   3968.03
[40,20]   [20,30,20] (0)   4558.68
[40,20]   [20,30,20] (5)   4694.05
[40,20]   [20,30,20] (10)   4629.16
[40,20]   [20,30,20] (15)   4629.68
[40,20]   [20,30,20] (20)   4801.64
[40,20]   [20,30,20] (25)   4599.78
[40,20]   [20,30,20] (30)   4585.64
[40,20]   [20,40,5] (0)   14264.4
[40,20]   [20,40,5] (5)   14272.1
[40,20]   [20,40,5] (10)   14297.8
[40,20]   [20,40,5] (15)   14253.4
[40,20]   [20,40,5] (20)   14282
[40,20]   [20,40,5] (25)   14304.2
[40,20]   [20,40,5] (30)   14177.1
[40,20]   [20,40,10] (0)   14291.4
[40,20]   [20,40,10] (5)   14251
[40,20]   [20,40,10] (10)   14387.8
[40,20]   [20,40,10] (15)   13995.1
[40,20]   [20,40,10] (20)   14242.9
[40,20]   [20,40,10] (25)   14306
[40,20]   [20,40,10] (30)   14198
[40,20]   [20,40,15] (0)   14172.8
[40,20]   [20,40,15] (5)   14293.1
[40,20]   [20,40,15] (10)   14260.7
[40,20]   [20,40,15] (15)   14342.9
[40,20]   [20,40,15] (20)   14279.7
[40,20]   [20,40,15] (25)   14246.8
[40,20]   [20,40,15] (30)   14280.9
[40,20]   [20,40,20] (0)   14296.9
[40,20]   [20,40,20] (5)   14470.9
[40,20]   [20,40,20] (10)   14308.9
[40,20]   [20,40,20] (15)   14225.1
[40,20]   [20,40,20] (20)   14350.2
[40,20]   [20,40,20] (25)   14112.2
[40,20]   [20,40,20] (30)   14193.2
[40,20]   [20,50,5] (0)   17292.3
[40,20]   [20,50,5] (5)   17137.9
[40,20]   [20,50,5] (10)   17203.7
[40,20]   [20,50,5] (15)   17229.7
[40,20]   [20,50,5] (20)   17238.3
[40,20]   [20,50,5] (25)   17444.9
[40,20]   [20,50,5] (30)   17237.5
[40,20]   [20,50,10] (0)   17230
[40,20]   [20,50,10] (5)   17272.4
[40,20]   [20,50,10] (10)   16901.1
[40,20]   [20,50,10] (15)   17222.3
[40,20]   [20,50,10] (20)   17135.2
[40,20]   [20,50,10] (25)   17180
[40,20]   [20,50,10] (30)   17443.9
[40,20]   [20,50,15] (0)   17371.4
[40,20]   [20,50,15] (5)   17453.2
[40,20]   [20,50,15] (10)   17260.2
[40,20]   [20,50,15] (15)   17401.7
[40,20]   [20,50,15] (20)   17124.9
[40,20]   [20,50,15] (25)   17195.7
[40,20]   [20,50,15] (30)   17007.4
[40,20]   [20,50,20] (0)   17213.4
[40,20]   [20,50,20] (5)   17201.7
[40,20]   [20,50,20] (10)   17244.4
[40,20]   [20,50,20] (15)   17415.6
[40,20]   [20,50,20] (20)   17294
[40,20]   [20,50,20] (25)   17352.4
[40,20]   [20,50,20] (30)   17289.2
[40,20]   [20,60,5] (0)   27298
[40,20]   [20,60,5] (5)   27098.8
[40,20]   [20,60,5] (10)   27434.1
[40,20]   [20,60,5] (15)   27417.3
[40,20]   [20,60,5] (20)   27252.9
[40,20]   [20,60,5] (25)   27449.2
[40,20]   [20,60,5] (30)   27291.7
[40,20]   [20,60,10] (0)   27402.9
[40,20]   [20,60,10] (5)   27324.5
[40,20]   [20,60,10] (10)   27443.7
[40,20]   [20,60,10] (15)   27287.4
[40,20]   [20,60,10] (20)   27375.7
[40,20]   [20,60,10] (25)   27480
[40,20]   [20,60,10] (30)   27359.7
[40,20]   [20,60,15] (0)   27395.6
[40,20]   [20,60,15] (5)   27457.2
[40,20]   [20,60,15] (10)   27424.4
[40,20]   [20,60,15] (15)   27311.4
[40,20]   [20,60,15] (20)   27371.7
[40,20]   [20,60,15] (25)   27515.2
[40,20]   [20,60,15] (30)   27567.7
[40,20]   [20,60,20] (0)   27338.5
[40,20]   [20,60,20] (5)   27445.3
[40,20]   [20,60,20] (10)   27327.3
[40,20]   [20,60,20] (15)   27358.2
[40,20]   [20,60,20] (20)   27466.1
[40,20]   [20,60,20] (25)   27361.1
[40,20]   [20,60,20] (30)   27343.9
[40,20]   [30,10,5] (0)   12653.6
[40,20]   [30,10,5] (5)   6305.39
[40,20]   [30,10,5] (10)   63.4005
[40,20]   [30,10,5] (15)   61.138
[40,20]   [30,10,5] (20)   66.3225
[40,20]   [30,10,5] (25)   74.2817
[40,20]   [30,10,5] (30)   84.6082
[40,20]   [30,10,10] (0)   12768.7
[40,20]   [30,10,10] (5)   6814.01
[40,20]   [30,10,10] (10)   101.752
[40,20]   [30,10,10] (15)   78.9384
[40,20]   [30,10,10] (20)   82.3014
[40,20]   [30,10,10] (25)   89.5852
[40,20]   [30,10,10] (30)   97.8267
[40,20]   [30,10,15] (0)   12724.3
[40,20]   [30,10,15] (5)   2849.67
[40,20]   [30,10,15] (10)   80.6724
[40,20]   [30,10,15] (15)   83.5796
[40,20]   [30,10,15] (20)   88.0281
[40,20]   [30,10,15] (25)   95.655
[40,20]   [30,10,15] (30)   104.002
[40,20]   [30,10,20] (0)   12803.4
[40,20]   [30,10,20] (5)   2443.54
[40,20]   [30,10,20] (10)   79.3979
[40,20]   [30,10,20] (15)   91.9403
[40,20]   [30,10,20] (20)   96.067
[40,20]   [30,10,20] (25)   103.085
[40,20]   [30,10,20] (30)   111.266
[40,20]   [30,20,5] (0)   5362.02
[40,20]   [30,20,5] (5)   5345.03
[40,20]   [30,20,5] (10)   2750.3
[40,20]   [30,20,5] (15)   80.3813
[40,20]   [30,20,5] (20)   74.6849
[40,20]   [30,20,5] (25)   80.4255
[40,20]   [30,20,5] (30)   89.6629
[40,20]   [30,20,10] (0)   5298
[40,20]   [30,20,10] (5)   5346.13
[40,20]   [30,20,10] (10)   3330.39
[40,20]   [30,20,10] (15)   95.6069
[40,20]   [30,20,10] (20)   94.0673
[40,20]   [30,20,10] (25)   99.9413
[40,20]   [30,20,10] (30)   107.908
[40,20]   [30,20,15] (0)   5409.62
[40,20]   [30,20,15] (5)   5362.16
[40,20]   [30,20,15] (10)   1258.57
[40,20]   [30,20,15] (15)   95.8643
[40,20]   [30,20,15] (20)   97.0903
[40,20]   [30,20,15] (25)   104.039
[40,20]   [30,20,15] (30)   112.303
[40,20]   [30,20,20] (0)   5355.03
[40,20]   [30,20,20] (5)   5375.83
[40,20]   [30,20,20] (10)   1881.49
[40,20]   [30,20,20] (15)   109.524
[40,20]   [30,20,20] (20)   111.898
[40,20]   [30,20,20] (25)   118.882
[40,20]   [30,20,20] (30)   126.97
[40,20]   [30,30,5] (0)   125.925
[40,20]   [30,30,5] (5)   124.277
[40,20]   [30,30,5] (10)   121.614
[40,20]   [30,30,5] (15)   107.02
[40,20]   [30,30,5] (20)   95.228
[40,20]   [30,30,5] (25)   95.7104
[40,20]   [30,30,5] (30)   104.304
[40,20]   [30,30,10] (0)   123.079
[40,20]   [30,30,10] (5)   125.247
[40,20]   [30,30,10] (10)   123.183
[40,20]   [30,30,10] (15)   112.158
[40,20]   [30,30,10] (20)   108.133
[40,20]   [30,30,10] (25)   113.323
[40,20]   [30,30,10] (30)   121.306
[40,20]   [30,30,15] (0)   125.554
[40,20]   [30,30,15] (5)   124.238
[40,20]   [30,30,15] (10)   125.294
[40,20]   [30,30,15] (15)   112.905
[40,20]   [30,30,15] (20)   113.506
[40,20]   [30,30,15] (25)   120.042
[40,20]   [30,30,15] (30)   127.833
[40,20]   [30,30,20] (0)   122.571
[40,20]   [30,30,20] (5)   124.44
[40,20]   [30,30,20] (10)   123.767
[40,20]   [30,30,20] (15)   114.437
[40,20]   [30,30,20] (20)   115.093
[40,20]   [30,30,20] (25)   121.307
[40,20]   [30,30,20] (30)   129.086
[40,20]   [30,40,5] (0)   2866.27
[40,20]   [30,40,5] (5)   2809.92
[40,20]   [30,40,5] (10)   2878.88
[40,20]   [30,40,5] (15)   2764.29
[40,20]   [30,40,5] (20)   2759.76
[40,20]   [30,40,5] (25)   2492.02
[40,20]   [30,40,5] (30)   2842.02
[40,20]   [30,40,10] (0)   2773.78
[40,20]   [30,40,10] (5)   2751.67
[40,20]   [30,40,10] (10)   2693.05
[40,20]   [30,40,10] (15)   2782.89
[40,20]   [30,40,10] (20)   2786.53
[40,20]   [30,40,10] (25)   2710.69
[40,20]   [30,40,10] (30)   2764.86
[40,20]   [30,40,15] (0)   2774.68
[40,20]   [30,40,15] (5)   2749.23
[40,20]   [30,40,15] (10)   2779.12
[40,20]   [30,40,15] (15)   2894.58
[40,20]   [30,40,15] (20)   2929.72
[40,20]   [30,40,15] (25)   2798.06
[40,20]   [30,40,15] (30)   2596.77
[40,20]   [30,40,20] (0)   2797.54
[40,20]   [30,40,20] (5)   2918.21
[40,20]   [30,40,20] (10)   2773.11
[40,20]   [30,40,20] (15)   2732.6
[40,20]   [30,40,20] (20)   2755.5
[40,20]   [30,40,20] (25)   2637.87
[40,20]   [30,40,20] (30)   2767.33
[40,20]   [30,50,5] (0)   8737.5
[40,20]   [30,50,5] (5)   8866.88
[40,20]   [30,50,5] (10)   8854.36
[40,20]   [30,50,5] (15)   8671.71
[40,20]   [30,50,5] (20)   8582.77
[40,20]   [30,50,5] (25)   8635.81
[40,20]   [30,50,5] (30)   8691.37
[40,20]   [30,50,10] (0)   8656.41
[40,20]   [30,50,10] (5)   8641.79
[40,20]   [30,50,10] (10)   8857.04
[40,20]   [30,50,10] (15)   8802.13
[40,20]   [30,50,10] (20)   8700.05
[40,20]   [30,50,10] (25)   8831.32
[40,20]   [30,50,10] (30)   8730.75
[40,20]   [30,50,15] (0)   8730.28
[40,20]   [30,50,15] (5)   8759.43
[40,20]   [30,50,15] (10)   8723.11
[40,20]   [30,50,15] (15)   8695.04
[40,20]   [30,50,15] (20)   8615.97
[40,20]   [30,50,15] (25)   8691.89
[40,20]   [30,50,15] (30)   8699.64
[40,20]   [30,50,20] (0)   8640.97
[40,20]   [30,50,20] (5)   8755.79
[40,20]   [30,50,20] (10)   8676.92
[40,20]   [30,50,20] (15)   8798.61
[40,20]   [30,50,20] (20)   8591.85
[40,20]   [30,50,20] (25)   8656.99
[40,20]   [30,50,20] (30)   8773.68
[40,20]   [30,60,5] (0)   14944.4
[40,20]   [30,60,5] (5)   14983.5
[40,20]   [30,60,5] (10)   14890.6
[40,20]   [30,60,5] (15)   14868.1
[40,20]   [30,60,5] (20)   14788.4
[40,20]   [30,60,5] (25)   14851.3
[40,20]   [30,60,5] (30)   15008.2
[40,20]   [30,60,10] (0)   14895.5
[40,20]   [30,60,10] (5)   14884.9
[40,20]   [30,60,10] (10)   14930.5
[40,20]   [30,60,10] (15)   14977.5
[40,20]   [30,60,10] (20)   14795.3
[40,20]   [30,60,10] (25)   14925.5
[40,20]   [30,60,10] (30)   14857.3
[40,20]   [30,60,15] (0)   14854.5
[40,20]   [30,60,15] (5)   14722.5
[40,20]   [30,60,15] (10)   14937.4
[40,20]   [30,60,15] (15)   14957.7
[40,20]   [30,60,15] (20)   14903.5
[40,20]   [30,60,15] (25)   14832.1
[40,20]   [30,60,15] (30)   15034.3
[40,20]   [30,60,20] (0)   14852.3
[40,20]   [30,60,20] (5)   14932.7
[40,20]   [30,60,20] (10)   14770.7
[40,20]   [30,60,20] (15)   14994.2
[40,20]   [30,60,20] (20)   14545.5
[40,20]   [30,60,20] (25)   15019.9
[40,20]   [30,60,20] (30)   14788.8
[40,20]   [40,10,5] (0)   17343.4
[40,20]   [40,10,5] (5)   9397.93
[40,20]   [40,10,5] (10)   92.9187
[40,20]   [40,10,5] (15)   66.6691
[40,20]   [40,10,5] (20)   70.1741
[40,20]   [40,10,5] (25)   75.3045
[40,20]   [40,10,5] (30)   82.1163
[40,20]   [40,10,10] (0)   17255
[40,20]   [40,10,10] (5)   11255.2
[40,20]   [40,10,10] (10)   3306.18
[40,20]   [40,10,10] (15)   89.8509
[40,20]   [40,10,10] (20)   87.4686
[40,20]   [40,10,10] (25)   90.4188
[40,20]   [40,10,10] (30)   96.4919
[40,20]   [40,10,15] (0)   16878.4
[40,20]   [40,10,15] (5)   7178.17
[40,20]   [40,10,15] (10)   806.334
[40,20]   [40,10,15] (15)   91.8558
[40,20]   [40,10,15] (20)   92.8595
[40,20]   [40,10,15] (25)   97.1009
[40,20]   [40,10,15] (30)   103.564
[40,20]   [40,10,20] (0)   17186.9
[40,20]   [40,10,20] (5)   7340.95
[40,20]   [40,10,20] (10)   106.747
[40,20]   [40,10,20] (15)   104.288
[40,20]   [40,10,20] (20)   107.528
[40,20]   [40,10,20] (25)   112.066
[40,20]   [40,10,20] (30)   118.508
[40,20]   [40,20,5] (0)   16512.6
[40,20]   [40,20,5] (5)   16506.2
[40,20]   [40,20,5] (10)   7968.83
[40,20]   [40,20,5] (15)   122.216
[40,20]   [40,20,5] (20)   79.3265
[40,20]   [40,20,5] (25)   80.8813
[40,20]   [40,20,5] (30)   86.6924
[40,20]   [40,20,10] (0)   16466.4
[40,20]   [40,20,10] (5)   16462.9
[40,20]   [40,20,10] (10)   9172.08
[40,20]   [40,20,10] (15)   1206.68
[40,20]   [40,20,10] (20)   99.6697
[40,20]   [40,20,10] (25)   97.9847
[40,20]   [40,20,10] (30)   102.843
[40,20]   [40,20,15] (0)   16530.8
[40,20]   [40,20,15] (5)   16650.7
[40,20]   [40,20,15] (10)   7693.99
[40,20]   [40,20,15] (15)   115.522
[40,20]   [40,20,15] (20)   103.186
[40,20]   [40,20,15] (25)   103.316
[40,20]   [40,20,15] (30)   111.679
[40,20]   [40,20,20] (0)   16462.8
[40,20]   [40,20,20] (5)   16501.9
[40,20]   [40,20,20] (10)   10012
[40,20]   [40,20,20] (15)   135.012
[40,20]   [40,20,20] (20)   126.195
[40,20]   [40,20,20] (25)   130.534
[40,20]   [40,20,20] (30)   137.486
[40,20]   [40,30,5] (0)   4228.76
[40,20]   [40,30,5] (5)   4254.09
[40,20]   [40,30,5] (10)   4218.99
[40,20]   [40,30,5] (15)   3093.83
[40,20]   [40,30,5] (20)   107.95
[40,20]   [40,30,5] (25)   91.0611
[40,20]   [40,30,5] (30)   93.1743
[40,20]   [40,30,10] (0)   4273.02
[40,20]   [40,30,10] (5)   4226.93
[40,20]   [40,30,10] (10)   4233.45
[40,20]   [40,30,10] (15)   3522.96
[40,20]   [40,30,10] (20)   127.999
[40,20]   [40,30,10] (25)   111.706
[40,20]   [40,30,10] (30)   113.871
[40,20]   [40,30,15] (0)   4203.28
[40,20]   [40,30,15] (5)   4187.5
[40,20]   [40,30,15] (10)   4194.38
[40,20]   [40,30,15] (15)   2476.72
[40,20]   [40,30,15] (20)   115.988
[40,20]   [40,30,15] (25)   113.111
[40,20]   [40,30,15] (30)   117.346
[40,20]   [40,30,20] (0)   4156.42
[40,20]   [40,30,20] (5)   4251.69
[40,20]   [40,30,20] (10)   4304.05
[40,20]   [40,30,20] (15)   2806.79
[40,20]   [40,30,20] (20)   126.463
[40,20]   [40,30,20] (25)   124.955
[40,20]   [40,30,20] (30)   130.755
[40,20]   [40,40,5] (0)   150.173
[40,20]   [40,40,5] (5)   148.746
[40,20]   [40,40,5] (10)   147.379
[40,20]   [40,40,5] (15)   148.316
[40,20]   [40,40,5] (20)   139.146
[40,20]   [40,40,5] (25)   122.604
[40,20]   [40,40,5] (30)   114.433
[40,20]   [40,40,10] (0)   149.617
[40,20]   [40,40,10] (5)   147.756
[40,20]   [40,40,10] (10)   150.655
[40,20]   [40,40,10] (15)   149.571
[40,20]   [40,40,10] (20)   145.169
[40,20]   [40,40,10] (25)   133.412
[40,20]   [40,40,10] (30)   132.331
[40,20]   [40,40,15] (0)   150.707
[40,20]   [40,40,15] (5)   151.076
[40,20]   [40,40,15] (10)   148.758
[40,20]   [40,40,15] (15)   150.094
[40,20]   [40,40,15] (20)   137.319
[40,20]   [40,40,15] (25)   129.06
[40,20]   [40,40,15] (30)   132.474
[40,20]   [40,40,20] (0)   149.899
[40,20]   [40,40,20] (5)   148.572
[40,20]   [40,40,20] (10)   150.863
[40,20]   [40,40,20] (15)   148.28
[40,20]   [40,40,20] (20)   148.643
[40,20]   [40,40,20] (25)   148.698
[40,20]   [40,40,20] (30)   155.883
[40,20]   [40,50,5] (0)   1776.4
[40,20]   [40,50,5] (5)   1892.88
[40,20]   [40,50,5] (10)   1868.05
[40,20]   [40,50,5] (15)   1737.53
[40,20]   [40,50,5] (20)   1895.63
[40,20]   [40,50,5] (25)   1760.65
[40,20]   [40,50,5] (30)   1929.07
[40,20]   [40,50,10] (0)   1921.31
[40,20]   [40,50,10] (5)   1793.07
[40,20]   [40,50,10] (10)   1942.99
[40,20]   [40,50,10] (15)   1841.03
[40,20]   [40,50,10] (20)   1929.41
[40,20]   [40,50,10] (25)   1934.86
[40,20]   [40,50,10] (30)   1888.9
[40,20]   [40,50,15] (0)   1828.31
[40,20]   [40,50,15] (5)   1907.77
[40,20]   [40,50,15] (10)   1821.75
[40,20]   [40,50,15] (15)   1905.6
[40,20]   [40,50,15] (20)   1894.08
[40,20]   [40,50,15] (25)   1916.88
[40,20]   [40,50,15] (30)   1831.79
[40,20]   [40,50,20] (0)   1875.95
[40,20]   [40,50,20] (5)   1869.72
[40,20]   [40,50,20] (10)   1803.8
[40,20]   [40,50,20] (15)   1955.85
[40,20]   [40,50,20] (20)   1857.85
[40,20]   [40,50,20] (25)   1880.13
[40,20]   [40,50,20] (30)   1882.45
[40,20]   [40,60,5] (0)   9431.23
[40,20]   [40,60,5] (5)   9532.66
[40,20]   [40,60,5] (10)   9492.23
[40,20]   [40,60,5] (15)   9542.76
[40,20]   [40,60,5] (20)   9553.16
[40,20]   [40,60,5] (25)   9425.26
[40,20]   [40,60,5] (30)   9495.32
[40,20]   [40,60,10] (0)   9492.01
[40,20]   [40,60,10] (5)   9311.85
[40,20]   [40,60,10] (10)   9572.16
[40,20]   [40,60,10] (15)   9389.59
[40,20]   [40,60,10] (20)   9476.23
[40,20]   [40,60,10] (25)   9541.66
[40,20]   [40,60,10] (30)   9627.92
[40,20]   [40,60,15] (0)   9454.81
[40,20]   [40,60,15] (5)   9591.48
[40,20]   [40,60,15] (10)   9450.47
[40,20]   [40,60,15] (15)   9612.3
[40,20]   [40,60,15] (20)   9501.9
[40,20]   [40,60,15] (25)   9504.84
[40,20]   [40,60,15] (30)   9546.99
[40,20]   [40,60,20] (0)   9537.12
[40,20]   [40,60,20] (5)   9653.01
[40,20]   [40,60,20] (10)   9499.14
[40,20]   [40,60,20] (15)   9553.22
[40,20]   [40,60,20] (20)   9381.21
[40,20]   [40,60,20] (25)   9581.3
[40,20]   [40,60,20] (30)   9671.09
[40,20]   [50,10,5] (0)   22685.1
[40,20]   [50,10,5] (5)   13388.5
[40,20]   [50,10,5] (10)   2023.49
[40,20]   [50,10,5] (15)   72.0992
[40,20]   [50,10,5] (20)   73.8003
[40,20]   [50,10,5] (25)   78.6123
[40,20]   [50,10,5] (30)   82.9607
[40,20]   [50,10,10] (0)   22636.3
[40,20]   [50,10,10] (5)   14899.6
[40,20]   [50,10,10] (10)   6723
[40,20]   [50,10,10] (15)   1286.15
[40,20]   [50,10,10] (20)   94.5971
[40,20]   [50,10,10] (25)   94.7481
[40,20]   [50,10,10] (30)   98.0782
[40,20]   [50,10,15] (0)   22927.6
[40,20]   [50,10,15] (5)   10726.8
[40,20]   [50,10,15] (10)   3991.78
[40,20]   [50,10,15] (15)   103.445
[40,20]   [50,10,15] (20)   96.5828
[40,20]   [50,10,15] (25)   99.0108
[40,20]   [50,10,15] (30)   102.902
[40,20]   [50,10,20] (0)   22551
[40,20]   [50,10,20] (5)   10819.9
[40,20]   [50,10,20] (10)   2729.44
[40,20]   [50,10,20] (15)   549.821
[40,20]   [50,10,20] (20)   104.874
[40,20]   [50,10,20] (25)   105.882
[40,20]   [50,10,20] (30)   110.708
[40,20]   [50,20,5] (0)   13696.4
[40,20]   [50,20,5] (5)   13730.8
[40,20]   [50,20,5] (10)   10489.2
[40,20]   [50,20,5] (15)   1944.32
[40,20]   [50,20,5] (20)   85.7027
[40,20]   [50,20,5] (25)   83.3271
[40,20]   [50,20,5] (30)   88.1294
[40,20]   [50,20,10] (0)   13683.5
[40,20]   [50,20,10] (5)   13676.5
[40,20]   [50,20,10] (10)   11641.5
[40,20]   [50,20,10] (15)   4754.35
[40,20]   [50,20,10] (20)   162.991
[40,20]   [50,20,10] (25)   102.459
[40,20]   [50,20,10] (30)   102.865
[40,20]   [50,20,15] (0)   13645.5
[40,20]   [50,20,15] (5)   13628
[40,20]   [50,20,15] (10)   9506.5
[40,20]   [50,20,15] (15)   1603.89
[40,20]   [50,20,15] (20)   111.974
[40,20]   [50,20,15] (25)   106.846
[40,20]   [50,20,15] (30)   109.949
[40,20]   [50,20,20] (0)   13748
[40,20]   [50,20,20] (5)   13648.4
[40,20]   [50,20,20] (10)   10218
[40,20]   [50,20,20] (15)   502.226
[40,20]   [50,20,20] (20)   125.914
[40,20]   [50,20,20] (25)   122.354
[40,20]   [50,20,20] (30)   125.199
[40,20]   [50,30,5] (0)   8135.8
[40,20]   [50,30,5] (5)   8144.56
[40,20]   [50,30,5] (10)   8122.77
[40,20]   [50,30,5] (15)   6754.76
[40,20]   [50,30,5] (20)   740.296
[40,20]   [50,30,5] (25)   95.3194
[40,20]   [50,30,5] (30)   92.9109
[40,20]   [50,30,10] (0)   8125.56
[40,20]   [50,30,10] (5)   8234.46
[40,20]   [50,30,10] (10)   8177.65
[40,20]   [50,30,10] (15)   7335.02
[40,20]   [50,30,10] (20)   2351.14
[40,20]   [50,30,10] (25)   118.239
[40,20]   [50,30,10] (30)   111.171
[40,20]   [50,30,15] (0)   8176.6
[40,20]   [50,30,15] (5)   8056.14
[40,20]   [50,30,15] (10)   8224.1
[40,20]   [50,30,15] (15)   6280.78
[40,20]   [50,30,15] (20)   181.257
[40,20]   [50,30,15] (25)   117.767
[40,20]   [50,30,15] (30)   115.248
[40,20]   [50,30,20] (0)   8084.21
[40,20]   [50,30,20] (5)   8154.77
[40,20]   [50,30,20] (10)   8104.7
[40,20]   [50,30,20] (15)   6716.63
[40,20]   [50,30,20] (20)   150.416
[40,20]   [50,30,20] (25)   121.187
[40,20]   [50,30,20] (30)   122.349
[40,20]   [50,40,5] (0)   3323.3
[40,20]   [50,40,5] (5)   3349.68
[40,20]   [50,40,5] (10)   3388.2
[40,20]   [50,40,5] (15)   3334.53
[40,20]   [50,40,5] (20)   2868.61
[40,20]   [50,40,5] (25)   155.995
[40,20]   [50,40,5] (30)   109.21
[40,20]   [50,40,10] (0)   3437.56
[40,20]   [50,40,10] (5)   3359.43
[40,20]   [50,40,10] (10)   3401.51
[40,20]   [50,40,10] (15)   3305.18
[40,20]   [50,40,10] (20)   3090.38
[40,20]   [50,40,10] (25)   247.552
[40,20]   [50,40,10] (30)   129.969
[40,20]   [50,40,15] (0)   3336.7
[40,20]   [50,40,15] (5)   3341.56
[40,20]   [50,40,15] (10)   3390.38
[40,20]   [50,40,15] (15)   3326.8
[40,20]   [50,40,15] (20)   2605.74
[40,20]   [50,40,15] (25)   136.113
[40,20]   [50,40,15] (30)   122.482
[40,20]   [50,40,20] (0)   3381.89
[40,20]   [50,40,20] (5)   3326.7
[40,20]   [50,40,20] (10)   3366.88
[40,20]   [50,40,20] (15)   3324.44
[40,20]   [50,40,20] (20)   2720.47
[40,20]   [50,40,20] (25)   151.219
[40,20]   [50,40,20] (30)   142.568
[40,20]   [50,50,5] (0)   158.709
[40,20]   [50,50,5] (5)   160.07
[40,20]   [50,50,5] (10)   160.144
[40,20]   [50,50,5] (15)   161.63
[40,20]   [50,50,5] (20)   157.53
[40,20]   [50,50,5] (25)   150.912
[40,20]   [50,50,5] (30)   139.631
[40,20]   [50,50,10] (0)   157.882
[40,20]   [50,50,10] (5)   158.799
[40,20]   [50,50,10] (10)   157.79
[40,20]   [50,50,10] (15)   158.541
[40,20]   [50,50,10] (20)   161.045
[40,20]   [50,50,10] (25)   155.371
[40,20]   [50,50,10] (30)   145.999
[40,20]   [50,50,15] (0)   159.851
[40,20]   [50,50,15] (5)   159.212
[40,20]   [50,50,15] (10)   157.98
[40,20]   [50,50,15] (15)   158.102
[40,20]   [50,50,15] (20)   156.31
[40,20]   [50,50,15] (25)   150.318
[40,20]   [50,50,15] (30)   142.677
[40,20]   [50,50,20] (0)   158.637
[40,20]   [50,50,20] (5)   158.52
[40,20]   [50,50,20] (10)   162.04
[40,20]   [50,50,20] (15)   158.956
[40,20]   [50,50,20] (20)   160.247
[40,20]   [50,50,20] (25)   155.544
[40,20]   [50,50,20] (30)   147.799
[40,20]   [50,60,5] (0)   984.729
[40,20]   [50,60,5] (5)   944.973
[40,20]   [50,60,5] (10)   869.632
[40,20]   [50,60,5] (15)   1093.16
[40,20]   [50,60,5] (20)   1093.79
[40,20]   [50,60,5] (25)   1025.39
[40,20]   [50,60,5] (30)   1004.45
[40,20]   [50,60,10] (0)   1032.57
[40,20]   [50,60,10] (5)   1074.81
[40,20]   [50,60,10] (10)   1005.73
[40,20]   [50,60,10] (15)   1036.59
[40,20]   [50,60,10] (20)   1064.89
[40,20]   [50,60,10] (25)   1015.74
[40,20]   [50,60,10] (30)   909.067
[40,20]   [50,60,15] (0)   929.236
[40,20]   [50,60,15] (5)   942.194
[40,20]   [50,60,15] (10)   992.131
[40,20]   [50,60,15] (15)   970.685
[40,20]   [50,60,15] (20)   1032.67
[40,20]   [50,60,15] (25)   1022.53
[40,20]   [50,60,15] (30)   922.49
[40,20]   [50,60,20] (0)   975.655
[40,20]   [50,60,20] (5)   918.793
[40,20]   [50,60,20] (10)   969.426
[40,20]   [50,60,20] (15)   991.2
[40,20]   [50,60,20] (20)   908.006
[40,20]   [50,60,20] (25)   1031.69
[40,20]   [50,60,20] (30)   905.924
[40,20]   [60,10,5] (0)   23727.9
[40,20]   [60,10,5] (5)   15724.2
[40,20]   [60,10,5] (10)   4476.68
[40,20]   [60,10,5] (15)   83.3114
[40,20]   [60,10,5] (20)   77.8371
[40,20]   [60,10,5] (25)   81.825
[40,20]   [60,10,5] (30)   86.2413
[40,20]   [60,10,10] (0)   23874.4
[40,20]   [60,10,10] (5)   18099.2
[40,20]   [60,10,10] (10)   9792.86
[40,20]   [60,10,10] (15)   4085.26
[40,20]   [60,10,10] (20)   212.198
[40,20]   [60,10,10] (25)   101.124
[40,20]   [60,10,10] (30)   102.191
[40,20]   [60,10,15] (0)   23476.3
[40,20]   [60,10,15] (5)   13851.3
[40,20]   [60,10,15] (10)   7205.79
[40,20]   [60,10,15] (15)   1545.95
[40,20]   [60,10,15] (20)   111.706
[40,20]   [60,10,15] (25)   106.918
[40,20]   [60,10,15] (30)   109.206
[40,20]   [60,10,20] (0)   24075.2
[40,20]   [60,10,20] (5)   14091.2
[40,20]   [60,10,20] (10)   5672.53
[40,20]   [60,10,20] (15)   4580.48
[40,20]   [60,10,20] (20)   129.642
[40,20]   [60,10,20] (25)   120.364
[40,20]   [60,10,20] (30)   123.762
[40,20]   [60,20,5] (0)   20240.1
[40,20]   [60,20,5] (5)   20106.2
[40,20]   [60,20,5] (10)   14691.6
[40,20]   [60,20,5] (15)   4624.69
[40,20]   [60,20,5] (20)   95.8328
[40,20]   [60,20,5] (25)   86.4931
[40,20]   [60,20,5] (30)   90.3406
[40,20]   [60,20,10] (0)   20083.8
[40,20]   [60,20,10] (5)   20111.2
[40,20]   [60,20,10] (10)   16827
[40,20]   [60,20,10] (15)   7811.05
[40,20]   [60,20,10] (20)   2672.92
[40,20]   [60,20,10] (25)   115.428
[40,20]   [60,20,10] (30)   106.483
[40,20]   [60,20,15] (0)   20146.4
[40,20]   [60,20,15] (5)   20114.3
[40,20]   [60,20,15] (10)   13945.9
[40,20]   [60,20,15] (15)   4684.9
[40,20]   [60,20,15] (20)   886.721
[40,20]   [60,20,15] (25)   113.527
[40,20]   [60,20,15] (30)   114.864
[40,20]   [60,20,20] (0)   20198.7
[40,20]   [60,20,20] (5)   20052.4
[40,20]   [60,20,20] (10)   18012
[40,20]   [60,20,20] (15)   5367.07
[40,20]   [60,20,20] (20)   2789.04
[40,20]   [60,20,20] (25)   159.575
[40,20]   [60,20,20] (30)   140.344
[40,20]   [60,30,5] (0)   12385.6
[40,20]   [60,30,5] (5)   12315.6
[40,20]   [60,30,5] (10)   12157.3
[40,20]   [60,30,5] (15)   10119.5
[40,20]   [60,30,5] (20)   3391.17
[40,20]   [60,30,5] (25)   102.762
[40,20]   [60,30,5] (30)   95.5484
[40,20]   [60,30,10] (0)   12408
[40,20]   [60,30,10] (5)   12401.7
[40,20]   [60,30,10] (10)   11996.6
[40,20]   [60,30,10] (15)   10597.1
[40,20]   [60,30,10] (20)   5579.11
[40,20]   [60,30,10] (25)   842.541
[40,20]   [60,30,10] (30)   116.956
[40,20]   [60,30,15] (0)   12372.9
[40,20]   [60,30,15] (5)   12360.5
[40,20]   [60,30,15] (10)   12401.5
[40,20]   [60,30,15] (15)   9770.03
[40,20]   [60,30,15] (20)   2976.15
[40,20]   [60,30,15] (25)   144.336
[40,20]   [60,30,15] (30)   122.862
[40,20]   [60,30,20] (0)   12380.8
[40,20]   [60,30,20] (5)   12383.3
[40,20]   [60,30,20] (10)   12330
[40,20]   [60,30,20] (15)   10001.5
[40,20]   [60,30,20] (20)   1948.16
[40,20]   [60,30,20] (25)   142.986
[40,20]   [60,30,20] (30)   135.175
[40,20]   [60,40,5] (0)   7973.48
[40,20]   [60,40,5] (5)   8023.47
[40,20]   [60,40,5] (10)   7986.58
[40,20]   [60,40,5] (15)   7970.11
[40,20]   [60,40,5] (20)   6577.24
[40,20]   [60,40,5] (25)   2616.56
[40,20]   [60,40,5] (30)   117.485
[40,20]   [60,40,10] (0)   7977.84
[40,20]   [60,40,10] (5)   8031.04
[40,20]   [60,40,10] (10)   8034.43
[40,20]   [60,40,10] (15)   7944.82
[40,20]   [60,40,10] (20)   7333.98
[40,20]   [60,40,10] (25)   3720.67
[40,20]   [60,40,10] (30)   152.036
[40,20]   [60,40,15] (0)   7990.25
[40,20]   [60,40,15] (5)   7978.57
[40,20]   [60,40,15] (10)   7979.55
[40,20]   [60,40,15] (15)   8050.34
[40,20]   [60,40,15] (20)   6519.49
[40,20]   [60,40,15] (25)   1695.14
[40,20]   [60,40,15] (30)   136.583
[40,20]   [60,40,20] (0)   7968.66
[40,20]   [60,40,20] (5)   8016.2
[40,20]   [60,40,20] (10)   7933.08
[40,20]   [60,40,20] (15)   7943.71
[40,20]   [60,40,20] (20)   7676.17
[40,20]   [60,40,20] (25)   3120.05
[40,20]   [60,40,20] (30)   162.513
[40,20]   [60,50,5] (0)   2883.93
[40,20]   [60,50,5] (5)   2923.78
[40,20]   [60,50,5] (10)   2942.75
[40,20]   [60,50,5] (15)   2951.14
[40,20]   [60,50,5] (20)   2854.12
[40,20]   [60,50,5] (25)   2714.58
[40,20]   [60,50,5] (30)   716.449
[40,20]   [60,50,10] (0)   2892.71
[40,20]   [60,50,10] (5)   2984.33
[40,20]   [60,50,10] (10)   2900.62
[40,20]   [60,50,10] (15)   2958.66
[40,20]   [60,50,10] (20)   2933.95
[40,20]   [60,50,10] (25)   2730.61
[40,20]   [60,50,10] (30)   1074.95
[40,20]   [60,50,15] (0)   2962.03
[40,20]   [60,50,15] (5)   2902.1
[40,20]   [60,50,15] (10)   2890.22
[40,20]   [60,50,15] (15)   2882.19
[40,20]   [60,50,15] (20)   2848.92
[40,20]   [60,50,15] (25)   2554.92
[40,20]   [60,50,15] (30)   226.939
[40,20]   [60,50,20] (0)   2880.31
[40,20]   [60,50,20] (5)   2905.49
[40,20]   [60,50,20] (10)   2941.37
[40,20]   [60,50,20] (15)   2939
[40,20]   [60,50,20] (20)   2903.84
[40,20]   [60,50,20] (25)   2657.26
[40,20]   [60,50,20] (30)   247.467
[40,20]   [60,60,5] (0)   188.602
[40,20]   [60,60,5] (5)   188.713
[40,20]   [60,60,5] (10)   185.8
[40,20]   [60,60,5] (15)   189.099
[40,20]   [60,60,5] (20)   191.235
[40,20]   [60,60,5] (25)   189.678
[40,20]   [60,60,5] (30)   172.251
[40,20]   [60,60,10] (0)   186.435
[40,20]   [60,60,10] (5)   188.727
[40,20]   [60,60,10] (10)   187.577
[40,20]   [60,60,10] (15)   187.817
[40,20]   [60,60,10] (20)   187.66
[40,20]   [60,60,10] (25)   187.539
[40,20]   [60,60,10] (30)   176.008
[40,20]   [60,60,15] (0)   186.783
[40,20]   [60,60,15] (5)   188.979
[40,20]   [60,60,15] (10)   187.51
[40,20]   [60,60,15] (15)   188.099
[40,20]   [60,60,15] (20)   187.354
[40,20]   [60,60,15] (25)   187.024
[40,20]   [60,60,15] (30)   179.189
[40,20]   [60,60,20] (0)   188.087
[40,20]   [60,60,20] (5)   186.621
[40,20]   [60,60,20] (10)   189.682
[40,20]   [60,60,20] (15)   189.509
[40,20]   [60,60,20] (20)   188.448
[40,20]   [60,60,20] (25)   188.861
[40,20]   [60,60,20] (30)   172.899
