[100,30]   [10,10,5] (0)   80.3191
[100,30]   [10,10,5] (5)   53.8675
[100,30]   [10,10,5] (10)   54.0959
[100,30]   [10,10,5] (15)   64.0002
[100,30]   [10,10,5] (20)   73.9125
[100,30]   [10,10,5] (25)   83.6959
[100,30]   [10,10,5] (30)   93.6004
[100,30]   [10,10,10] (0)   81.1614
[100,30]   [10,10,10] (5)   63.002
[100,30]   [10,10,10] (10)   68.3728
[100,30]   [10,10,10] (15)   77.0736
[100,30]   [10,10,10] (20)   85.8337
[100,30]   [10,10,10] (25)   94.56
[100,30]   [10,10,10] (30)   103.392
[100,30]   [10,10,15] (0)   76.4399
[100,30]   [10,10,15] (5)   66.2101
[100,30]   [10,10,15] (10)   73.0451
[100,30]   [10,10,15] (15)   82.0148
[100,30]   [10,10,15] (20)   90.7802
[100,30]   [10,10,15] (25)   99.758
[100,30]   [10,10,15] (30)   108.462
[100,30]   [10,10,20] (0)   79.8355
[100,30]   [10,10,20] (5)   75.351
[100,30]   [10,10,20] (10)   82.6556
[100,30]   [10,10,20] (15)   91.5525
[100,30]   [10,10,20] (20)   100.311
[100,30]   [10,10,20] (25)   108.515
[100,30]   [10,10,20] (30)   117.017
[100,30]   [10,20,5] (0)   8393.04
[100,30]   [10,20,5] (5)   8491.18
[100,30]   [10,20,5] (10)   8502.1
[100,30]   [10,20,5] (15)   8435.3
[100,30]   [10,20,5] (20)   8322.99
[100,30]   [10,20,5] (25)   7813.91
[100,30]   [10,20,5] (30)   7629.13
[100,30]   [10,20,10] (0)   8428.82
[100,30]   [10,20,10] (5)   8279.33
[100,30]   [10,20,10] (10)   8393.75
[100,30]   [10,20,10] (15)   8489.68
[100,30]   [10,20,10] (20)   8308.3
[100,30]   [10,20,10] (25)   8425.38
[100,30]   [10,20,10] (30)   8361.69
[100,30]   [10,20,15] (0)   8402.3
[100,30]   [10,20,15] (5)   8405.77
[100,30]   [10,20,15] (10)   8344.94
[100,30]   [10,20,15] (15)   8383.85
[100,30]   [10,20,15] (20)   8391.55
[100,30]   [10,20,15] (25)   7103.1
[100,30]   [10,20,15] (30)   7129.54
[100,30]   [10,20,20] (0)   8468.48
[100,30]   [10,20,20] (5)   8394.19
[100,30]   [10,20,20] (10)   8465.92
[100,30]   [10,20,20] (15)   8388.94
[100,30]   [10,20,20] (20)   8408.3
[100,30]   [10,20,20] (25)   8420.17
[100,30]   [10,20,20] (30)   8500.05
[100,30]   [10,30,5] (0)   18024.5
[100,30]   [10,30,5] (5)   18022.4
[100,30]   [10,30,5] (10)   18136.4
[100,30]   [10,30,5] (15)   18055.9
[100,30]   [10,30,5] (20)   18091.7
[100,30]   [10,30,5] (25)   17884.7
[100,30]   [10,30,5] (30)   17528.4
[100,30]   [10,30,10] (0)   18018.9
[100,30]   [10,30,10] (5)   18076.7
[100,30]   [10,30,10] (10)   17999.9
[100,30]   [10,30,10] (15)   18133.5
[100,30]   [10,30,10] (20)   18038.4
[100,30]   [10,30,10] (25)   18149.5
[100,30]   [10,30,10] (30)   17921.5
[100,30]   [10,30,15] (0)   18041.6
[100,30]   [10,30,15] (5)   17965.9
[100,30]   [10,30,15] (10)   18035.4
[100,30]   [10,30,15] (15)   17895
[100,30]   [10,30,15] (20)   18115.3
[100,30]   [10,30,15] (25)   18010.9
[100,30]   [10,30,15] (30)   16775.3
[100,30]   [10,30,20] (0)   18097.9
[100,30]   [10,30,20] (5)   18130.6
[100,30]   [10,30,20] (10)   18019.4
[100,30]   [10,30,20] (15)   18201.7
[100,30]   [10,30,20] (20)   18027.8
[100,30]   [10,30,20] (25)   18081.8
[100,30]   [10,30,20] (30)   17993.9
[100,30]   [10,40,5] (0)   27306.4
[100,30]   [10,40,5] (5)   27356.9
[100,30]   [10,40,5] (10)   27486
[100,30]   [10,40,5] (15)   27352.6
[100,30]   [10,40,5] (20)   27317.5
[100,30]   [10,40,5] (25)   27338.2
[100,30]   [10,40,5] (30)   27340.9
[100,30]   [10,40,10] (0)   27338.8
[100,30]   [10,40,10] (5)   27339.2
[100,30]   [10,40,10] (10)   27358.7
[100,30]   [10,40,10] (15)   27581.6
[100,30]   [10,40,10] (20)   27237.3
[100,30]   [10,40,10] (25)   27359
[100,30]   [10,40,10] (30)   27308.1
[100,30]   [10,40,15] (0)   27389.4
[100,30]   [10,40,15] (5)   27346.3
[100,30]   [10,40,15] (10)   27361.9
[100,30]   [10,40,15] (15)   27353.9
[100,30]   [10,40,15] (20)   27297.8
[100,30]   [10,40,15] (25)   27354.7
[100,30]   [10,40,15] (30)   27361.1
[100,30]   [10,40,20] (0)   27213.6
[100,30]   [10,40,20] (5)   27483.2
[100,30]   [10,40,20] (10)   27341.6
[100,30]   [10,40,20] (15)   27371.9
[100,30]   [10,40,20] (20)   27335.4
[100,30]   [10,40,20] (25)   27274.6
[100,30]   [10,40,20] (30)   27307.5
[100,30]   [10,50,5] (0)   34885.1
[100,30]   [10,50,5] (5)   34815
[100,30]   [10,50,5] (10)   34818.3
[100,30]   [10,50,5] (15)   34775
[100,30]   [10,50,5] (20)   34849.8
[100,30]   [10,50,5] (25)   34800.5
[100,30]   [10,50,5] (30)   34784
[100,30]   [10,50,10] (0)   34961.6
[100,30]   [10,50,10] (5)   34793.6
[100,30]   [10,50,10] (10)   34848.1
[100,30]   [10,50,10] (15)   34843.4
[100,30]   [10,50,10] (20)   34974.7
[100,30]   [10,50,10] (25)   34849.4
[100,30]   [10,50,10] (30)   34860
[100,30]   [10,50,15] (0)   34771.3
[100,30]   [10,50,15] (5)   34790.8
[100,30]   [10,50,15] (10)   34793.4
[100,30]   [10,50,15] (15)   34638.2
[100,30]   [10,50,15] (20)   34808.2
[100,30]   [10,50,15] (25)   34849.1
[100,30]   [10,50,15] (30)   34834.4
[100,30]   [10,50,20] (0)   34824.2
[100,30]   [10,50,20] (5)   34821.4
[100,30]   [10,50,20] (10)   34793.7
[100,30]   [10,50,20] (15)   34713.4
[100,30]   [10,50,20] (20)   34805.5
[100,30]   [10,50,20] (25)   34871.2
[100,30]   [10,50,20] (30)   34787.6
[100,30]   [10,60,5] (0)   41824.2
[100,30]   [10,60,5] (5)   41840.7
[100,30]   [10,60,5] (10)   41849.2
[100,30]   [10,60,5] (15)   41976.7
[100,30]   [10,60,5] (20)   41759.1
[100,30]   [10,60,5] (25)   41786.8
[100,30]   [10,60,5] (30)   42002.9
[100,30]   [10,60,10] (0)   42016.2
[100,30]   [10,60,10] (5)   41811.9
[100,30]   [10,60,10] (10)   41822.7
[100,30]   [10,60,10] (15)   41830.7
[100,30]   [10,60,10] (20)   41821.3
[100,30]   [10,60,10] (25)   41808.5
[100,30]   [10,60,10] (30)   41843.1
[100,30]   [10,60,15] (0)   41846.7
[100,30]   [10,60,15] (5)   41846.3
[100,30]   [10,60,15] (10)   41871.8
[100,30]   [10,60,15] (15)   41801.1
[100,30]   [10,60,15] (20)   41842.1
[100,30]   [10,60,15] (25)   41819.1
[100,30]   [10,60,15] (30)   41803
[100,30]   [10,60,20] (0)   41986.3
[100,30]   [10,60,20] (5)   41783.9
[100,30]   [10,60,20] (10)   41822.2
[100,30]   [10,60,20] (15)   41780.9
[100,30]   [10,60,20] (20)   41829.7
[100,30]   [10,60,20] (25)   41830.5
[100,30]   [10,60,20] (30)   41813.5
[100,30]   [20,10,5] (0)   7724.29
[100,30]   [20,10,5] (5)   1838.13
[100,30]   [20,10,5] (10)   57.5398
[100,30]   [20,10,5] (15)   60.0502
[100,30]   [20,10,5] (20)   69.2154
[100,30]   [20,10,5] (25)   79.1099
[100,30]   [20,10,5] (30)   89.0329
[100,30]   [20,10,10] (0)   7674.82
[100,30]   [20,10,10] (5)   1714.07
[100,30]   [20,10,10] (10)   74.1798
[100,30]   [20,10,10] (15)   78.4166
[100,30]   [20,10,10] (20)   86.3118
[100,30]   [20,10,10] (25)   94.6367
[100,30]   [20,10,10] (30)   102.728
[100,30]   [20,10,15] (0)   7666.31
[100,30]   [20,10,15] (5)   103.097
[100,30]   [20,10,15] (10)   79.4854
[100,30]   [20,10,15] (15)   86.0528
[100,30]   [20,10,15] (20)   94.1469
[100,30]   [20,10,15] (25)   102.145
[100,30]   [20,10,15] (30)   110.38
[100,30]   [20,10,20] (0)   7712.39
[100,30]   [20,10,20] (5)   126.698
[100,30]   [20,10,20] (10)   92.9325
[100,30]   [20,10,20] (15)   99.7915
[100,30]   [20,10,20] (20)   107.476
[100,30]   [20,10,20] (25)   115.47
[100,30]   [20,10,20] (30)   123.408
[100,30]   [20,20,5] (0)   117.165
[100,30]   [20,20,5] (5)   117.359
[100,30]   [20,20,5] (10)   102.741
[100,30]   [20,20,5] (15)   91.0105
[100,30]   [20,20,5] (20)   97.6619
[100,30]   [20,20,5] (25)   105.536
[100,30]   [20,20,5] (30)   113.861
[100,30]   [20,20,10] (0)   116.963
[100,30]   [20,20,10] (5)   119.905
[100,30]   [20,20,10] (10)   107.857
[100,30]   [20,20,10] (15)   104.167
[100,30]   [20,20,10] (20)   110.953
[100,30]   [20,20,10] (25)   119.446
[100,30]   [20,20,10] (30)   127.052
[100,30]   [20,20,15] (0)   117.129
[100,30]   [20,20,15] (5)   116.26
[100,30]   [20,20,15] (10)   104.48
[100,30]   [20,20,15] (15)   106.878
[100,30]   [20,20,15] (20)   114.075
[100,30]   [20,20,15] (25)   122.394
[100,30]   [20,20,15] (30)   129.821
[100,30]   [20,20,20] (0)   116.007
[100,30]   [20,20,20] (5)   118.429
[100,30]   [20,20,20] (10)   111.72
[100,30]   [20,20,20] (15)   116.46
[100,30]   [20,20,20] (20)   123.433
[100,30]   [20,20,20] (25)   131.313
[100,30]   [20,20,20] (30)   139.216
[100,30]   [20,30,5] (0)   6183.54
[100,30]   [20,30,5] (5)   6188.85
[100,30]   [20,30,5] (10)   6127.58
[100,30]   [20,30,5] (15)   6277.7
[100,30]   [20,30,5] (20)   6110.84
[100,30]   [20,30,5] (25)   6114.84
[100,30]   [20,30,5] (30)   5431.5
[100,30]   [20,30,10] (0)   6176.64
[100,30]   [20,30,10] (5)   6267.03
[100,30]   [20,30,10] (10)   6146.74
[100,30]   [20,30,10] (15)   6143.77
[100,30]   [20,30,10] (20)   6074.56
[100,30]   [20,30,10] (25)   6114.01
[100,30]   [20,30,10] (30)   6168.55
[100,30]   [20,30,15] (0)   6051.7
[100,30]   [20,30,15] (5)   6234.2
[100,30]   [20,30,15] (10)   6179.06
[100,30]   [20,30,15] (15)   6187.49
[100,30]   [20,30,15] (20)   6077.8
[100,30]   [20,30,15] (25)   6135.83
[100,30]   [20,30,15] (30)   5903.36
[100,30]   [20,30,20] (0)   6081.19
[100,30]   [20,30,20] (5)   6133.74
[100,30]   [20,30,20] (10)   6138.24
[100,30]   [20,30,20] (15)   6207.17
[100,30]   [20,30,20] (20)   6147.82
[100,30]   [20,30,20] (25)   6165.55
[100,30]   [20,30,20] (30)   6143.54
[100,30]   [20,40,5] (0)   15435.3
[100,30]   [20,40,5] (5)   15540
[100,30]   [20,40,5] (10)   15379.4
[100,30]   [20,40,5] (15)   15408.3
[100,30]   [20,40,5] (20)   15556.2
[100,30]   [20,40,5] (25)   15542.5
[100,30]   [20,40,5] (30)   15690.4
[100,30]   [20,40,10] (0)   15376.1
[100,30]   [20,40,10] (5)   15402.1
[100,30]   [20,40,10] (10)   15369.1
[100,30]   [20,40,10] (15)   15500.7
[100,30]   [20,40,10] (20)   15527.3
[100,30]   [20,40,10] (25)   15634.4
[100,30]   [20,40,10] (30)   15633.3
[100,30]   [20,40,15] (0)   15412.5
[100,30]   [20,40,15] (5)   15456.3
[100,30]   [20,40,15] (10)   15388.9
[100,30]   [20,40,15] (15)   15468
[100,30]   [20,40,15] (20)   15532.2
[100,30]   [20,40,15] (25)   15547.1
[100,30]   [20,40,15] (30)   15228.6
[100,30]   [20,40,20] (0)   15601.9
[100,30]   [20,40,20] (5)   15436.7
[100,30]   [20,40,20] (10)   15604.4
[100,30]   [20,40,20] (15)   15422.3
[100,30]   [20,40,20] (20)   15524
[100,30]   [20,40,20] (25)   15535.8
[100,30]   [20,40,20] (30)   15418.1
[100,30]   [20,50,5] (0)   23053
[100,30]   [20,50,5] (5)   23169.1
[100,30]   [20,50,5] (10)   23074.9
[100,30]   [20,50,5] (15)   23191.8
[100,30]   [20,50,5] (20)   23027.4
[100,30]   [20,50,5] (25)   23213.1
[100,30]   [20,50,5] (30)   23004.9
[100,30]   [20,50,10] (0)   23055.2
[100,30]   [20,50,10] (5)   23124.1
[100,30]   [20,50,10] (10)   23021.1
[100,30]   [20,50,10] (15)   23035.3
[100,30]   [20,50,10] (20)   22910.9
[100,30]   [20,50,10] (25)   23074.4
[100,30]   [20,50,10] (30)   23136.9
[100,30]   [20,50,15] (0)   22862.9
[100,30]   [20,50,15] (5)   23101.2
[100,30]   [20,50,15] (10)   23048.2
[100,30]   [20,50,15] (15)   22924.4
[100,30]   [20,50,15] (20)   23117.2
[100,30]   [20,50,15] (25)   23118.3
[100,30]   [20,50,15] (30)   23072.9
[100,30]   [20,50,20] (0)   22952.2
[100,30]   [20,50,20] (5)   22992.5
[100,30]   [20,50,20] (10)   23060.3
[100,30]   [20,50,20] (15)   23205.7
[100,30]   [20,50,20] (20)   23119.3
[100,30]   [20,50,20] (25)   22744
[100,30]   [20,50,20] (30)   22956.1
[100,30]   [20,60,5] (0)   30485.9
[100,30]   [20,60,5] (5)   30405.3
[100,30]   [20,60,5] (10)   30525.8
[100,30]   [20,60,5] (15)   30314.6
[100,30]   [20,60,5] (20)   30454.4
[100,30]   [20,60,5] (25)   30382.1
[100,30]   [20,60,5] (30)   30559.6
[100,30]   [20,60,10] (0)   30528.3
[100,30]   [20,60,10] (5)   30515.1
[100,30]   [20,60,10] (10)   30409.1
[100,30]   [20,60,10] (15)   30392
[100,30]   [20,60,10] (20)   30512.3
[100,30]   [20,60,10] (25)   30520.6
[100,30]   [20,60,10] (30)   30377.6
[100,30]   [20,60,15] (0)   30512.5
[100,30]   [20,60,15] (5)   30487.8
[100,30]   [20,60,15] (10)   30560.4
[100,30]   [20,60,15] (15)   30446.3
[100,30]   [20,60,15] (20)   30445.1
[100,30]   [20,60,15] (25)   30531.3
[100,30]   [20,60,15] (30)   30384.1
[100,30]   [20,60,20] (0)   30482
[100,30]   [20,60,20] (5)   30500.7
[100,30]   [20,60,20] (10)   30538
[100,30]   [20,60,20] (15)   30518.2
[100,30]   [20,60,20] (20)   30307.7
[100,30]   [20,60,20] (25)   30498.8
[100,30]   [20,60,20] (30)   30406.1
[100,30]   [30,10,5] (0)   14577.8
[100,30]   [30,10,5] (5)   7863.78
[100,30]   [30,10,5] (10)   72.3307
[100,30]   [30,10,5] (15)   66.2926
[100,30]   [30,10,5] (20)   70.0148
[100,30]   [30,10,5] (25)   77.7517
[100,30]   [30,10,5] (30)   88.0255
[100,30]   [30,10,10] (0)   14897.6
[100,30]   [30,10,10] (5)   7759.02
[100,30]   [30,10,10] (10)   106.227
[100,30]   [30,10,10] (15)   84.0657
[100,30]   [30,10,10] (20)   86.0575
[100,30]   [30,10,10] (25)   93.3084
[100,30]   [30,10,10] (30)   101.921
[100,30]   [30,10,15] (0)   15035
[100,30]   [30,10,15] (5)   3920.89
[100,30]   [30,10,15] (10)   91.6637
[100,30]   [30,10,15] (15)   92.6044
[100,30]   [30,10,15] (20)   96.7189
[100,30]   [30,10,15] (25)   103.975
[100,30]   [30,10,15] (30)   112.278
[100,30]   [30,10,20] (0)   14904.6
[100,30]   [30,10,20] (5)   3282.99
[100,30]   [30,10,20] (10)   99.803
[100,30]   [30,10,20] (15)   101.684
[100,30]   [30,10,20] (20)   110.038
[100,30]   [30,10,20] (25)   117.255
[100,30]   [30,10,20] (30)   124.858
[100,30]   [30,20,5] (0)   6447.31
[100,30]   [30,20,5] (5)   6615.86
[100,30]   [30,20,5] (10)   4412.73
[100,30]   [30,20,5] (15)   98.9299
[100,30]   [30,20,5] (20)   84.2637
[100,30]   [30,20,5] (25)   87.8436
[100,30]   [30,20,5] (30)   96.8763
[100,30]   [30,20,10] (0)   6525.91
[100,30]   [30,20,10] (5)   6535.56
[100,30]   [30,20,10] (10)   4567.65
[100,30]   [30,20,10] (15)   110.071
[100,30]   [30,20,10] (20)   103.92
[100,30]   [30,20,10] (25)   108.314
[100,30]   [30,20,10] (30)   116.23
[100,30]   [30,20,15] (0)   6524.34
[100,30]   [30,20,15] (5)   6509.28
[100,30]   [30,20,15] (10)   3295.77
[100,30]   [30,20,15] (15)   109.791
[100,30]   [30,20,15] (20)   112.21
[100,30]   [30,20,15] (25)   117.78
[100,30]   [30,20,15] (30)   125.858
[100,30]   [30,20,20] (0)   6557.05
[100,30]   [30,20,20] (5)   6504.83
[100,30]   [30,20,20] (10)   3503.2
[100,30]   [30,20,20] (15)   121.261
[100,30]   [30,20,20] (20)   122.911
[100,30]   [30,20,20] (25)   130.019
[100,30]   [30,20,20] (30)   137.117
[100,30]   [30,30,5] (0)   154.231
[100,30]   [30,30,5] (5)   154.235
[100,30]   [30,30,5] (10)   152.529
[100,30]   [30,30,5] (15)   143.727
[100,30]   [30,30,5] (20)   120.439
[100,30]   [30,30,5] (25)   116.502
[100,30]   [30,30,5] (30)   123.677
[100,30]   [30,30,10] (0)   155.481
[100,30]   [30,30,10] (5)   153.592
[100,30]   [30,30,10] (10)   154.48
[100,30]   [30,30,10] (15)   145.384
[100,30]   [30,30,10] (20)   131.442
[100,30]   [30,30,10] (25)   134.834
[100,30]   [30,30,10] (30)   142.682
[100,30]   [30,30,15] (0)   153.858
[100,30]   [30,30,15] (5)   151.782
[100,30]   [30,30,15] (10)   155.712
[100,30]   [30,30,15] (15)   142.719
[100,30]   [30,30,15] (20)   133.48
[100,30]   [30,30,15] (25)   138.994
[100,30]   [30,30,15] (30)   146.785
[100,30]   [30,30,20] (0)   155.162
[100,30]   [30,30,20] (5)   154.621
[100,30]   [30,30,20] (10)   153.875
[100,30]   [30,30,20] (15)   145.455
[100,30]   [30,30,20] (20)   143.192
[100,30]   [30,30,20] (25)   149.598
[100,30]   [30,30,20] (30)   157.174
[100,30]   [30,40,5] (0)   4028.66
[100,30]   [30,40,5] (5)   4253.61
[100,30]   [30,40,5] (10)   4133.53
[100,30]   [30,40,5] (15)   4116.54
[100,30]   [30,40,5] (20)   4171.88
[100,30]   [30,40,5] (25)   4150.24
[100,30]   [30,40,5] (30)   4154.58
[100,30]   [30,40,10] (0)   4156.36
[100,30]   [30,40,10] (5)   4282.89
[100,30]   [30,40,10] (10)   4184.52
[100,30]   [30,40,10] (15)   4213.16
[100,30]   [30,40,10] (20)   4204.22
[100,30]   [30,40,10] (25)   4100.07
[100,30]   [30,40,10] (30)   4037.99
[100,30]   [30,40,15] (0)   4149.48
[100,30]   [30,40,15] (5)   4229.85
[100,30]   [30,40,15] (10)   4053.98
[100,30]   [30,40,15] (15)   4189.87
[100,30]   [30,40,15] (20)   4190.78
[100,30]   [30,40,15] (25)   4053.65
[100,30]   [30,40,15] (30)   4127
[100,30]   [30,40,20] (0)   4089.66
[100,30]   [30,40,20] (5)   4179.72
[100,30]   [30,40,20] (10)   4158.46
[100,30]   [30,40,20] (15)   4204.46
[100,30]   [30,40,20] (20)   4135.18
[100,30]   [30,40,20] (25)   4131.68
[100,30]   [30,40,20] (30)   4190.97
[100,30]   [30,50,5] (0)   11748.8
[100,30]   [30,50,5] (5)   11616
[100,30]   [30,50,5] (10)   11823.1
[100,30]   [30,50,5] (15)   11576.5
[100,30]   [30,50,5] (20)   11595.8
[100,30]   [30,50,5] (25)   11761.9
[100,30]   [30,50,5] (30)   11736.2
[100,30]   [30,50,10] (0)   11780.9
[100,30]   [30,50,10] (5)   11666.5
[100,30]   [30,50,10] (10)   11822.8
[100,30]   [30,50,10] (15)   11828.4
[100,30]   [30,50,10] (20)   11784.3
[100,30]   [30,50,10] (25)   11498.9
[100,30]   [30,50,10] (30)   11812
[100,30]   [30,50,15] (0)   11872.4
[100,30]   [30,50,15] (5)   11835.2
[100,30]   [30,50,15] (10)   11657.8
[100,30]   [30,50,15] (15)   11835.7
[100,30]   [30,50,15] (20)   11844.4
[100,30]   [30,50,15] (25)   11769.8
[100,30]   [30,50,15] (30)   11648
[100,30]   [30,50,20] (0)   11699.6
[100,30]   [30,50,20] (5)   11890.5
[100,30]   [30,50,20] (10)   11686.3
[100,30]   [30,50,20] (15)   11771.3
[100,30]   [30,50,20] (20)   11771
[100,30]   [30,50,20] (25)   11606.8
[100,30]   [30,50,20] (30)   11591.9
[100,30]   [30,60,5] (0)   19269.8
[100,30]   [30,60,5] (5)   19448.4
[100,30]   [30,60,5] (10)   19515
[100,30]   [30,60,5] (15)   19521.3
[100,30]   [30,60,5] (20)   19308.3
[100,30]   [30,60,5] (25)   19387.4
[100,30]   [30,60,5] (30)   19337.5
[100,30]   [30,60,10] (0)   19632.2
[100,30]   [30,60,10] (5)   19337.7
[100,30]   [30,60,10] (10)   19394.3
[100,30]   [30,60,10] (15)   19460.6
[100,30]   [30,60,10] (20)   19192.2
[100,30]   [30,60,10] (25)   19190.9
[100,30]   [30,60,10] (30)   19376.3
[100,30]   [30,60,15] (0)   19416.1
[100,30]   [30,60,15] (5)   19332.7
[100,30]   [30,60,15] (10)   19461.8
[100,30]   [30,60,15] (15)   19359.3
[100,30]   [30,60,15] (20)   19321.5
[100,30]   [30,60,15] (25)   19468.8
[100,30]   [30,60,15] (30)   19589.8
[100,30]   [30,60,20] (0)   19549.9
[100,30]   [30,60,20] (5)   19431.1
[100,30]   [30,60,20] (10)   19622.2
[100,30]   [30,60,20] (15)   19587.6
[100,30]   [30,60,20] (20)   19628
[100,30]   [30,60,20] (25)   19480.6
[100,30]   [30,60,20] (30)   19583.6
[100,30]   [40,10,5] (0)   21072.9
[100,30]   [40,10,5] (5)   13017
[100,30]   [40,10,5] (10)   126.656
[100,30]   [40,10,5] (15)   75.3026
[100,30]   [40,10,5] (20)   76.5274
[100,30]   [40,10,5] (25)   80.8126
[100,30]   [40,10,5] (30)   86.9482
[100,30]   [40,10,10] (0)   21417.8
[100,30]   [40,10,10] (5)   13403.3
[100,30]   [40,10,10] (10)   3901.84
[100,30]   [40,10,10] (15)   99.1331
[100,30]   [40,10,10] (20)   93.9369
[100,30]   [40,10,10] (25)   96.1696
[100,30]   [40,10,10] (30)   101.782
[100,30]   [40,10,15] (0)   20649.4
[100,30]   [40,10,15] (5)   9622.73
[100,30]   [40,10,15] (10)   1626.19
[100,30]   [40,10,15] (15)   105.548
[100,30]   [40,10,15] (20)   103.591
[100,30]   [40,10,15] (25)   107.518
[100,30]   [40,10,15] (30)   113.341
[100,30]   [40,10,20] (0)   21348.8
[100,30]   [40,10,20] (5)   8810.33
[100,30]   [40,10,20] (10)   119.117
[100,30]   [40,10,20] (15)   117.199
[100,30]   [40,10,20] (20)   119.082
[100,30]   [40,10,20] (25)   122.667
[100,30]   [40,10,20] (30)   128.764
[100,30]   [40,20,5] (0)   12676
[100,30]   [40,20,5] (5)   12701.4
[100,30]   [40,20,5] (10)   10029.7
[100,30]   [40,20,5] (15)   293.03
[100,30]   [40,20,5] (20)   94.8617
[100,30]   [40,20,5] (25)   89.9846
[100,30]   [40,20,5] (30)   94.2814
[100,30]   [40,20,10] (0)   12574
[100,30]   [40,20,10] (5)   12626.3
[100,30]   [40,20,10] (10)   10442.9
[100,30]   [40,20,10] (15)   1963.89
[100,30]   [40,20,10] (20)   114.052
[100,30]   [40,20,10] (25)   108.71
[100,30]   [40,20,10] (30)   112.784
[100,30]   [40,20,15] (0)   12637.8
[100,30]   [40,20,15] (5)   12600.6
[100,30]   [40,20,15] (10)   9029.8
[100,30]   [40,20,15] (15)   135.647
[100,30]   [40,20,15] (20)   118.158
[100,30]   [40,20,15] (25)   117.448
[100,30]   [40,20,15] (30)   122.434
[100,30]   [40,20,20] (0)   12671.3
[100,30]   [40,20,20] (5)   12689.5
[100,30]   [40,20,20] (10)   9240.64
[100,30]   [40,20,20] (15)   133.915
[100,30]   [40,20,20] (20)   127.248
[100,30]   [40,20,20] (25)   131.435
[100,30]   [40,20,20] (30)   137.759
[100,30]   [40,30,5] (0)   5586.04
[100,30]   [40,30,5] (5)   5595.23
[100,30]   [40,30,5] (10)   5597.91
[100,30]   [40,30,5] (15)   4320.39
[100,30]   [40,30,5] (20)   141.249
[100,30]   [40,30,5] (25)   112.931
[100,30]   [40,30,5] (30)   109.403
[100,30]   [40,30,10] (0)   5566.65
[100,30]   [40,30,10] (5)   5544.86
[100,30]   [40,30,10] (10)   5608.79
[100,30]   [40,30,10] (15)   4565.52
[100,30]   [40,30,10] (20)   155.464
[100,30]   [40,30,10] (25)   132.551
[100,30]   [40,30,10] (30)   132.573
[100,30]   [40,30,15] (0)   5576.56
[100,30]   [40,30,15] (5)   5678.73
[100,30]   [40,30,15] (10)   5569.41
[100,30]   [40,30,15] (15)   3413.15
[100,30]   [40,30,15] (20)   143.704
[100,30]   [40,30,15] (25)   136.875
[100,30]   [40,30,15] (30)   139.986
[100,30]   [40,30,20] (0)   5627.99
[100,30]   [40,30,20] (5)   5615.6
[100,30]   [40,30,20] (10)   5660.1
[100,30]   [40,30,20] (15)   3815.08
[100,30]   [40,30,20] (20)   151.612
[100,30]   [40,30,20] (25)   149.028
[100,30]   [40,30,20] (30)   154.154
[100,30]   [40,40,5] (0)   190.797
[100,30]   [40,40,5] (5)   190.36
[100,30]   [40,40,5] (10)   189.815
[100,30]   [40,40,5] (15)   188.26
[100,30]   [40,40,5] (20)   186.171
[100,30]   [40,40,5] (25)   163.859
[100,30]   [40,40,5] (30)   147.954
[100,30]   [40,40,10] (0)   188.774
[100,30]   [40,40,10] (5)   188.451
[100,30]   [40,40,10] (10)   190.044
[100,30]   [40,40,10] (15)   189.022
[100,30]   [40,40,10] (20)   184.949
[100,30]   [40,40,10] (25)   169.516
[100,30]   [40,40,10] (30)   165.349
[100,30]   [40,40,15] (0)   189.124
[100,30]   [40,40,15] (5)   188.701
[100,30]   [40,40,15] (10)   188.173
[100,30]   [40,40,15] (15)   188.748
[100,30]   [40,40,15] (20)   183.71
[100,30]   [40,40,15] (25)   168.033
[100,30]   [40,40,15] (30)   168.765
[100,30]   [40,40,20] (0)   188.587
[100,30]   [40,40,20] (5)   188.373
[100,30]   [40,40,20] (10)   188.508
[100,30]   [40,40,20] (15)   190.383
[100,30]   [40,40,20] (20)   183.826
[100,30]   [40,40,20] (25)   175.136
[100,30]   [40,40,20] (30)   177.704
[100,30]   [40,50,5] (0)   2806.84
[100,30]   [40,50,5] (5)   2759.56
[100,30]   [40,50,5] (10)   2806.49
[100,30]   [40,50,5] (15)   2633.13
[100,30]   [40,50,5] (20)   2607.21
[100,30]   [40,50,5] (25)   2700.98
[100,30]   [40,50,5] (30)   2738.16
[100,30]   [40,50,10] (0)   2670.56
[100,30]   [40,50,10] (5)   2649.56
[100,30]   [40,50,10] (10)   2852.62
[100,30]   [40,50,10] (15)   2785.9
[100,30]   [40,50,10] (20)   2648.68
[100,30]   [40,50,10] (25)   2531.99
[100,30]   [40,50,10] (30)   2661.43
[100,30]   [40,50,15] (0)   2818.9
[100,30]   [40,50,15] (5)   2715.12
[100,30]   [40,50,15] (10)   2749.67
[100,30]   [40,50,15] (15)   2854.51
[100,30]   [40,50,15] (20)   2743.23
[100,30]   [40,50,15] (25)   2672.36
[100,30]   [40,50,15] (30)   2570.72
[100,30]   [40,50,20] (0)   2671.93
[100,30]   [40,50,20] (5)   2673.17
[100,30]   [40,50,20] (10)   2681.2
[100,30]   [40,50,20] (15)   2723.2
[100,30]   [40,50,20] (20)   2653.7
[100,30]   [40,50,20] (25)   2714.82
[100,30]   [40,50,20] (30)   2766.99
[100,30]   [40,60,5] (0)   10464.8
[100,30]   [40,60,5] (5)   10454.7
[100,30]   [40,60,5] (10)   10375.5
[100,30]   [40,60,5] (15)   10513.7
[100,30]   [40,60,5] (20)   10405
[100,30]   [40,60,5] (25)   10293.2
[100,30]   [40,60,5] (30)   10386.3
[100,30]   [40,60,10] (0)   10390.2
[100,30]   [40,60,10] (5)   10435.6
[100,30]   [40,60,10] (10)   10515.3
[100,30]   [40,60,10] (15)   10194.6
[100,30]   [40,60,10] (20)   10344.8
[100,30]   [40,60,10] (25)   10144.9
[100,30]   [40,60,10] (30)   10353.6
[100,30]   [40,60,15] (0)   10465.1
[100,30]   [40,60,15] (5)   10461.1
[100,30]   [40,60,15] (10)   10386.8
[100,30]   [40,60,15] (15)   10442.5
[100,30]   [40,60,15] (20)   10421.4
[100,30]   [40,60,15] (25)   10394.9
[100,30]   [40,60,15] (30)   10353.4
[100,30]   [40,60,20] (0)   10147.3
[100,30]   [40,60,20] (5)   10474.7
[100,30]   [40,60,20] (10)   10197
[100,30]   [40,60,20] (15)   10428.8
[100,30]   [40,60,20] (20)   10352.9
[100,30]   [40,60,20] (25)   10539
[100,30]   [40,60,20] (30)   10223.8
[100,30]   [50,10,5] (0)   26440
[100,30]   [50,10,5] (5)   17437.9
[100,30]   [50,10,5] (10)   3204.03
[100,30]   [50,10,5] (15)   87.6135
[100,30]   [50,10,5] (20)   84.566
[100,30]   [50,10,5] (25)   87.8793
[100,30]   [50,10,5] (30)   89.5082
[100,30]   [50,10,10] (0)   26463.7
[100,30]   [50,10,10] (5)   19001.6
[100,30]   [50,10,10] (10)   8463.76
[100,30]   [50,10,10] (15)   1974.78
[100,30]   [50,10,10] (20)   108.96
[100,30]   [50,10,10] (25)   104.773
[100,30]   [50,10,10] (30)   106.209
[100,30]   [50,10,15] (0)   27093
[100,30]   [50,10,15] (5)   14979.7
[100,30]   [50,10,15] (10)   6233.18
[100,30]   [50,10,15] (15)   227.497
[100,30]   [50,10,15] (20)   114.357
[100,30]   [50,10,15] (25)   114.766
[100,30]   [50,10,15] (30)   117.065
[100,30]   [50,10,20] (0)   26904.8
[100,30]   [50,10,20] (5)   14135.2
[100,30]   [50,10,20] (10)   4223.96
[100,30]   [50,10,20] (15)   2515.61
[100,30]   [50,10,20] (20)   130.838
[100,30]   [50,10,20] (25)   128.786
[100,30]   [50,10,20] (30)   132.437
[100,30]   [50,20,5] (0)   18629.2
[100,30]   [50,20,5] (5)   18613.7
[100,30]   [50,20,5] (10)   15498.8
[100,30]   [50,20,5] (15)   3988.48
[100,30]   [50,20,5] (20)   112.823
[100,30]   [50,20,5] (25)   98.9947
[100,30]   [50,20,5] (30)   98.8898
[100,30]   [50,20,10] (0)   18711.3
[100,30]   [50,20,10] (5)   18583.7
[100,30]   [50,20,10] (10)   16612.5
[100,30]   [50,20,10] (15)   6892.99
[100,30]   [50,20,10] (20)   743.505
[100,30]   [50,20,10] (25)   122.225
[100,30]   [50,20,10] (30)   116.762
[100,30]   [50,20,15] (0)   18644.7
[100,30]   [50,20,15] (5)   18602.4
[100,30]   [50,20,15] (10)   14402.2
[100,30]   [50,20,15] (15)   3585.71
[100,30]   [50,20,15] (20)   150.079
[100,30]   [50,20,15] (25)   125.607
[100,30]   [50,20,15] (30)   125.723
[100,30]   [50,20,20] (0)   18728.8
[100,30]   [50,20,20] (5)   18613.9
[100,30]   [50,20,20] (10)   15310
[100,30]   [50,20,20] (15)   1618.89
[100,30]   [50,20,20] (20)   152.613
[100,30]   [50,20,20] (25)   140.237
[100,30]   [50,20,20] (30)   140.784
[100,30]   [50,30,5] (0)   11799
[100,30]   [50,30,5] (5)   11807
[100,30]   [50,30,5] (10)   11854.7
[100,30]   [50,30,5] (15)   10194.3
[100,30]   [50,30,5] (20)   1889.45
[100,30]   [50,30,5] (25)   129.314
[100,30]   [50,30,5] (30)   113.133
[100,30]   [50,30,10] (0)   11742.4
[100,30]   [50,30,10] (5)   11825.5
[100,30]   [50,30,10] (10)   11927.8
[100,30]   [50,30,10] (15)   10714.6
[100,30]   [50,30,10] (20)   3675.29
[100,30]   [50,30,10] (25)   154.646
[100,30]   [50,30,10] (30)   135.848
[100,30]   [50,30,15] (0)   11783.9
[100,30]   [50,30,15] (5)   11741
[100,30]   [50,30,15] (10)   11867
[100,30]   [50,30,15] (15)   9532.11
[100,30]   [50,30,15] (20)   850.635
[100,30]   [50,30,15] (25)   149.078
[100,30]   [50,30,15] (30)   140.853
[100,30]   [50,30,20] (0)   11753.5
[100,30]   [50,30,20] (5)   11765.7
[100,30]   [50,30,20] (10)   11784.9
[100,30]   [50,30,20] (15)   10006.6
[100,30]   [50,30,20] (20)   214.693
[100,30]   [50,30,20] (25)   154.727
[100,30]   [50,30,20] (30)   154.202
[100,30]   [50,40,5] (0)   5690.56
[100,30]   [50,40,5] (5)   5589.33
[100,30]   [50,40,5] (10)   5661.27
[100,30]   [50,40,5] (15)   5604.22
[100,30]   [50,40,5] (20)   5090.62
[100,30]   [50,40,5] (25)   770.588
[100,30]   [50,40,5] (30)   151.748
[100,30]   [50,40,10] (0)   5625.48
[100,30]   [50,40,10] (5)   5635.52
[100,30]   [50,40,10] (10)   5669.98
[100,30]   [50,40,10] (15)   5578.31
[100,30]   [50,40,10] (20)   5195.77
[100,30]   [50,40,10] (25)   1275.2
[100,30]   [50,40,10] (30)   169.353
[100,30]   [50,40,15] (0)   5671.2
[100,30]   [50,40,15] (5)   5617.84
[100,30]   [50,40,15] (10)   5673.61
[100,30]   [50,40,15] (15)   5627.57
[100,30]   [50,40,15] (20)   4802.62
[100,30]   [50,40,15] (25)   230.645
[100,30]   [50,40,15] (30)   166.678
[100,30]   [50,40,20] (0)   5691.85
[100,30]   [50,40,20] (5)   5694.95
[100,30]   [50,40,20] (10)   5685.49
[100,30]   [50,40,20] (15)   5658.96
[100,30]   [50,40,20] (20)   4942.31
[100,30]   [50,40,20] (25)   209.433
[100,30]   [50,40,20] (30)   175.525
[100,30]   [50,50,5] (0)   872.345
[100,30]   [50,50,5] (5)   895.427
[100,30]   [50,50,5] (10)   772.225
[100,30]   [50,50,5] (15)   760.704
[100,30]   [50,50,5] (20)   830.681
[100,30]   [50,50,5] (25)   655.515
[100,30]   [50,50,5] (30)   205.61
[100,30]   [50,50,10] (0)   850.8
[100,30]   [50,50,10] (5)   824.68
[100,30]   [50,50,10] (10)   867.391
[100,30]   [50,50,10] (15)   876.391
[100,30]   [50,50,10] (20)   861.986
[100,30]   [50,50,10] (25)   638.712
[100,30]   [50,50,10] (30)   210.424
[100,30]   [50,50,15] (0)   858.947
[100,30]   [50,50,15] (5)   900.522
[100,30]   [50,50,15] (10)   903.33
[100,30]   [50,50,15] (15)   805.871
[100,30]   [50,50,15] (20)   915.636
[100,30]   [50,50,15] (25)   580.106
[100,30]   [50,50,15] (30)   201.632
[100,30]   [50,50,20] (0)   832.254
[100,30]   [50,50,20] (5)   820.188
[100,30]   [50,50,20] (10)   786.836
[100,30]   [50,50,20] (15)   864.121
[100,30]   [50,50,20] (20)   872.012
[100,30]   [50,50,20] (25)   595.333
[100,30]   [50,50,20] (30)   206.893
[100,30]   [50,60,5] (0)   1417.62
[100,30]   [50,60,5] (5)   1290.85
[100,30]   [50,60,5] (10)   1317.85
[100,30]   [50,60,5] (15)   1430.05
[100,30]   [50,60,5] (20)   1516.37
[100,30]   [50,60,5] (25)   1499.43
[100,30]   [50,60,5] (30)   1379.86
[100,30]   [50,60,10] (0)   1414.86
[100,30]   [50,60,10] (5)   1355.09
[100,30]   [50,60,10] (10)   1544.66
[100,30]   [50,60,10] (15)   1333.71
[100,30]   [50,60,10] (20)   1433.69
[100,30]   [50,60,10] (25)   1315.52
[100,30]   [50,60,10] (30)   1321.07
[100,30]   [50,60,15] (0)   1483.62
[100,30]   [50,60,15] (5)   1318.48
[100,30]   [50,60,15] (10)   1398.94
[100,30]   [50,60,15] (15)   1304.13
[100,30]   [50,60,15] (20)   1326.61
[100,30]   [50,60,15] (25)   1362.66
[100,30]   [50,60,15] (30)   1513.42
[100,30]   [50,60,20] (0)   1466.51
[100,30]   [50,60,20] (5)   1509.13
[100,30]   [50,60,20] (10)   1660.18
[100,30]   [50,60,20] (15)   1368.64
[100,30]   [50,60,20] (20)   1516.66
[100,30]   [50,60,20] (25)   1370.89
[100,30]   [50,60,20] (30)   1401.72
[100,30]   [60,10,5] (0)   31931.4
[100,30]   [60,10,5] (5)   22438.5
[100,30]   [60,10,5] (10)   6035.06
[100,30]   [60,10,5] (15)   113.616
[100,30]   [60,10,5] (20)   92.8635
[100,30]   [60,10,5] (25)   93.2486
[100,30]   [60,10,5] (30)   98.5348
[100,30]   [60,10,10] (0)   30858.2
[100,30]   [60,10,10] (5)   23273.2
[100,30]   [60,10,10] (10)   12240.1
[100,30]   [60,10,10] (15)   5226.65
[100,30]   [60,10,10] (20)   580.939
[100,30]   [60,10,10] (25)   116.043
[100,30]   [60,10,10] (30)   114.384
[100,30]   [60,10,15] (0)   31553.2
[100,30]   [60,10,15] (5)   19203.4
[100,30]   [60,10,15] (10)   10407.8
[100,30]   [60,10,15] (15)   3630.8
[100,30]   [60,10,15] (20)   140.944
[100,30]   [60,10,15] (25)   124.617
[100,30]   [60,10,15] (30)   125.078
[100,30]   [60,10,20] (0)   31730.6
[100,30]   [60,10,20] (5)   19195.1
[100,30]   [60,10,20] (10)   8440.11
[100,30]   [60,10,20] (15)   6624.38
[100,30]   [60,10,20] (20)   161.442
[100,30]   [60,10,20] (25)   138.603
[100,30]   [60,10,20] (30)   140.12
[100,30]   [60,20,5] (0)   23492.3
[100,30]   [60,20,5] (5)   23478.3
[100,30]   [60,20,5] (10)   20273.2
[100,30]   [60,20,5] (15)   7593.51
[100,30]   [60,20,5] (20)   159.39
[100,30]   [60,20,5] (25)   107.994
[100,30]   [60,20,5] (30)   100.692
[100,30]   [60,20,10] (0)   23582
[100,30]   [60,20,10] (5)   23413.8
[100,30]   [60,20,10] (10)   21449.7
[100,30]   [60,20,10] (15)   11059.6
[100,30]   [60,20,10] (20)   4317.64
[100,30]   [60,20,10] (25)   160.462
[100,30]   [60,20,10] (30)   127.66
[100,30]   [60,20,15] (0)   23452.6
[100,30]   [60,20,15] (5)   23504.9
[100,30]   [60,20,15] (10)   19132.5
[100,30]   [60,20,15] (15)   7666.22
[100,30]   [60,20,15] (20)   2887.33
[100,30]   [60,20,15] (25)   141.702
[100,30]   [60,20,15] (30)   135.263
[100,30]   [60,20,20] (0)   23517.6
[100,30]   [60,20,20] (5)   23486.1
[100,30]   [60,20,20] (10)   19933.6
[100,30]   [60,20,20] (15)   5885.95
[100,30]   [60,20,20] (20)   3262.94
[100,30]   [60,20,20] (25)   168.117
[100,30]   [60,20,20] (30)   147.331
[100,30]   [60,30,5] (0)   16924.4
[100,30]   [60,30,5] (5)   16765.3
[100,30]   [60,30,5] (10)   16676.4
[100,30]   [60,30,5] (15)   14776.3
[100,30]   [60,30,5] (20)   5542.79
[100,30]   [60,30,5] (25)   152.972
[100,30]   [60,30,5] (30)   122.669
[100,30]   [60,30,10] (0)   16736.7
[100,30]   [60,30,10] (5)   16821.3
[100,30]   [60,30,10] (10)   16805.2
[100,30]   [60,30,10] (15)   15513.6
[100,30]   [60,30,10] (20)   7928.53
[100,30]   [60,30,10] (25)   1650.93
[100,30]   [60,30,10] (30)   151.879
[100,30]   [60,30,15] (0)   16781.8
[100,30]   [60,30,15] (5)   16800.3
[100,30]   [60,30,15] (10)   16726.6
[100,30]   [60,30,15] (15)   14289.1
[100,30]   [60,30,15] (20)   4765.94
[100,30]   [60,30,15] (25)   231.083
[100,30]   [60,30,15] (30)   151.651
[100,30]   [60,30,20] (0)   16805.9
[100,30]   [60,30,20] (5)   16822.5
[100,30]   [60,30,20] (10)   16826.9
[100,30]   [60,30,20] (15)   14695.3
[100,30]   [60,30,20] (20)   3704.68
[100,30]   [60,30,20] (25)   189.881
[100,30]   [60,30,20] (30)   166.285
[100,30]   [60,40,5] (0)   10687.6
[100,30]   [60,40,5] (5)   10714.5
[100,30]   [60,40,5] (10)   10696.4
[100,30]   [60,40,5] (15)   10674.2
[100,30]   [60,40,5] (20)   9908.54
[100,30]   [60,40,5] (25)   4703.48
[100,30]   [60,40,5] (30)   175.446
[100,30]   [60,40,10] (0)   10667.9
[100,30]   [60,40,10] (5)   10661.2
[100,30]   [60,40,10] (10)   10659.5
[100,30]   [60,40,10] (15)   10678.8
[100,30]   [60,40,10] (20)   10228.8
[100,30]   [60,40,10] (25)   5843.94
[100,30]   [60,40,10] (30)   285.805
[100,30]   [60,40,15] (0)   10679.7
[100,30]   [60,40,15] (5)   10721.1
[100,30]   [60,40,15] (10)   10695.3
[100,30]   [60,40,15] (15)   10722.3
[100,30]   [60,40,15] (20)   9585.55
[100,30]   [60,40,15] (25)   3865.6
[100,30]   [60,40,15] (30)   183.81
[100,30]   [60,40,20] (0)   10634.7
[100,30]   [60,40,20] (5)   10611.2
[100,30]   [60,40,20] (10)   10640.2
[100,30]   [60,40,20] (15)   10655.3
[100,30]   [60,40,20] (20)   9948.56
[100,30]   [60,40,20] (25)   3170.35
[100,30]   [60,40,20] (30)   185.796
[100,30]   [60,50,5] (0)   5786.59
[100,30]   [60,50,5] (5)   5809.11
[100,30]   [60,50,5] (10)   5687.88
[100,30]   [60,50,5] (15)   5810.01
[100,30]   [60,50,5] (20)   5804.77
[100,30]   [60,50,5] (25)   5437.56
[100,30]   [60,50,5] (30)   2383.27
[100,30]   [60,50,10] (0)   5797.64
[100,30]   [60,50,10] (5)   5755.76
[100,30]   [60,50,10] (10)   5847.64
[100,30]   [60,50,10] (15)   5784.32
[100,30]   [60,50,10] (20)   5773.75
[100,30]   [60,50,10] (25)   5559.66
[100,30]   [60,50,10] (30)   3077.43
[100,30]   [60,50,15] (0)   5745.25
[100,30]   [60,50,15] (5)   5713.03
[100,30]   [60,50,15] (10)   5838.09
[100,30]   [60,50,15] (15)   5830.23
[100,30]   [60,50,15] (20)   5679.54
[100,30]   [60,50,15] (25)   5332.07
[100,30]   [60,50,15] (30)   1250.67
[100,30]   [60,50,20] (0)   5810.03
[100,30]   [60,50,20] (5)   5722.39
[100,30]   [60,50,20] (10)   5768.72
[100,30]   [60,50,20] (15)   5813.69
[100,30]   [60,50,20] (20)   5771.48
[100,30]   [60,50,20] (25)   5365.1
[100,30]   [60,50,20] (30)   923.907
[100,30]   [60,60,5] (0)   836.752
[100,30]   [60,60,5] (5)   930.252
[100,30]   [60,60,5] (10)   917.727
[100,30]   [60,60,5] (15)   852.604
[100,30]   [60,60,5] (20)   787.433
[100,30]   [60,60,5] (25)   872.561
[100,30]   [60,60,5] (30)   823.092
[100,30]   [60,60,10] (0)   786.855
[100,30]   [60,60,10] (5)   876.194
[100,30]   [60,60,10] (10)   892.039
[100,30]   [60,60,10] (15)   763.021
[100,30]   [60,60,10] (20)   824.287
[100,30]   [60,60,10] (25)   855.698
[100,30]   [60,60,10] (30)   814.642
[100,30]   [60,60,15] (0)   839.107
[100,30]   [60,60,15] (5)   969.786
[100,30]   [60,60,15] (10)   855.96
[100,30]   [60,60,15] (15)   901.509
[100,30]   [60,60,15] (20)   817.055
[100,30]   [60,60,15] (25)   876.654
[100,30]   [60,60,15] (30)   680.3
[100,30]   [60,60,20] (0)   897.979
[100,30]   [60,60,20] (5)   951.29
[100,30]   [60,60,20] (10)   859.563
[100,30]   [60,60,20] (15)   916.043
[100,30]   [60,60,20] (20)   880.31
[100,30]   [60,60,20] (25)   877.59
[100,30]   [60,60,20] (30)   823.15
