[30,10]   [10,10,5] (0)   69.7166
[30,10]   [10,10,5] (5)   43.7914
[30,10]   [10,10,5] (10)   47.1675
[30,10]   [10,10,5] (15)   57.552
[30,10]   [10,10,5] (20)   68.0665
[30,10]   [10,10,5] (25)   78.7638
[30,10]   [10,10,5] (30)   89.3244
[30,10]   [10,10,10] (0)   70.0799
[30,10]   [10,10,10] (5)   53.3359
[30,10]   [10,10,10] (10)   60.2951
[30,10]   [10,10,10] (15)   69.1596
[30,10]   [10,10,10] (20)   77.9571
[30,10]   [10,10,10] (25)   86.733
[30,10]   [10,10,10] (30)   95.546
[30,10]   [10,10,15] (0)   66.2643
[30,10]   [10,10,15] (5)   53.7029
[30,10]   [10,10,15] (10)   61.5147
[30,10]   [10,10,15] (15)   70.9382
[30,10]   [10,10,15] (20)   80.1526
[30,10]   [10,10,15] (25)   89.2364
[30,10]   [10,10,15] (30)   98.56
[30,10]   [10,10,20] (0)   65.077
[30,10]   [10,10,20] (5)   62.3495
[30,10]   [10,10,20] (10)   70.2392
[30,10]   [10,10,20] (15)   79.1152
[30,10]   [10,10,20] (20)   87.8469
[30,10]   [10,10,20] (25)   96.4293
[30,10]   [10,10,20] (30)   105.027
[30,10]   [10,20,5] (0)   6475.92
[30,10]   [10,20,5] (5)   6507.51
[30,10]   [10,20,5] (10)   6407.04
[30,10]   [10,20,5] (15)   6502.1
[30,10]   [10,20,5] (20)   6525.02
[30,10]   [10,20,5] (25)   5317.75
[30,10]   [10,20,5] (30)   4743.85
[30,10]   [10,20,10] (0)   6450.16
[30,10]   [10,20,10] (5)   6480.8
[30,10]   [10,20,10] (10)   6454.73
[30,10]   [10,20,10] (15)   6483.37
[30,10]   [10,20,10] (20)   6421.82
[30,10]   [10,20,10] (25)   6403.9
[30,10]   [10,20,10] (30)   6482.38
[30,10]   [10,20,15] (0)   6561.54
[30,10]   [10,20,15] (5)   6599.68
[30,10]   [10,20,15] (10)   6412.77
[30,10]   [10,20,15] (15)   6379.61
[30,10]   [10,20,15] (20)   6375.69
[30,10]   [10,20,15] (25)   3239.24
[30,10]   [10,20,15] (30)   4655.12
[30,10]   [10,20,20] (0)   6475.59
[30,10]   [10,20,20] (5)   6550.09
[30,10]   [10,20,20] (10)   6505.13
[30,10]   [10,20,20] (15)   6531.57
[30,10]   [10,20,20] (20)   6539.19
[30,10]   [10,20,20] (25)   6547.34
[30,10]   [10,20,20] (30)   6465.4
[30,10]   [10,30,5] (0)   13737
[30,10]   [10,30,5] (5)   13682.2
[30,10]   [10,30,5] (10)   13885.4
[30,10]   [10,30,5] (15)   13778.7
[30,10]   [10,30,5] (20)   13817.7
[30,10]   [10,30,5] (25)   13847.2
[30,10]   [10,30,5] (30)   13398.3
[30,10]   [10,30,10] (0)   13707.8
[30,10]   [10,30,10] (5)   13862.3
[30,10]   [10,30,10] (10)   13854.1
[30,10]   [10,30,10] (15)   13812.7
[30,10]   [10,30,10] (20)   13853.1
[30,10]   [10,30,10] (25)   14039
[30,10]   [10,30,10] (30)   15972.4
[30,10]   [10,30,15] (0)   13830.3
[30,10]   [10,30,15] (5)   13815.1
[30,10]   [10,30,15] (10)   14009
[30,10]   [10,30,15] (15)   14006.8
[30,10]   [10,30,15] (20)   13829.7
[30,10]   [10,30,15] (25)   13715.5
[30,10]   [10,30,15] (30)   12084.7
[30,10]   [10,30,20] (0)   13777.8
[30,10]   [10,30,20] (5)   13828.4
[30,10]   [10,30,20] (10)   13903.7
[30,10]   [10,30,20] (15)   13732.5
[30,10]   [10,30,20] (20)   13837.8
[30,10]   [10,30,20] (25)   13755.4
[30,10]   [10,30,20] (30)   13978.4
[30,10]   [10,40,5] (0)   18475.5
[30,10]   [10,40,5] (5)   18520.1
[30,10]   [10,40,5] (10)   18448.1
[30,10]   [10,40,5] (15)   18601.1
[30,10]   [10,40,5] (20)   18569.5
[30,10]   [10,40,5] (25)   18569.3
[30,10]   [10,40,5] (30)   18541
[30,10]   [10,40,10] (0)   18394.4
[30,10]   [10,40,10] (5)   18500.8
[30,10]   [10,40,10] (10)   18567.9
[30,10]   [10,40,10] (15)   18466.8
[30,10]   [10,40,10] (20)   18411.6
[30,10]   [10,40,10] (25)   18554.4
[30,10]   [10,40,10] (30)   18765.1
[30,10]   [10,40,15] (0)   18520.4
[30,10]   [10,40,15] (5)   18398.6
[30,10]   [10,40,15] (10)   18519.9
[30,10]   [10,40,15] (15)   18504.2
[30,10]   [10,40,15] (20)   18392.8
[30,10]   [10,40,15] (25)   18538.1
[30,10]   [10,40,15] (30)   18614.1
[30,10]   [10,40,20] (0)   18324.9
[30,10]   [10,40,20] (5)   18543.4
[30,10]   [10,40,20] (10)   18593.4
[30,10]   [10,40,20] (15)   18558.9
[30,10]   [10,40,20] (20)   18494
[30,10]   [10,40,20] (25)   18443.9
[30,10]   [10,40,20] (30)   18556.6
[30,10]   [10,50,5] (0)   22481.5
[30,10]   [10,50,5] (5)   22476.8
[30,10]   [10,50,5] (10)   22482.7
[30,10]   [10,50,5] (15)   22534.5
[30,10]   [10,50,5] (20)   22415.1
[30,10]   [10,50,5] (25)   22490.3
[30,10]   [10,50,5] (30)   22407.1
[30,10]   [10,50,10] (0)   22374.9
[30,10]   [10,50,10] (5)   22488.2
[30,10]   [10,50,10] (10)   22393.6
[30,10]   [10,50,10] (15)   22514.8
[30,10]   [10,50,10] (20)   22491.6
[30,10]   [10,50,10] (25)   22482.6
[30,10]   [10,50,10] (30)   22431.1
[30,10]   [10,50,15] (0)   22469.6
[30,10]   [10,50,15] (5)   22509.5
[30,10]   [10,50,15] (10)   22456.1
[30,10]   [10,50,15] (15)   22487.7
[30,10]   [10,50,15] (20)   22395.3
[30,10]   [10,50,15] (25)   22481.9
[30,10]   [10,50,15] (30)   22541.9
[30,10]   [10,50,20] (0)   22502.4
[30,10]   [10,50,20] (5)   22547.4
[30,10]   [10,50,20] (10)   22397
[30,10]   [10,50,20] (15)   22522.9
[30,10]   [10,50,20] (20)   22485.4
[30,10]   [10,50,20] (25)   22532.3
[30,10]   [10,50,20] (30)   22620.2
[30,10]   [10,60,5] (0)   25207.6
[30,10]   [10,60,5] (5)   25210
[30,10]   [10,60,5] (10)   25244
[30,10]   [10,60,5] (15)   25270.3
[30,10]   [10,60,5] (20)   25222.6
[30,10]   [10,60,5] (25)   25239.1
[30,10]   [10,60,5] (30)   25195.8
[30,10]   [10,60,10] (0)   25212.3
[30,10]   [10,60,10] (5)   25215.3
[30,10]   [10,60,10] (10)   25211.8
[30,10]   [10,60,10] (15)   25189.3
[30,10]   [10,60,10] (20)   25197.8
[30,10]   [10,60,10] (25)   25174.4
[30,10]   [10,60,10] (30)   25203.9
[30,10]   [10,60,15] (0)   25164.5
[30,10]   [10,60,15] (5)   25182
[30,10]   [10,60,15] (10)   25181.1
[30,10]   [10,60,15] (15)   25225.3
[30,10]   [10,60,15] (20)   25205.4
[30,10]   [10,60,15] (25)   25158.9
[30,10]   [10,60,15] (30)   25200.9
[30,10]   [10,60,20] (0)   25306.7
[30,10]   [10,60,20] (5)   25168.3
[30,10]   [10,60,20] (10)   25318.4
[30,10]   [10,60,20] (15)   25211.3
[30,10]   [10,60,20] (20)   25178.9
[30,10]   [10,60,20] (25)   25108.6
[30,10]   [10,60,20] (30)   25171.5
[30,10]   [20,10,5] (0)   6721.93
[30,10]   [20,10,5] (5)   324.543
[30,10]   [20,10,5] (10)   47.4899
[30,10]   [20,10,5] (15)   52.9578
[30,10]   [20,10,5] (20)   62.3001
[30,10]   [20,10,5] (25)   72.7701
[30,10]   [20,10,5] (30)   83.1264
[30,10]   [20,10,10] (0)   6665.12
[30,10]   [20,10,10] (5)   1349.3
[30,10]   [20,10,10] (10)   63.7368
[30,10]   [20,10,10] (15)   69.4523
[30,10]   [20,10,10] (20)   77.5062
[30,10]   [20,10,10] (25)   85.8034
[30,10]   [20,10,10] (30)   94.3044
[30,10]   [20,10,15] (0)   6684.94
[30,10]   [20,10,15] (5)   73.7366
[30,10]   [20,10,15] (10)   63.0634
[30,10]   [20,10,15] (15)   70.1554
[30,10]   [20,10,15] (20)   78.6963
[30,10]   [20,10,15] (25)   87.4637
[30,10]   [20,10,15] (30)   96.3336
[30,10]   [20,10,20] (0)   6689.73
[30,10]   [20,10,20] (5)   104.161
[30,10]   [20,10,20] (10)   76.8446
[30,10]   [20,10,20] (15)   82.2541
[30,10]   [20,10,20] (20)   90.8031
[30,10]   [20,10,20] (25)   98.8635
[30,10]   [20,10,20] (30)   107.065
[30,10]   [20,20,5] (0)   79.5811
[30,10]   [20,20,5] (5)   77.5762
[30,10]   [20,20,5] (10)   74.3833
[30,10]   [20,20,5] (15)   64.6061
[30,10]   [20,20,5] (20)   71.7697
[30,10]   [20,20,5] (25)   80.7033
[30,10]   [20,20,5] (30)   89.7212
[30,10]   [20,20,10] (0)   78.6974
[30,10]   [20,20,10] (5)   79.3466
[30,10]   [20,20,10] (10)   79.363
[30,10]   [20,20,10] (15)   78.546
[30,10]   [20,20,10] (20)   86.1462
[30,10]   [20,20,10] (25)   94.4567
[30,10]   [20,20,10] (30)   102.541
[30,10]   [20,20,15] (0)   79.7981
[30,10]   [20,20,15] (5)   80.1061
[30,10]   [20,20,15] (10)   75.4803
[30,10]   [20,20,15] (15)   77.7996
[30,10]   [20,20,15] (20)   85.6939
[30,10]   [20,20,15] (25)   94.0095
[30,10]   [20,20,15] (30)   102.541
[30,10]   [20,20,20] (0)   78.645
[30,10]   [20,20,20] (5)   77.3842
[30,10]   [20,20,20] (10)   82.7144
[30,10]   [20,20,20] (15)   86.4125
[30,10]   [20,20,20] (20)   94.2313
[30,10]   [20,20,20] (25)   102.435
[30,10]   [20,20,20] (30)   110.399
[30,10]   [20,30,5] (0)   3279.29
[30,10]   [20,30,5] (5)   3173.8
[30,10]   [20,30,5] (10)   3198.47
[30,10]   [20,30,5] (15)   3267.85
[30,10]   [20,30,5] (20)   3117.95
[30,10]   [20,30,5] (25)   3215.04
[30,10]   [20,30,5] (30)   2983.98
[30,10]   [20,30,10] (0)   3193.12
[30,10]   [20,30,10] (5)   3204.75
[30,10]   [20,30,10] (10)   3179.32
[30,10]   [20,30,10] (15)   3211.23
[30,10]   [20,30,10] (20)   3284.03
[30,10]   [20,30,10] (25)   3141.57
[30,10]   [20,30,10] (30)   3196.83
[30,10]   [20,30,15] (0)   3197.39
[30,10]   [20,30,15] (5)   3211.1
[30,10]   [20,30,15] (10)   3136.01
[30,10]   [20,30,15] (15)   3162.05
[30,10]   [20,30,15] (20)   3217.32
[30,10]   [20,30,15] (25)   3174.35
[30,10]   [20,30,15] (30)   3036.71
[30,10]   [20,30,20] (0)   3226.22
[30,10]   [20,30,20] (5)   3105.65
[30,10]   [20,30,20] (10)   3218.67
[30,10]   [20,30,20] (15)   3205.78
[30,10]   [20,30,20] (20)   3130.47
[30,10]   [20,30,20] (25)   3252.2
[30,10]   [20,30,20] (30)   3227.99
[30,10]   [20,40,5] (0)   8726.5
[30,10]   [20,40,5] (5)   8946.49
[30,10]   [20,40,5] (10)   8734.13
[30,10]   [20,40,5] (15)   8828.34
[30,10]   [20,40,5] (20)   8872.93
[30,10]   [20,40,5] (25)   8706.63
[30,10]   [20,40,5] (30)   8746.14
[30,10]   [20,40,10] (0)   8844.31
[30,10]   [20,40,10] (5)   8788.04
[30,10]   [20,40,10] (10)   8663.6
[30,10]   [20,40,10] (15)   8720.15
[30,10]   [20,40,10] (20)   8838.18
[30,10]   [20,40,10] (25)   8725.81
[30,10]   [20,40,10] (30)   8783.12
[30,10]   [20,40,15] (0)   8774.78
[30,10]   [20,40,15] (5)   8751.71
[30,10]   [20,40,15] (10)   8762.34
[30,10]   [20,40,15] (15)   8787.7
[30,10]   [20,40,15] (20)   8851.81
[30,10]   [20,40,15] (25)   8755.55
[30,10]   [20,40,15] (30)   8752.67
[30,10]   [20,40,20] (0)   8833.04
[30,10]   [20,40,20] (5)   8755.27
[30,10]   [20,40,20] (10)   8779.43
[30,10]   [20,40,20] (15)   8687.94
[30,10]   [20,40,20] (20)   8735.13
[30,10]   [20,40,20] (25)   8877.8
[30,10]   [20,40,20] (30)   8689.01
[30,10]   [20,50,5] (0)   13192.6
[30,10]   [20,50,5] (5)   13148.2
[30,10]   [20,50,5] (10)   13245
[30,10]   [20,50,5] (15)   13198.7
[30,10]   [20,50,5] (20)   13141.2
[30,10]   [20,50,5] (25)   13227.7
[30,10]   [20,50,5] (30)   13193.6
[30,10]   [20,50,10] (0)   13128.5
[30,10]   [20,50,10] (5)   13112.7
[30,10]   [20,50,10] (10)   13293.7
[30,10]   [20,50,10] (15)   13128.6
[30,10]   [20,50,10] (20)   13126.2
[30,10]   [20,50,10] (25)   13181.1
[30,10]   [20,50,10] (30)   13245.7
[30,10]   [20,50,15] (0)   13294.1
[30,10]   [20,50,15] (5)   13045.6
[30,10]   [20,50,15] (10)   13399.1
[30,10]   [20,50,15] (15)   13186.2
[30,10]   [20,50,15] (20)   13046.1
[30,10]   [20,50,15] (25)   13099.4
[30,10]   [20,50,15] (30)   13097.1
[30,10]   [20,50,20] (0)   13235.6
[30,10]   [20,50,20] (5)   13183.5
[30,10]   [20,50,20] (10)   13086.2
[30,10]   [20,50,20] (15)   12982.8
[30,10]   [20,50,20] (20)   13185.4
[30,10]   [20,50,20] (25)   13133.7
[30,10]   [20,50,20] (30)   13170.2
[30,10]   [20,60,5] (0)   16715
[30,10]   [20,60,5] (5)   16732.3
[30,10]   [20,60,5] (10)   16576.2
[30,10]   [20,60,5] (15)   16762.2
[30,10]   [20,60,5] (20)   16518
[30,10]   [20,60,5] (25)   16668.7
[30,10]   [20,60,5] (30)   16783.7
[30,10]   [20,60,10] (0)   16655.7
[30,10]   [20,60,10] (5)   16829.7
[30,10]   [20,60,10] (10)   16559.3
[30,10]   [20,60,10] (15)   16680
[30,10]   [20,60,10] (20)   16665.3
[30,10]   [20,60,10] (25)   16707.3
[30,10]   [20,60,10] (30)   16607.6
[30,10]   [20,60,15] (0)   16829.8
[30,10]   [20,60,15] (5)   16653.4
[30,10]   [20,60,15] (10)   16624.7
[30,10]   [20,60,15] (15)   16635.2
[30,10]   [20,60,15] (20)   16736.8
[30,10]   [20,60,15] (25)   16730.4
[30,10]   [20,60,15] (30)   16711.3
[30,10]   [20,60,20] (0)   16720.9
[30,10]   [20,60,20] (5)   16737.6
[30,10]   [20,60,20] (10)   16682.1
[30,10]   [20,60,20] (15)   16633.5
[30,10]   [20,60,20] (20)   16634.6
[30,10]   [20,60,20] (25)   16766.3
[30,10]   [20,60,20] (30)   16732.8
[30,10]   [30,10,5] (0)   16978.1
[30,10]   [30,10,5] (5)   5024.26
[30,10]   [30,10,5] (10)   54.5763
[30,10]   [30,10,5] (15)   55.834
[30,10]   [30,10,5] (20)   60.5755
[30,10]   [30,10,5] (25)   68.4775
[30,10]   [30,10,5] (30)   79.3744
[30,10]   [30,10,10] (0)   16894.7
[30,10]   [30,10,10] (5)   6064.13
[30,10]   [30,10,10] (10)   87.4667
[30,10]   [30,10,10] (15)   72.4955
[30,10]   [30,10,10] (20)   75.9994
[30,10]   [30,10,10] (25)   83.082
[30,10]   [30,10,10] (30)   91.3648
[30,10]   [30,10,15] (0)   16786.7
[30,10]   [30,10,15] (5)   2179.1
[30,10]   [30,10,15] (10)   70.7722
[30,10]   [30,10,15] (15)   72.9789
[30,10]   [30,10,15] (20)   78.6474
[30,10]   [30,10,15] (25)   86.2021
[30,10]   [30,10,15] (30)   94.9289
[30,10]   [30,10,20] (0)   16734.1
[30,10]   [30,10,20] (5)   2732.24
[30,10]   [30,10,20] (10)   83.754
[30,10]   [30,10,20] (15)   84.3381
[30,10]   [30,10,20] (20)   89.8496
[30,10]   [30,10,20] (25)   96.4494
[30,10]   [30,10,20] (30)   105.216
[30,10]   [30,20,5] (0)   4605.7
[30,10]   [30,20,5] (5)   4600.39
[30,10]   [30,20,5] (10)   1914.24
[30,10]   [30,20,5] (15)   66.5306
[30,10]   [30,20,5] (20)   65.9322
[30,10]   [30,20,5] (25)   72.8388
[30,10]   [30,20,5] (30)   82.0178
[30,10]   [30,20,10] (0)   4636.27
[30,10]   [30,20,10] (5)   4695.69
[30,10]   [30,20,10] (10)   2690.12
[30,10]   [30,20,10] (15)   83.291
[30,10]   [30,20,10] (20)   82.746
[30,10]   [30,20,10] (25)   88.8235
[30,10]   [30,20,10] (30)   97.0349
[30,10]   [30,20,15] (0)   4651.13
[30,10]   [30,20,15] (5)   4681.67
[30,10]   [30,20,15] (10)   562.174
[30,10]   [30,20,15] (15)   79.5423
[30,10]   [30,20,15] (20)   82.376
[30,10]   [30,20,15] (25)   89.2115
[30,10]   [30,20,15] (30)   97.9178
[30,10]   [30,20,20] (0)   4636
[30,10]   [30,20,20] (5)   4578.59
[30,10]   [30,20,20] (10)   1038.16
[30,10]   [30,20,20] (15)   89.076
[30,10]   [30,20,20] (20)   92.8785
[30,10]   [30,20,20] (25)   100.424
[30,10]   [30,20,20] (30)   108.596
[30,10]   [30,30,5] (0)   103.141
[30,10]   [30,30,5] (5)   104.687
[30,10]   [30,30,5] (10)   102.409
[30,10]   [30,30,5] (15)   93.3225
[30,10]   [30,30,5] (20)   79.4242
[30,10]   [30,30,5] (25)   80.9974
[30,10]   [30,30,5] (30)   90.0021
[30,10]   [30,30,10] (0)   102.776
[30,10]   [30,30,10] (5)   104.997
[30,10]   [30,30,10] (10)   103.105
[30,10]   [30,30,10] (15)   97.4891
[30,10]   [30,30,10] (20)   94.3174
[30,10]   [30,30,10] (25)   98.8583
[30,10]   [30,30,10] (30)   107.162
[30,10]   [30,30,15] (0)   104.282
[30,10]   [30,30,15] (5)   102.558
[30,10]   [30,30,15] (10)   104.7
[30,10]   [30,30,15] (15)   93.7354
[30,10]   [30,30,15] (20)   91.2622
[30,10]   [30,30,15] (25)   97.5565
[30,10]   [30,30,15] (30)   105.749
[30,10]   [30,30,20] (0)   102.729
[30,10]   [30,30,20] (5)   104.894
[30,10]   [30,30,20] (10)   107.785
[30,10]   [30,30,20] (15)   97.0736
[30,10]   [30,30,20] (20)   98.197
[30,10]   [30,30,20] (25)   104.492
[30,10]   [30,30,20] (30)   112.903
[30,10]   [30,40,5] (0)   1133.66
[30,10]   [30,40,5] (5)   1159.61
[30,10]   [30,40,5] (10)   1175.47
[30,10]   [30,40,5] (15)   1067.1
[30,10]   [30,40,5] (20)   1082.12
[30,10]   [30,40,5] (25)   1003.17
[30,10]   [30,40,5] (30)   1068.71
[30,10]   [30,40,10] (0)   1031.75
[30,10]   [30,40,10] (5)   1116.93
[30,10]   [30,40,10] (10)   1041.92
[30,10]   [30,40,10] (15)   1065.53
[30,10]   [30,40,10] (20)   1152.76
[30,10]   [30,40,10] (25)   1086.44
[30,10]   [30,40,10] (30)   1093.67
[30,10]   [30,40,15] (0)   1066.74
[30,10]   [30,40,15] (5)   1052.36
[30,10]   [30,40,15] (10)   996.489
[30,10]   [30,40,15] (15)   1179.69
[30,10]   [30,40,15] (20)   1149.47
[30,10]   [30,40,15] (25)   1015.27
[30,10]   [30,40,15] (30)   1097.7
[30,10]   [30,40,20] (0)   1126.94
[30,10]   [30,40,20] (5)   1017.07
[30,10]   [30,40,20] (10)   1090.16
[30,10]   [30,40,20] (15)   1035.74
[30,10]   [30,40,20] (20)   1008.58
[30,10]   [30,40,20] (25)   1102.88
[30,10]   [30,40,20] (30)   999.298
[30,10]   [30,50,5] (0)   7139.17
[30,10]   [30,50,5] (5)   7058.71
[30,10]   [30,50,5] (10)   7103.99
[30,10]   [30,50,5] (15)   7222.46
[30,10]   [30,50,5] (20)   7171.53
[30,10]   [30,50,5] (25)   7241.53
[30,10]   [30,50,5] (30)   7295.5
[30,10]   [30,50,10] (0)   7308.33
[30,10]   [30,50,10] (5)   7137.26
[30,10]   [30,50,10] (10)   7250.7
[30,10]   [30,50,10] (15)   7337.38
[30,10]   [30,50,10] (20)   7275.92
[30,10]   [30,50,10] (25)   7135.35
[30,10]   [30,50,10] (30)   7184.31
[30,10]   [30,50,15] (0)   7258.94
[30,10]   [30,50,15] (5)   7256.83
[30,10]   [30,50,15] (10)   7311.97
[30,10]   [30,50,15] (15)   7248
[30,10]   [30,50,15] (20)   7143.65
[30,10]   [30,50,15] (25)   7148.16
[30,10]   [30,50,15] (30)   7071.06
[30,10]   [30,50,20] (0)   7208.95
[30,10]   [30,50,20] (5)   7262.46
[30,10]   [30,50,20] (10)   7251.74
[30,10]   [30,50,20] (15)   7193.01
[30,10]   [30,50,20] (20)   7222.67
[30,10]   [30,50,20] (25)   7195.61
[30,10]   [30,50,20] (30)   7272.87
[30,10]   [30,60,5] (0)   9545.72
[30,10]   [30,60,5] (5)   9513.24
[30,10]   [30,60,5] (10)   9670.41
[30,10]   [30,60,5] (15)   9689.26
[30,10]   [30,60,5] (20)   9669.05
[30,10]   [30,60,5] (25)   9489.86
[30,10]   [30,60,5] (30)   9572.8
[30,10]   [30,60,10] (0)   9656.89
[30,10]   [30,60,10] (5)   9647.8
[30,10]   [30,60,10] (10)   9621.94
[30,10]   [30,60,10] (15)   9567.79
[30,10]   [30,60,10] (20)   9586.95
[30,10]   [30,60,10] (25)   9619.23
[30,10]   [30,60,10] (30)   9636.87
[30,10]   [30,60,15] (0)   9571.28
[30,10]   [30,60,15] (5)   9560.79
[30,10]   [30,60,15] (10)   9723.41
[30,10]   [30,60,15] (15)   9601.8
[30,10]   [30,60,15] (20)   9602.8
[30,10]   [30,60,15] (25)   9641.62
[30,10]   [30,60,15] (30)   9498.68
[30,10]   [30,60,20] (0)   9476.85
[30,10]   [30,60,20] (5)   9643
[30,10]   [30,60,20] (10)   9602.72
[30,10]   [30,60,20] (15)   9353.92
[30,10]   [30,60,20] (20)   9592.73
[30,10]   [30,60,20] (25)   9681.34
[30,10]   [30,60,20] (30)   9446.44
[30,10]   [40,10,5] (0)   14912.6
[30,10]   [40,10,5] (5)   8275.52
[30,10]   [40,10,5] (10)   72.23
[30,10]   [40,10,5] (15)   59.7618
[30,10]   [40,10,5] (20)   63.4796
[30,10]   [40,10,5] (25)   68.9167
[30,10]   [40,10,5] (30)   75.8203
[30,10]   [40,10,10] (0)   14819.1
[30,10]   [40,10,10] (5)   9986.45
[30,10]   [40,10,10] (10)   2998.54
[30,10]   [40,10,10] (15)   81.1577
[30,10]   [40,10,10] (20)   79.6691
[30,10]   [40,10,10] (25)   83.396
[30,10]   [40,10,10] (30)   89.0899
[30,10]   [40,10,15] (0)   14864.1
[30,10]   [40,10,15] (5)   5613.39
[30,10]   [40,10,15] (10)   191.838
[30,10]   [40,10,15] (15)   79.2492
[30,10]   [40,10,15] (20)   87.113
[30,10]   [40,10,15] (25)   87.3058
[30,10]   [40,10,15] (30)   93.025
[30,10]   [40,10,20] (0)   14919.9
[30,10]   [40,10,20] (5)   6009.62
[30,10]   [40,10,20] (10)   97.8654
[30,10]   [40,10,20] (15)   94.0451
[30,10]   [40,10,20] (20)   94.5594
[30,10]   [40,10,20] (25)   96.5144
[30,10]   [40,10,20] (30)   103.138
[30,10]   [40,20,5] (0)   8318.83
[30,10]   [40,20,5] (5)   8292.58
[30,10]   [40,20,5] (10)   5420.35
[30,10]   [40,20,5] (15)   75.706
[30,10]   [40,20,5] (20)   69.8671
[30,10]   [40,20,5] (25)   72.2504
[30,10]   [40,20,5] (30)   77.9107
[30,10]   [40,20,10] (0)   8374.68
[30,10]   [40,20,10] (5)   8466.67
[30,10]   [40,20,10] (10)   6458.8
[30,10]   [40,20,10] (15)   690.54
[30,10]   [40,20,10] (20)   87.6885
[30,10]   [40,20,10] (25)   87.6673
[30,10]   [40,20,10] (30)   92.7612
[30,10]   [40,20,15] (0)   8319.83
[30,10]   [40,20,15] (5)   8382.74
[30,10]   [40,20,15] (10)   3997.22
[30,10]   [40,20,15] (15)   86.4509
[30,10]   [40,20,15] (20)   86.3157
[30,10]   [40,20,15] (25)   88.7575
[30,10]   [40,20,15] (30)   94.9187
[30,10]   [40,20,20] (0)   8414.68
[30,10]   [40,20,20] (5)   8266.87
[30,10]   [40,20,20] (10)   4858.69
[30,10]   [40,20,20] (15)   102.468
[30,10]   [40,20,20] (20)   94.4201
[30,10]   [40,20,20] (25)   100.402
[30,10]   [40,20,20] (30)   107.115
[30,10]   [40,30,5] (0)   3447.34
[30,10]   [40,30,5] (5)   3463.71
[30,10]   [40,30,5] (10)   3297.11
[30,10]   [40,30,5] (15)   2009.01
[30,10]   [40,30,5] (20)   86.3079
[30,10]   [40,30,5] (25)   78.5774
[30,10]   [40,30,5] (30)   82.0582
[30,10]   [40,30,10] (0)   3441.58
[30,10]   [40,30,10] (5)   3464.56
[30,10]   [40,30,10] (10)   3419.87
[30,10]   [40,30,10] (15)   2469.51
[30,10]   [40,30,10] (20)   102.669
[30,10]   [40,30,10] (25)   97.3841
[30,10]   [40,30,10] (30)   100.192
[30,10]   [40,30,15] (0)   3455.61
[30,10]   [40,30,15] (5)   3448.74
[30,10]   [40,30,15] (10)   3216.69
[30,10]   [40,30,15] (15)   1315.22
[30,10]   [40,30,15] (20)   97.0144
[30,10]   [40,30,15] (25)   94.6591
[30,10]   [40,30,15] (30)   99.3713
[30,10]   [40,30,20] (0)   3428.15
[30,10]   [40,30,20] (5)   3473.58
[30,10]   [40,30,20] (10)   3455.59
[30,10]   [40,30,20] (15)   1816.27
[30,10]   [40,30,20] (20)   105.07
[30,10]   [40,30,20] (25)   104.501
[30,10]   [40,30,20] (30)   110.857
[30,10]   [40,40,5] (0)   131.114
[30,10]   [40,40,5] (5)   130.096
[30,10]   [40,40,5] (10)   132.227
[30,10]   [40,40,5] (15)   131.725
[30,10]   [40,40,5] (20)   107.081
[30,10]   [40,40,5] (25)   94.6033
[30,10]   [40,40,5] (30)   90.5731
[30,10]   [40,40,10] (0)   129.992
[30,10]   [40,40,10] (5)   131.915
[30,10]   [40,40,10] (10)   130.089
[30,10]   [40,40,10] (15)   132.263
[30,10]   [40,40,10] (20)   110.672
[30,10]   [40,40,10] (25)   106.885
[30,10]   [40,40,10] (30)   108.71
[30,10]   [40,40,15] (0)   129.567
[30,10]   [40,40,15] (5)   132.407
[30,10]   [40,40,15] (10)   129.712
[30,10]   [40,40,15] (15)   134.111
[30,10]   [40,40,15] (20)   105.041
[30,10]   [40,40,15] (25)   102.337
[30,10]   [40,40,15] (30)   106.188
[30,10]   [40,40,20] (0)   130.934
[30,10]   [40,40,20] (5)   132.204
[30,10]   [40,40,20] (10)   130.747
[30,10]   [40,40,20] (15)   127.949
[30,10]   [40,40,20] (20)   111.6
[30,10]   [40,40,20] (25)   111.298
[30,10]   [40,40,20] (30)   117.84
[30,10]   [40,50,5] (0)   148.394
[30,10]   [40,50,5] (5)   141.526
[30,10]   [40,50,5] (10)   138.094
[30,10]   [40,50,5] (15)   147.164
[30,10]   [40,50,5] (20)   136.928
[30,10]   [40,50,5] (25)   148.318
[30,10]   [40,50,5] (30)   143.623
[30,10]   [40,50,10] (0)   137.52
[30,10]   [40,50,10] (5)   140.957
[30,10]   [40,50,10] (10)   148.125
[30,10]   [40,50,10] (15)   143.811
[30,10]   [40,50,10] (20)   140.831
[30,10]   [40,50,10] (25)   150.706
[30,10]   [40,50,10] (30)   146.322
[30,10]   [40,50,15] (0)   142.478
[30,10]   [40,50,15] (5)   141.117
[30,10]   [40,50,15] (10)   145.202
[30,10]   [40,50,15] (15)   148.206
[30,10]   [40,50,15] (20)   142.894
[30,10]   [40,50,15] (25)   136.562
[30,10]   [40,50,15] (30)   145.161
[30,10]   [40,50,20] (0)   147.032
[30,10]   [40,50,20] (5)   141.75
[30,10]   [40,50,20] (10)   137.842
[30,10]   [40,50,20] (15)   142.144
[30,10]   [40,50,20] (20)   143.046
[30,10]   [40,50,20] (25)   142.826
[30,10]   [40,50,20] (30)   153.479
[30,10]   [40,60,5] (0)   3756.95
[30,10]   [40,60,5] (5)   3769.23
[30,10]   [40,60,5] (10)   3808.83
[30,10]   [40,60,5] (15)   3784.86
[30,10]   [40,60,5] (20)   3676.76
[30,10]   [40,60,5] (25)   3814.83
[30,10]   [40,60,5] (30)   3725.23
[30,10]   [40,60,10] (0)   3786.2
[30,10]   [40,60,10] (5)   3771.97
[30,10]   [40,60,10] (10)   3749.79
[30,10]   [40,60,10] (15)   3744.76
[30,10]   [40,60,10] (20)   3851.85
[30,10]   [40,60,10] (25)   3845.78
[30,10]   [40,60,10] (30)   3710.13
[30,10]   [40,60,15] (0)   3734.92
[30,10]   [40,60,15] (5)   3839.9
[30,10]   [40,60,15] (10)   3787.5
[30,10]   [40,60,15] (15)   3750.57
[30,10]   [40,60,15] (20)   3805.06
[30,10]   [40,60,15] (25)   3690.39
[30,10]   [40,60,15] (30)   3865.54
[30,10]   [40,60,20] (0)   3801.58
[30,10]   [40,60,20] (5)   3673.66
[30,10]   [40,60,20] (10)   3771.55
[30,10]   [40,60,20] (15)   3854.06
[30,10]   [40,60,20] (20)   3855.11
[30,10]   [40,60,20] (25)   3703.91
[30,10]   [40,60,20] (30)   3790.41
[30,10]   [50,10,5] (0)   17305.4
[30,10]   [50,10,5] (5)   10569.9
[30,10]   [50,10,5] (10)   1346.08
[30,10]   [50,10,5] (15)   64.6884
[30,10]   [50,10,5] (20)   67.2354
[30,10]   [50,10,5] (25)   72.0444
[30,10]   [50,10,5] (30)   77.5608
[30,10]   [50,10,10] (0)   17166.8
[30,10]   [50,10,10] (5)   12436.5
[30,10]   [50,10,10] (10)   5962.68
[30,10]   [50,10,10] (15)   1097.68
[30,10]   [50,10,10] (20)   86.762
[30,10]   [50,10,10] (25)   87.701
[30,10]   [50,10,10] (30)   91.1769
[30,10]   [50,10,15] (0)   17501.7
[30,10]   [50,10,15] (5)   8484.4
[30,10]   [50,10,15] (10)   3000.6
[30,10]   [50,10,15] (15)   92.5727
[30,10]   [50,10,15] (20)   87.1234
[30,10]   [50,10,15] (25)   89.79
[30,10]   [50,10,15] (30)   92.9518
[30,10]   [50,10,20] (0)   17503.6
[30,10]   [50,10,20] (5)   9420.93
[30,10]   [50,10,20] (10)   2485.32
[30,10]   [50,10,20] (15)   1299.18
[30,10]   [50,10,20] (20)   98.9392
[30,10]   [50,10,20] (25)   98.5282
[30,10]   [50,10,20] (30)   103.289
[30,10]   [50,20,5] (0)   11242.6
[30,10]   [50,20,5] (5)   11127.6
[30,10]   [50,20,5] (10)   7890.61
[30,10]   [50,20,5] (15)   1323.54
[30,10]   [50,20,5] (20)   72.5818
[30,10]   [50,20,5] (25)   74.7175
[30,10]   [50,20,5] (30)   79.8608
[30,10]   [50,20,10] (0)   11282
[30,10]   [50,20,10] (5)   11266.3
[30,10]   [50,20,10] (10)   9261.2
[30,10]   [50,20,10] (15)   4066.03
[30,10]   [50,20,10] (20)   132.442
[30,10]   [50,20,10] (25)   91.8948
[30,10]   [50,20,10] (30)   93.8049
[30,10]   [50,20,15] (0)   11198.2
[30,10]   [50,20,15] (5)   11326.2
[30,10]   [50,20,15] (10)   6621.69
[30,10]   [50,20,15] (15)   963.636
[30,10]   [50,20,15] (20)   93.7851
[30,10]   [50,20,15] (25)   92.6857
[30,10]   [50,20,15] (30)   95.7452
[30,10]   [50,20,20] (0)   11327.8
[30,10]   [50,20,20] (5)   11185.8
[30,10]   [50,20,20] (10)   7772.64
[30,10]   [50,20,20] (15)   318.692
[30,10]   [50,20,20] (20)   105.263
[30,10]   [50,20,20] (25)   103.615
[30,10]   [50,20,20] (30)   106.128
[30,10]   [50,30,5] (0)   6605.37
[30,10]   [50,30,5] (5)   6657.94
[30,10]   [50,30,5] (10)   6470.7
[30,10]   [50,30,5] (15)   5608.33
[30,10]   [50,30,5] (20)   174.257
[30,10]   [50,30,5] (25)   81.2039
[30,10]   [50,30,5] (30)   83.0153
[30,10]   [50,30,10] (0)   6526.87
[30,10]   [50,30,10] (5)   6532.18
[30,10]   [50,30,10] (10)   6582.29
[30,10]   [50,30,10] (15)   6053.33
[30,10]   [50,30,10] (20)   1575.54
[30,10]   [50,30,10] (25)   104.451
[30,10]   [50,30,10] (30)   99.3864
[30,10]   [50,30,15] (0)   6531.8
[30,10]   [50,30,15] (5)   6535.02
[30,10]   [50,30,15] (10)   6472.67
[30,10]   [50,30,15] (15)   4741.31
[30,10]   [50,30,15] (20)   116.791
[30,10]   [50,30,15] (25)   98.9626
[30,10]   [50,30,15] (30)   99.4317
[30,10]   [50,30,20] (0)   6558.45
[30,10]   [50,30,20] (5)   6486.34
[30,10]   [50,30,20] (10)   6515.11
[30,10]   [50,30,20] (15)   5435.09
[30,10]   [50,30,20] (20)   131.309
[30,10]   [50,30,20] (25)   104.404
[30,10]   [50,30,20] (30)   107.475
[30,10]   [50,40,5] (0)   2758.2
[30,10]   [50,40,5] (5)   2773.79
[30,10]   [50,40,5] (10)   2721.66
[30,10]   [50,40,5] (15)   2772.72
[30,10]   [50,40,5] (20)   1979.48
[30,10]   [50,40,5] (25)   110.276
[30,10]   [50,40,5] (30)   91.1429
[30,10]   [50,40,10] (0)   2755.96
[30,10]   [50,40,10] (5)   2854.04
[30,10]   [50,40,10] (10)   2746.91
[30,10]   [50,40,10] (15)   2717.4
[30,10]   [50,40,10] (20)   2336.59
[30,10]   [50,40,10] (25)   134.104
[30,10]   [50,40,10] (30)   109.583
[30,10]   [50,40,15] (0)   2757.17
[30,10]   [50,40,15] (5)   2791.43
[30,10]   [50,40,15] (10)   2795.37
[30,10]   [50,40,15] (15)   2781.51
[30,10]   [50,40,15] (20)   1709.82
[30,10]   [50,40,15] (25)   109.52
[30,10]   [50,40,15] (30)   105.389
[30,10]   [50,40,20] (0)   2773.2
[30,10]   [50,40,20] (5)   2777.83
[30,10]   [50,40,20] (10)   2759.87
[30,10]   [50,40,20] (15)   2743.72
[30,10]   [50,40,20] (20)   1912.66
[30,10]   [50,40,20] (25)   117.563
[30,10]   [50,40,20] (30)   115.074
[30,10]   [50,50,5] (0)   133.243
[30,10]   [50,50,5] (5)   133.401
[30,10]   [50,50,5] (10)   133.693
[30,10]   [50,50,5] (15)   134.629
[30,10]   [50,50,5] (20)   130.541
[30,10]   [50,50,5] (25)   122.734
[30,10]   [50,50,5] (30)   110.856
[30,10]   [50,50,10] (0)   133.312
[30,10]   [50,50,10] (5)   131.927
[30,10]   [50,50,10] (10)   135.822
[30,10]   [50,50,10] (15)   138.82
[30,10]   [50,50,10] (20)   133.554
[30,10]   [50,50,10] (25)   129.099
[30,10]   [50,50,10] (30)   119.124
[30,10]   [50,50,15] (0)   134.423
[30,10]   [50,50,15] (5)   133.63
[30,10]   [50,50,15] (10)   134.156
[30,10]   [50,50,15] (15)   132.219
[30,10]   [50,50,15] (20)   131.526
[30,10]   [50,50,15] (25)   126.139
[30,10]   [50,50,15] (30)   114.424
[30,10]   [50,50,20] (0)   134.155
[30,10]   [50,50,20] (5)   136.31
[30,10]   [50,50,20] (10)   133.964
[30,10]   [50,50,20] (15)   132.341
[30,10]   [50,50,20] (20)   134.244
[30,10]   [50,50,20] (25)   130.137
[30,10]   [50,50,20] (30)   122.95
[30,10]   [50,60,5] (0)   129.67
[30,10]   [50,60,5] (5)   128.977
[30,10]   [50,60,5] (10)   128.172
[30,10]   [50,60,5] (15)   127.666
[30,10]   [50,60,5] (20)   128.201
[30,10]   [50,60,5] (25)   127.131
[30,10]   [50,60,5] (30)   125.98
[30,10]   [50,60,10] (0)   128.905
[30,10]   [50,60,10] (5)   128.784
[30,10]   [50,60,10] (10)   128.349
[30,10]   [50,60,10] (15)   128.588
[30,10]   [50,60,10] (20)   128.559
[30,10]   [50,60,10] (25)   129.287
[30,10]   [50,60,10] (30)   127.934
[30,10]   [50,60,15] (0)   128.734
[30,10]   [50,60,15] (5)   128.787
[30,10]   [50,60,15] (10)   127.364
[30,10]   [50,60,15] (15)   128.549
[30,10]   [50,60,15] (20)   128.558
[30,10]   [50,60,15] (25)   128.157
[30,10]   [50,60,15] (30)   125.832
[30,10]   [50,60,20] (0)   128.223
[30,10]   [50,60,20] (5)   128.811
[30,10]   [50,60,20] (10)   128.534
[30,10]   [50,60,20] (15)   127.765
[30,10]   [50,60,20] (20)   129.116
[30,10]   [50,60,20] (25)   128.696
[30,10]   [50,60,20] (30)   127.802
[30,10]   [60,10,5] (0)   19738.7
[30,10]   [60,10,5] (5)   13074.2
[30,10]   [60,10,5] (10)   3763.2
[30,10]   [60,10,5] (15)   74.3335
[30,10]   [60,10,5] (20)   72.254
[30,10]   [60,10,5] (25)   75.7699
[30,10]   [60,10,5] (30)   80.85
[30,10]   [60,10,10] (0)   19359.9
[30,10]   [60,10,10] (5)   14683.7
[30,10]   [60,10,10] (10)   8509.05
[30,10]   [60,10,10] (15)   3569.2
[30,10]   [60,10,10] (20)   247.842
[30,10]   [60,10,10] (25)   93.5187
[30,10]   [60,10,10] (30)   95.4942
[30,10]   [60,10,15] (0)   19172.3
[30,10]   [60,10,15] (5)   11317.6
[30,10]   [60,10,15] (10)   5524.69
[30,10]   [60,10,15] (15)   741.143
[30,10]   [60,10,15] (20)   96.8861
[30,10]   [60,10,15] (25)   95.2472
[30,10]   [60,10,15] (30)   98.2778
[30,10]   [60,10,20] (0)   19611.1
[30,10]   [60,10,20] (5)   11957.1
[30,10]   [60,10,20] (10)   5150.64
[30,10]   [60,10,20] (15)   3296.22
[30,10]   [60,10,20] (20)   109.67
[30,10]   [60,10,20] (25)   104.017
[30,10]   [60,10,20] (30)   107.767
[30,10]   [60,20,5] (0)   13707.7
[30,10]   [60,20,5] (5)   13504.8
[30,10]   [60,20,5] (10)   11023.9
[30,10]   [60,20,5] (15)   3481.96
[30,10]   [60,20,5] (20)   78.8451
[30,10]   [60,20,5] (25)   78.8037
[30,10]   [60,20,5] (30)   82.9657
[30,10]   [60,20,10] (0)   13497.8
[30,10]   [60,20,10] (5)   13834.9
[30,10]   [60,20,10] (10)   12473.9
[30,10]   [60,20,10] (15)   6245.92
[30,10]   [60,20,10] (20)   2074.57
[30,10]   [60,20,10] (25)   102.921
[30,10]   [60,20,10] (30)   98.1696
[30,10]   [60,20,15] (0)   13673.1
[30,10]   [60,20,15] (5)   13718.2
[30,10]   [60,20,15] (10)   10825.8
[30,10]   [60,20,15] (15)   3452.96
[30,10]   [60,20,15] (20)   205.742
[30,10]   [60,20,15] (25)   97.8605
[30,10]   [60,20,15] (30)   101.026
[30,10]   [60,20,20] (0)   13589.8
[30,10]   [60,20,20] (5)   13653.9
[30,10]   [60,20,20] (10)   11520.6
[30,10]   [60,20,20] (15)   2835.88
[30,10]   [60,20,20] (20)   1413.02
[30,10]   [60,20,20] (25)   115.249
[30,10]   [60,20,20] (30)   113.969
[30,10]   [60,30,5] (0)   9106.14
[30,10]   [60,30,5] (5)   9242.44
[30,10]   [60,30,5] (10)   9137.73
[30,10]   [60,30,5] (15)   7470
[30,10]   [60,30,5] (20)   2166.01
[30,10]   [60,30,5] (25)   86.6666
[30,10]   [60,30,5] (30)   85.9054
[30,10]   [60,30,10] (0)   9042.44
[30,10]   [60,30,10] (5)   9055.58
[30,10]   [60,30,10] (10)   9023.99
[30,10]   [60,30,10] (15)   8080.56
[30,10]   [60,30,10] (20)   4049.67
[30,10]   [60,30,10] (25)   352.376
[30,10]   [60,30,10] (30)   104.083
[30,10]   [60,30,15] (0)   9044.63
[30,10]   [60,30,15] (5)   9035.93
[30,10]   [60,30,15] (10)   9071.91
[30,10]   [60,30,15] (15)   6870.63
[30,10]   [60,30,15] (20)   1563.69
[30,10]   [60,30,15] (25)   109.806
[30,10]   [60,30,15] (30)   107.043
[30,10]   [60,30,20] (0)   9170.22
[30,10]   [60,30,20] (5)   9057.93
[30,10]   [60,30,20] (10)   8978.07
[30,10]   [60,30,20] (15)   7726.36
[30,10]   [60,30,20] (20)   1314.78
[30,10]   [60,30,20] (25)   118.22
[30,10]   [60,30,20] (30)   115.407
[30,10]   [60,40,5] (0)   5381.18
[30,10]   [60,40,5] (5)   5366.7
[30,10]   [60,40,5] (10)   5319.31
[30,10]   [60,40,5] (15)   5299.11
[30,10]   [60,40,5] (20)   4427.79
[30,10]   [60,40,5] (25)   804.467
[30,10]   [60,40,5] (30)   95.5389
[30,10]   [60,40,10] (0)   5327.44
[30,10]   [60,40,10] (5)   5360.02
[30,10]   [60,40,10] (10)   5333.05
[30,10]   [60,40,10] (15)   5355.02
[30,10]   [60,40,10] (20)   4912.02
[30,10]   [60,40,10] (25)   2117.16
[30,10]   [60,40,10] (30)   120.569
[30,10]   [60,40,15] (0)   5347.92
[30,10]   [60,40,15] (5)   5365.21
[30,10]   [60,40,15] (10)   5499.31
[30,10]   [60,40,15] (15)   5358.99
[30,10]   [60,40,15] (20)   4268.04
[30,10]   [60,40,15] (25)   245.062
[30,10]   [60,40,15] (30)   112.318
[30,10]   [60,40,20] (0)   5375.39
[30,10]   [60,40,20] (5)   5394.79
[30,10]   [60,40,20] (10)   5425.88
[30,10]   [60,40,20] (15)   5392.93
[30,10]   [60,40,20] (20)   4595.75
[30,10]   [60,40,20] (25)   228.017
[30,10]   [60,40,20] (30)   120.517
[30,10]   [60,50,5] (0)   2301.81
[30,10]   [60,50,5] (5)   2305.31
[30,10]   [60,50,5] (10)   2276.14
[30,10]   [60,50,5] (15)   2285.33
[30,10]   [60,50,5] (20)   2195.47
[30,10]   [60,50,5] (25)   1796.85
[30,10]   [60,50,5] (30)   135.731
[30,10]   [60,50,10] (0)   2347.35
[30,10]   [60,50,10] (5)   2289.22
[30,10]   [60,50,10] (10)   2332.98
[30,10]   [60,50,10] (15)   2248.81
[30,10]   [60,50,10] (20)   2306.89
[30,10]   [60,50,10] (25)   1989.06
[30,10]   [60,50,10] (30)   248.103
[30,10]   [60,50,15] (0)   2313.54
[30,10]   [60,50,15] (5)   2245.78
[30,10]   [60,50,15] (10)   2315.16
[30,10]   [60,50,15] (15)   2313.92
[30,10]   [60,50,15] (20)   2202.92
[30,10]   [60,50,15] (25)   1598.19
[30,10]   [60,50,15] (30)   127.417
[30,10]   [60,50,20] (0)   2247.21
[30,10]   [60,50,20] (5)   2281.77
[30,10]   [60,50,20] (10)   2251.82
[30,10]   [60,50,20] (15)   2281.23
[30,10]   [60,50,20] (20)   2251.26
[30,10]   [60,50,20] (25)   1822.91
[30,10]   [60,50,20] (30)   136.31
[30,10]   [60,60,5] (0)   136.479
[30,10]   [60,60,5] (5)   133.774
[30,10]   [60,60,5] (10)   134.446
[30,10]   [60,60,5] (15)   135.846
[30,10]   [60,60,5] (20)   131.893
[30,10]   [60,60,5] (25)   134.083
[30,10]   [60,60,5] (30)   134.254
[30,10]   [60,60,10] (0)   134.331
[30,10]   [60,60,10] (5)   133.315
[30,10]   [60,60,10] (10)   133.632
[30,10]   [60,60,10] (15)   133.332
[30,10]   [60,60,10] (20)   134.507
[30,10]   [60,60,10] (25)   136.008
[30,10]   [60,60,10] (30)   137.802
[30,10]   [60,60,15] (0)   135.08
[30,10]   [60,60,15] (5)   135.442
[30,10]   [60,60,15] (10)   133.431
[30,10]   [60,60,15] (15)   134.791
[30,10]   [60,60,15] (20)   138.583
[30,10]   [60,60,15] (25)   140.148
[30,10]   [60,60,15] (30)   136.984
[30,10]   [60,60,20] (0)   135.571
[30,10]   [60,60,20] (5)   135.235
[30,10]   [60,60,20] (10)   134.602
[30,10]   [60,60,20] (15)   134.377
[30,10]   [60,60,20] (20)   134.728
[30,10]   [60,60,20] (25)   134.74
[30,10]   [60,60,20] (30)   137.244
