[100,20]   [10,10,5] (0)   68.9117
[100,20]   [10,10,5] (5)   47.8502
[100,20]   [10,10,5] (10)   49.9039
[100,20]   [10,10,5] (15)   59.8523
[100,20]   [10,10,5] (20)   69.6269
[100,20]   [10,10,5] (25)   79.6561
[100,20]   [10,10,5] (30)   89.3786
[100,20]   [10,10,10] (0)   67.5027
[100,20]   [10,10,10] (5)   55.8444
[100,20]   [10,10,10] (10)   62.3121
[100,20]   [10,10,10] (15)   70.9002
[100,20]   [10,10,10] (20)   79.8914
[100,20]   [10,10,10] (25)   88.4047
[100,20]   [10,10,10] (30)   97.3824
[100,20]   [10,10,15] (0)   66.9086
[100,20]   [10,10,15] (5)   59.3302
[100,20]   [10,10,15] (10)   67.1182
[100,20]   [10,10,15] (15)   75.9803
[100,20]   [10,10,15] (20)   84.8427
[100,20]   [10,10,15] (25)   93.8024
[100,20]   [10,10,15] (30)   102.782
[100,20]   [10,10,20] (0)   66.7068
[100,20]   [10,10,20] (5)   66.5728
[100,20]   [10,10,20] (10)   75.1393
[100,20]   [10,10,20] (15)   83.5085
[100,20]   [10,10,20] (20)   91.9268
[100,20]   [10,10,20] (25)   100.79
[100,20]   [10,10,20] (30)   109.432
[100,20]   [10,20,5] (0)   9436.71
[100,20]   [10,20,5] (5)   9333.42
[100,20]   [10,20,5] (10)   9430.71
[100,20]   [10,20,5] (15)   9442.57
[100,20]   [10,20,5] (20)   9376.63
[100,20]   [10,20,5] (25)   8367.88
[100,20]   [10,20,5] (30)   7001.4
[100,20]   [10,20,10] (0)   9455.52
[100,20]   [10,20,10] (5)   9536
[100,20]   [10,20,10] (10)   9519.37
[100,20]   [10,20,10] (15)   9433.71
[100,20]   [10,20,10] (20)   9424.6
[100,20]   [10,20,10] (25)   8641.8
[100,20]   [10,20,10] (30)   7733.14
[100,20]   [10,20,15] (0)   9454.89
[100,20]   [10,20,15] (5)   9453.26
[100,20]   [10,20,15] (10)   9384.61
[100,20]   [10,20,15] (15)   9583.97
[100,20]   [10,20,15] (20)   9453.34
[100,20]   [10,20,15] (25)   8653.85
[100,20]   [10,20,15] (30)   6462.07
[100,20]   [10,20,20] (0)   9323.01
[100,20]   [10,20,20] (5)   9492.32
[100,20]   [10,20,20] (10)   9457.54
[100,20]   [10,20,20] (15)   9466.57
[100,20]   [10,20,20] (20)   9501.38
[100,20]   [10,20,20] (25)   8200.55
[100,20]   [10,20,20] (30)   7826.1
[100,20]   [10,30,5] (0)   17885.7
[100,20]   [10,30,5] (5)   17929
[100,20]   [10,30,5] (10)   17603.7
[100,20]   [10,30,5] (15)   17719.4
[100,20]   [10,30,5] (20)   17674.4
[100,20]   [10,30,5] (25)   17787.4
[100,20]   [10,30,5] (30)   17157.7
[100,20]   [10,30,10] (0)   18051.5
[100,20]   [10,30,10] (5)   17938.4
[100,20]   [10,30,10] (10)   17768.3
[100,20]   [10,30,10] (15)   17951.8
[100,20]   [10,30,10] (20)   17947.9
[100,20]   [10,30,10] (25)   17792.7
[100,20]   [10,30,10] (30)   18053.1
[100,20]   [10,30,15] (0)   17830.5
[100,20]   [10,30,15] (5)   17791.9
[100,20]   [10,30,15] (10)   17876.7
[100,20]   [10,30,15] (15)   17839.9
[100,20]   [10,30,15] (20)   17790.2
[100,20]   [10,30,15] (25)   17819.9
[100,20]   [10,30,15] (30)   15411.9
[100,20]   [10,30,20] (0)   17960.8
[100,20]   [10,30,20] (5)   17809.5
[100,20]   [10,30,20] (10)   18232.8
[100,20]   [10,30,20] (15)   18127.7
[100,20]   [10,30,20] (20)   17947.7
[100,20]   [10,30,20] (25)   17771
[100,20]   [10,30,20] (30)   17745.5
[100,20]   [10,40,5] (0)   26845.4
[100,20]   [10,40,5] (5)   27076.7
[100,20]   [10,40,5] (10)   27098.9
[100,20]   [10,40,5] (15)   27199
[100,20]   [10,40,5] (20)   26868.3
[100,20]   [10,40,5] (25)   27173.4
[100,20]   [10,40,5] (30)   27018.6
[100,20]   [10,40,10] (0)   27242.1
[100,20]   [10,40,10] (5)   27114.4
[100,20]   [10,40,10] (10)   27053
[100,20]   [10,40,10] (15)   27180.2
[100,20]   [10,40,10] (20)   26999.5
[100,20]   [10,40,10] (25)   27256.2
[100,20]   [10,40,10] (30)   27002.8
[100,20]   [10,40,15] (0)   27150.4
[100,20]   [10,40,15] (5)   27053.1
[100,20]   [10,40,15] (10)   26889.9
[100,20]   [10,40,15] (15)   27002.1
[100,20]   [10,40,15] (20)   26911.8
[100,20]   [10,40,15] (25)   26968.7
[100,20]   [10,40,15] (30)   26922
[100,20]   [10,40,20] (0)   26955.9
[100,20]   [10,40,20] (5)   27020.5
[100,20]   [10,40,20] (10)   26888.8
[100,20]   [10,40,20] (15)   26944.3
[100,20]   [10,40,20] (20)   27005.9
[100,20]   [10,40,20] (25)   26898.8
[100,20]   [10,40,20] (30)   26984.4
[100,20]   [10,50,5] (0)   36721.9
[100,20]   [10,50,5] (5)   36473.7
[100,20]   [10,50,5] (10)   36522.3
[100,20]   [10,50,5] (15)   36494.2
[100,20]   [10,50,5] (20)   36516.6
[100,20]   [10,50,5] (25)   36442.7
[100,20]   [10,50,5] (30)   36552.7
[100,20]   [10,50,10] (0)   36495.5
[100,20]   [10,50,10] (5)   36517.3
[100,20]   [10,50,10] (10)   36514.6
[100,20]   [10,50,10] (15)   36523.1
[100,20]   [10,50,10] (20)   36525.7
[100,20]   [10,50,10] (25)   36380.5
[100,20]   [10,50,10] (30)   36587.6
[100,20]   [10,50,15] (0)   36483
[100,20]   [10,50,15] (5)   36500.2
[100,20]   [10,50,15] (10)   36536.9
[100,20]   [10,50,15] (15)   36531.8
[100,20]   [10,50,15] (20)   36665.9
[100,20]   [10,50,15] (25)   36527.7
[100,20]   [10,50,15] (30)   36487.8
[100,20]   [10,50,20] (0)   36516.1
[100,20]   [10,50,20] (5)   36592.4
[100,20]   [10,50,20] (10)   36531.3
[100,20]   [10,50,20] (15)   36533.9
[100,20]   [10,50,20] (20)   36524.6
[100,20]   [10,50,20] (25)   36741.1
[100,20]   [10,50,20] (30)   36464.7
[100,20]   [10,60,5] (0)   40988.4
[100,20]   [10,60,5] (5)   41029.9
[100,20]   [10,60,5] (10)   40945.6
[100,20]   [10,60,5] (15)   41157.9
[100,20]   [10,60,5] (20)   40970.7
[100,20]   [10,60,5] (25)   40978.9
[100,20]   [10,60,5] (30)   40982.2
[100,20]   [10,60,10] (0)   40983.6
[100,20]   [10,60,10] (5)   41015.6
[100,20]   [10,60,10] (10)   40996.2
[100,20]   [10,60,10] (15)   40930.5
[100,20]   [10,60,10] (20)   41143.6
[100,20]   [10,60,10] (25)   40965.6
[100,20]   [10,60,10] (30)   40981.9
[100,20]   [10,60,15] (0)   40967.9
[100,20]   [10,60,15] (5)   41021.5
[100,20]   [10,60,15] (10)   40975.1
[100,20]   [10,60,15] (15)   40950.4
[100,20]   [10,60,15] (20)   40950.8
[100,20]   [10,60,15] (25)   41001.9
[100,20]   [10,60,15] (30)   40963.9
[100,20]   [10,60,20] (0)   40973.6
[100,20]   [10,60,20] (5)   41169.5
[100,20]   [10,60,20] (10)   40913.5
[100,20]   [10,60,20] (15)   40965
[100,20]   [10,60,20] (20)   41004.7
[100,20]   [10,60,20] (25)   40969.9
[100,20]   [10,60,20] (30)   40966.6
[100,20]   [20,10,5] (0)   7769.39
[100,20]   [20,10,5] (5)   1784.81
[100,20]   [20,10,5] (10)   52.393
[100,20]   [20,10,5] (15)   56.2312
[100,20]   [20,10,5] (20)   65.4479
[100,20]   [20,10,5] (25)   75.3691
[100,20]   [20,10,5] (30)   85.3276
[100,20]   [20,10,10] (0)   7644.27
[100,20]   [20,10,10] (5)   1754.2
[100,20]   [20,10,10] (10)   68.0132
[100,20]   [20,10,10] (15)   72.884
[100,20]   [20,10,10] (20)   80.8285
[100,20]   [20,10,10] (25)   89.1638
[100,20]   [20,10,10] (30)   97.5209
[100,20]   [20,10,15] (0)   7665.12
[100,20]   [20,10,15] (5)   90.1253
[100,20]   [20,10,15] (10)   73.5981
[100,20]   [20,10,15] (15)   80.5545
[100,20]   [20,10,15] (20)   88.5351
[100,20]   [20,10,15] (25)   96.7529
[100,20]   [20,10,15] (30)   105.207
[100,20]   [20,10,20] (0)   7718.41
[100,20]   [20,10,20] (5)   133.053
[100,20]   [20,10,20] (10)   87.3888
[100,20]   [20,10,20] (15)   93.0515
[100,20]   [20,10,20] (20)   100.71
[100,20]   [20,10,20] (25)   108.915
[100,20]   [20,10,20] (30)   116.779
[100,20]   [20,20,5] (0)   118.199
[100,20]   [20,20,5] (5)   118.984
[100,20]   [20,20,5] (10)   96.5844
[100,20]   [20,20,5] (15)   86.7783
[100,20]   [20,20,5] (20)   91.8927
[100,20]   [20,20,5] (25)   100.675
[100,20]   [20,20,5] (30)   108.442
[100,20]   [20,20,10] (0)   118.86
[100,20]   [20,20,10] (5)   116.772
[100,20]   [20,20,10] (10)   101.954
[100,20]   [20,20,10] (15)   98.7609
[100,20]   [20,20,10] (20)   106.236
[100,20]   [20,20,10] (25)   113.528
[100,20]   [20,20,10] (30)   121.92
[100,20]   [20,20,15] (0)   116.614
[100,20]   [20,20,15] (5)   116.126
[100,20]   [20,20,15] (10)   99.5933
[100,20]   [20,20,15] (15)   101.352
[100,20]   [20,20,15] (20)   109.614
[100,20]   [20,20,15] (25)   116.885
[100,20]   [20,20,15] (30)   124.36
[100,20]   [20,20,20] (0)   118.897
[100,20]   [20,20,20] (5)   120.059
[100,20]   [20,20,20] (10)   109.583
[100,20]   [20,20,20] (15)   116.689
[100,20]   [20,20,20] (20)   122.483
[100,20]   [20,20,20] (25)   130.7
[100,20]   [20,20,20] (30)   137.865
[100,20]   [20,30,5] (0)   6158.22
[100,20]   [20,30,5] (5)   5967.2
[100,20]   [20,30,5] (10)   6000.65
[100,20]   [20,30,5] (15)   6074.6
[100,20]   [20,30,5] (20)   6142.61
[100,20]   [20,30,5] (25)   5889.26
[100,20]   [20,30,5] (30)   5482.61
[100,20]   [20,30,10] (0)   6002.9
[100,20]   [20,30,10] (5)   5983.37
[100,20]   [20,30,10] (10)   5973.64
[100,20]   [20,30,10] (15)   5922.54
[100,20]   [20,30,10] (20)   6033.58
[100,20]   [20,30,10] (25)   6063.37
[100,20]   [20,30,10] (30)   5830.29
[100,20]   [20,30,15] (0)   5986.98
[100,20]   [20,30,15] (5)   6041.03
[100,20]   [20,30,15] (10)   6112.64
[100,20]   [20,30,15] (15)   6069.33
[100,20]   [20,30,15] (20)   5954.85
[100,20]   [20,30,15] (25)   6001.95
[100,20]   [20,30,15] (30)   4985.44
[100,20]   [20,30,20] (0)   6011.97
[100,20]   [20,30,20] (5)   5942.13
[100,20]   [20,30,20] (10)   6023.59
[100,20]   [20,30,20] (15)   6007.1
[100,20]   [20,30,20] (20)   5979.94
[100,20]   [20,30,20] (25)   6009.57
[100,20]   [20,30,20] (30)   6190.17
[100,20]   [20,40,5] (0)   17429.3
[100,20]   [20,40,5] (5)   17295.1
[100,20]   [20,40,5] (10)   17084.6
[100,20]   [20,40,5] (15)   17170.4
[100,20]   [20,40,5] (20)   17078.1
[100,20]   [20,40,5] (25)   17174.9
[100,20]   [20,40,5] (30)   17192.6
[100,20]   [20,40,10] (0)   17212
[100,20]   [20,40,10] (5)   17300.1
[100,20]   [20,40,10] (10)   17213.3
[100,20]   [20,40,10] (15)   17376.4
[100,20]   [20,40,10] (20)   17149.6
[100,20]   [20,40,10] (25)   17279
[100,20]   [20,40,10] (30)   16956.8
[100,20]   [20,40,15] (0)   17055.2
[100,20]   [20,40,15] (5)   17260.2
[100,20]   [20,40,15] (10)   17322
[100,20]   [20,40,15] (15)   17305.7
[100,20]   [20,40,15] (20)   17131.2
[100,20]   [20,40,15] (25)   17070.5
[100,20]   [20,40,15] (30)   17088.6
[100,20]   [20,40,20] (0)   17070.2
[100,20]   [20,40,20] (5)   17226.7
[100,20]   [20,40,20] (10)   16990.5
[100,20]   [20,40,20] (15)   17312.9
[100,20]   [20,40,20] (20)   17363.9
[100,20]   [20,40,20] (25)   17212.9
[100,20]   [20,40,20] (30)   17129.4
[100,20]   [20,50,5] (0)   22666.7
[100,20]   [20,50,5] (5)   22654.3
[100,20]   [20,50,5] (10)   22626.6
[100,20]   [20,50,5] (15)   22658.1
[100,20]   [20,50,5] (20)   22498.8
[100,20]   [20,50,5] (25)   22856.6
[100,20]   [20,50,5] (30)   22632
[100,20]   [20,50,10] (0)   22603.1
[100,20]   [20,50,10] (5)   22440.9
[100,20]   [20,50,10] (10)   22414.2
[100,20]   [20,50,10] (15)   22629.9
[100,20]   [20,50,10] (20)   22687.3
[100,20]   [20,50,10] (25)   22387.2
[100,20]   [20,50,10] (30)   22487.5
[100,20]   [20,50,15] (0)   22638.9
[100,20]   [20,50,15] (5)   22622.9
[100,20]   [20,50,15] (10)   22579.6
[100,20]   [20,50,15] (15)   22652.6
[100,20]   [20,50,15] (20)   22671.3
[100,20]   [20,50,15] (25)   22680.6
[100,20]   [20,50,15] (30)   22486.9
[100,20]   [20,50,20] (0)   22502
[100,20]   [20,50,20] (5)   22798.8
[100,20]   [20,50,20] (10)   22586.7
[100,20]   [20,50,20] (15)   22717.7
[100,20]   [20,50,20] (20)   22717.7
[100,20]   [20,50,20] (25)   22447.2
[100,20]   [20,50,20] (30)   22521.9
[100,20]   [20,60,5] (0)   34273.4
[100,20]   [20,60,5] (5)   34261.2
[100,20]   [20,60,5] (10)   34304.3
[100,20]   [20,60,5] (15)   34198.9
[100,20]   [20,60,5] (20)   34274
[100,20]   [20,60,5] (25)   34270.4
[100,20]   [20,60,5] (30)   34298
[100,20]   [20,60,10] (0)   34239.2
[100,20]   [20,60,10] (5)   34247.2
[100,20]   [20,60,10] (10)   34337.8
[100,20]   [20,60,10] (15)   34226.8
[100,20]   [20,60,10] (20)   34356.9
[100,20]   [20,60,10] (25)   34160.1
[100,20]   [20,60,10] (30)   34298.8
[100,20]   [20,60,15] (0)   34420.3
[100,20]   [20,60,15] (5)   34297.7
[100,20]   [20,60,15] (10)   34310.4
[100,20]   [20,60,15] (15)   34134.8
[100,20]   [20,60,15] (20)   34140.3
[100,20]   [20,60,15] (25)   34622.6
[100,20]   [20,60,15] (30)   34288.5
[100,20]   [20,60,20] (0)   34452.4
[100,20]   [20,60,20] (5)   34385.6
[100,20]   [20,60,20] (10)   34280.1
[100,20]   [20,60,20] (15)   34396.6
[100,20]   [20,60,20] (20)   34243.2
[100,20]   [20,60,20] (25)   34184.8
[100,20]   [20,60,20] (30)   34261.3
[100,20]   [30,10,5] (0)   14720.4
[100,20]   [30,10,5] (5)   7514.3
[100,20]   [30,10,5] (10)   65.4188
[100,20]   [30,10,5] (15)   62.2523
[100,20]   [30,10,5] (20)   66.9287
[100,20]   [30,10,5] (25)   74.7911
[100,20]   [30,10,5] (30)   84.9343
[100,20]   [30,10,10] (0)   14572.4
[100,20]   [30,10,10] (5)   7831.38
[100,20]   [30,10,10] (10)   96.8631
[100,20]   [30,10,10] (15)   78.1196
[100,20]   [30,10,10] (20)   81.4552
[100,20]   [30,10,10] (25)   88.4154
[100,20]   [30,10,10] (30)   96.8115
[100,20]   [30,10,15] (0)   14970.9
[100,20]   [30,10,15] (5)   4028.24
[100,20]   [30,10,15] (10)   85.0788
[100,20]   [30,10,15] (15)   87.2404
[100,20]   [30,10,15] (20)   91.7823
[100,20]   [30,10,15] (25)   99.1365
[100,20]   [30,10,15] (30)   107.358
[100,20]   [30,10,20] (0)   14544.6
[100,20]   [30,10,20] (5)   2911.82
[100,20]   [30,10,20] (10)   90.671
[100,20]   [30,10,20] (15)   95.5311
[100,20]   [30,10,20] (20)   102.816
[100,20]   [30,10,20] (25)   109.911
[100,20]   [30,10,20] (30)   117.761
[100,20]   [30,20,5] (0)   6473.19
[100,20]   [30,20,5] (5)   6547.96
[100,20]   [30,20,5] (10)   4288.41
[100,20]   [30,20,5] (15)   90.369
[100,20]   [30,20,5] (20)   78.8161
[100,20]   [30,20,5] (25)   83.4507
[100,20]   [30,20,5] (30)   92.6304
[100,20]   [30,20,10] (0)   6378.93
[100,20]   [30,20,10] (5)   6493.93
[100,20]   [30,20,10] (10)   4884.99
[100,20]   [30,20,10] (15)   102.018
[100,20]   [30,20,10] (20)   96.4654
[100,20]   [30,20,10] (25)   102.034
[100,20]   [30,20,10] (30)   110.045
[100,20]   [30,20,15] (0)   6578.84
[100,20]   [30,20,15] (5)   6403.47
[100,20]   [30,20,15] (10)   2976.86
[100,20]   [30,20,15] (15)   103.673
[100,20]   [30,20,15] (20)   104.631
[100,20]   [30,20,15] (25)   111.39
[100,20]   [30,20,15] (30)   119.164
[100,20]   [30,20,20] (0)   6529.23
[100,20]   [30,20,20] (5)   6374.86
[100,20]   [30,20,20] (10)   3213.75
[100,20]   [30,20,20] (15)   116.754
[100,20]   [30,20,20] (20)   118.028
[100,20]   [30,20,20] (25)   124.894
[100,20]   [30,20,20] (30)   132.592
[100,20]   [30,30,5] (0)   146.554
[100,20]   [30,30,5] (5)   145.172
[100,20]   [30,30,5] (10)   145.264
[100,20]   [30,30,5] (15)   133.116
[100,20]   [30,30,5] (20)   113.582
[100,20]   [30,30,5] (25)   110.174
[100,20]   [30,30,5] (30)   118.357
[100,20]   [30,30,10] (0)   145.891
[100,20]   [30,30,10] (5)   145.016
[100,20]   [30,30,10] (10)   144.503
[100,20]   [30,30,10] (15)   135.6
[100,20]   [30,30,10] (20)   123.668
[100,20]   [30,30,10] (25)   127.458
[100,20]   [30,30,10] (30)   135.336
[100,20]   [30,30,15] (0)   145.087
[100,20]   [30,30,15] (5)   144.092
[100,20]   [30,30,15] (10)   150.38
[100,20]   [30,30,15] (15)   133.534
[100,20]   [30,30,15] (20)   127.651
[100,20]   [30,30,15] (25)   133.294
[100,20]   [30,30,15] (30)   141.328
[100,20]   [30,30,20] (0)   147.265
[100,20]   [30,30,20] (5)   145.714
[100,20]   [30,30,20] (10)   144.811
[100,20]   [30,30,20] (15)   135.297
[100,20]   [30,30,20] (20)   133.85
[100,20]   [30,30,20] (25)   140.086
[100,20]   [30,30,20] (30)   147.952
[100,20]   [30,40,5] (0)   4171.88
[100,20]   [30,40,5] (5)   4285.55
[100,20]   [30,40,5] (10)   4120.2
[100,20]   [30,40,5] (15)   4258.23
[100,20]   [30,40,5] (20)   4198.55
[100,20]   [30,40,5] (25)   4200.7
[100,20]   [30,40,5] (30)   4177
[100,20]   [30,40,10] (0)   4114.95
[100,20]   [30,40,10] (5)   4146.06
[100,20]   [30,40,10] (10)   4182.84
[100,20]   [30,40,10] (15)   4269.74
[100,20]   [30,40,10] (20)   4120.37
[100,20]   [30,40,10] (25)   4242.54
[100,20]   [30,40,10] (30)   4136.87
[100,20]   [30,40,15] (0)   4336.12
[100,20]   [30,40,15] (5)   4309.11
[100,20]   [30,40,15] (10)   4070.92
[100,20]   [30,40,15] (15)   4093.29
[100,20]   [30,40,15] (20)   4160.58
[100,20]   [30,40,15] (25)   4121.23
[100,20]   [30,40,15] (30)   4060.93
[100,20]   [30,40,20] (0)   4135.81
[100,20]   [30,40,20] (5)   4019.89
[100,20]   [30,40,20] (10)   4287.87
[100,20]   [30,40,20] (15)   3973.2
[100,20]   [30,40,20] (20)   4093.63
[100,20]   [30,40,20] (25)   4180.43
[100,20]   [30,40,20] (30)   4275.91
[100,20]   [30,50,5] (0)   11631.9
[100,20]   [30,50,5] (5)   11662.1
[100,20]   [30,50,5] (10)   11672.8
[100,20]   [30,50,5] (15)   11566.6
[100,20]   [30,50,5] (20)   11727.2
[100,20]   [30,50,5] (25)   11577.2
[100,20]   [30,50,5] (30)   11554.6
[100,20]   [30,50,10] (0)   11682.2
[100,20]   [30,50,10] (5)   11500.6
[100,20]   [30,50,10] (10)   11543.9
[100,20]   [30,50,10] (15)   11641.7
[100,20]   [30,50,10] (20)   11702.5
[100,20]   [30,50,10] (25)   11606.2
[100,20]   [30,50,10] (30)   11675.1
[100,20]   [30,50,15] (0)   11738.9
[100,20]   [30,50,15] (5)   11691
[100,20]   [30,50,15] (10)   11733.9
[100,20]   [30,50,15] (15)   11580.7
[100,20]   [30,50,15] (20)   11462.1
[100,20]   [30,50,15] (25)   11666
[100,20]   [30,50,15] (30)   11525.2
[100,20]   [30,50,20] (0)   11703.9
[100,20]   [30,50,20] (5)   11581.9
[100,20]   [30,50,20] (10)   11589.8
[100,20]   [30,50,20] (15)   11785.4
[100,20]   [30,50,20] (20)   11580.7
[100,20]   [30,50,20] (25)   11570.3
[100,20]   [30,50,20] (30)   11677.5
[100,20]   [30,60,5] (0)   20094.5
[100,20]   [30,60,5] (5)   20296.7
[100,20]   [30,60,5] (10)   19902.1
[100,20]   [30,60,5] (15)   20295.2
[100,20]   [30,60,5] (20)   20280.3
[100,20]   [30,60,5] (25)   19847.9
[100,20]   [30,60,5] (30)   20281.4
[100,20]   [30,60,10] (0)   20399.6
[100,20]   [30,60,10] (5)   20384.2
[100,20]   [30,60,10] (10)   20394.8
[100,20]   [30,60,10] (15)   20145.4
[100,20]   [30,60,10] (20)   20371.6
[100,20]   [30,60,10] (25)   20267.5
[100,20]   [30,60,10] (30)   20166.6
[100,20]   [30,60,15] (0)   20304.3
[100,20]   [30,60,15] (5)   20405.1
[100,20]   [30,60,15] (10)   20255
[100,20]   [30,60,15] (15)   20216.4
[100,20]   [30,60,15] (20)   20390.5
[100,20]   [30,60,15] (25)   20378.6
[100,20]   [30,60,15] (30)   20183.1
[100,20]   [30,60,20] (0)   20337.7
[100,20]   [30,60,20] (5)   20211.3
[100,20]   [30,60,20] (10)   20302.9
[100,20]   [30,60,20] (15)   20183.6
[100,20]   [30,60,20] (20)   20323.7
[100,20]   [30,60,20] (25)   20278.7
[100,20]   [30,60,20] (30)   20406.3
[100,20]   [40,10,5] (0)   20624.4
[100,20]   [40,10,5] (5)   13163
[100,20]   [40,10,5] (10)   111.782
[100,20]   [40,10,5] (15)   71.0621
[100,20]   [40,10,5] (20)   73.4491
[100,20]   [40,10,5] (25)   77.6855
[100,20]   [40,10,5] (30)   83.4741
[100,20]   [40,10,10] (0)   20710.4
[100,20]   [40,10,10] (5)   13150.9
[100,20]   [40,10,10] (10)   4009.41
[100,20]   [40,10,10] (15)   91.6856
[100,20]   [40,10,10] (20)   88.5957
[100,20]   [40,10,10] (25)   91.3276
[100,20]   [40,10,10] (30)   97.303
[100,20]   [40,10,15] (0)   20547.7
[100,20]   [40,10,15] (5)   9190.53
[100,20]   [40,10,15] (10)   1308.86
[100,20]   [40,10,15] (15)   98.8321
[100,20]   [40,10,15] (20)   98.253
[100,20]   [40,10,15] (25)   102.535
[100,20]   [40,10,15] (30)   108.762
[100,20]   [40,10,20] (0)   21021.5
[100,20]   [40,10,20] (5)   8957.25
[100,20]   [40,10,20] (10)   112.398
[100,20]   [40,10,20] (15)   110.41
[100,20]   [40,10,20] (20)   113.24
[100,20]   [40,10,20] (25)   117.707
[100,20]   [40,10,20] (30)   124.215
[100,20]   [40,20,5] (0)   16441.1
[100,20]   [40,20,5] (5)   16462.6
[100,20]   [40,20,5] (10)   10536.5
[100,20]   [40,20,5] (15)   215.542
[100,20]   [40,20,5] (20)   89.1912
[100,20]   [40,20,5] (25)   85.7934
[100,20]   [40,20,5] (30)   90.4253
[100,20]   [40,20,10] (0)   16476
[100,20]   [40,20,10] (5)   16465.7
[100,20]   [40,20,10] (10)   10882.4
[100,20]   [40,20,10] (15)   1813.61
[100,20]   [40,20,10] (20)   107.109
[100,20]   [40,20,10] (25)   102.945
[100,20]   [40,20,10] (30)   107.043
[100,20]   [40,20,15] (0)   16474.8
[100,20]   [40,20,15] (5)   16553
[100,20]   [40,20,15] (10)   9629.46
[100,20]   [40,20,15] (15)   126.727
[100,20]   [40,20,15] (20)   112.015
[100,20]   [40,20,15] (25)   112.283
[100,20]   [40,20,15] (30)   117.916
[100,20]   [40,20,20] (0)   16535.3
[100,20]   [40,20,20] (5)   16559
[100,20]   [40,20,20] (10)   11516.6
[100,20]   [40,20,20] (15)   136.333
[100,20]   [40,20,20] (20)   127.347
[100,20]   [40,20,20] (25)   131.628
[100,20]   [40,20,20] (30)   138.308
[100,20]   [40,30,5] (0)   5509.9
[100,20]   [40,30,5] (5)   5531.78
[100,20]   [40,30,5] (10)   5489.52
[100,20]   [40,30,5] (15)   4259.58
[100,20]   [40,30,5] (20)   134.937
[100,20]   [40,30,5] (25)   106.414
[100,20]   [40,30,5] (30)   103.527
[100,20]   [40,30,10] (0)   5562.58
[100,20]   [40,30,10] (5)   5506.59
[100,20]   [40,30,10] (10)   5531.97
[100,20]   [40,30,10] (15)   4426.72
[100,20]   [40,30,10] (20)   145.696
[100,20]   [40,30,10] (25)   124.551
[100,20]   [40,30,10] (30)   125.84
[100,20]   [40,30,15] (0)   5531.44
[100,20]   [40,30,15] (5)   5477.14
[100,20]   [40,30,15] (10)   5487.42
[100,20]   [40,30,15] (15)   3387.63
[100,20]   [40,30,15] (20)   136.604
[100,20]   [40,30,15] (25)   130.229
[100,20]   [40,30,15] (30)   133.757
[100,20]   [40,30,20] (0)   5435.46
[100,20]   [40,30,20] (5)   5506.61
[100,20]   [40,30,20] (10)   5562.05
[100,20]   [40,30,20] (15)   3692.38
[100,20]   [40,30,20] (20)   145.47
[100,20]   [40,30,20] (25)   142.57
[100,20]   [40,30,20] (30)   147.665
[100,20]   [40,40,5] (0)   179.757
[100,20]   [40,40,5] (5)   180.689
[100,20]   [40,40,5] (10)   179.901
[100,20]   [40,40,5] (15)   181.693
[100,20]   [40,40,5] (20)   176.717
[100,20]   [40,40,5] (25)   157.842
[100,20]   [40,40,5] (30)   143.467
[100,20]   [40,40,10] (0)   181.012
[100,20]   [40,40,10] (5)   177.623
[100,20]   [40,40,10] (10)   180.453
[100,20]   [40,40,10] (15)   176.962
[100,20]   [40,40,10] (20)   177.054
[100,20]   [40,40,10] (25)   164.285
[100,20]   [40,40,10] (30)   160.705
[100,20]   [40,40,15] (0)   178.606
[100,20]   [40,40,15] (5)   181.402
[100,20]   [40,40,15] (10)   178.97
[100,20]   [40,40,15] (15)   179.49
[100,20]   [40,40,15] (20)   175.371
[100,20]   [40,40,15] (25)   161.709
[100,20]   [40,40,15] (30)   162.487
[100,20]   [40,40,20] (0)   178.82
[100,20]   [40,40,20] (5)   179.895
[100,20]   [40,40,20] (10)   179.923
[100,20]   [40,40,20] (15)   180.226
[100,20]   [40,40,20] (20)   183.811
[100,20]   [40,40,20] (25)   175.652
[100,20]   [40,40,20] (30)   180.244
[100,20]   [40,50,5] (0)   2969.65
[100,20]   [40,50,5] (5)   3103.15
[100,20]   [40,50,5] (10)   3098.55
[100,20]   [40,50,5] (15)   3041.08
[100,20]   [40,50,5] (20)   2973.66
[100,20]   [40,50,5] (25)   3147.83
[100,20]   [40,50,5] (30)   3145.64
[100,20]   [40,50,10] (0)   3100.31
[100,20]   [40,50,10] (5)   3141.16
[100,20]   [40,50,10] (10)   3185.38
[100,20]   [40,50,10] (15)   3230.23
[100,20]   [40,50,10] (20)   3103.37
[100,20]   [40,50,10] (25)   3135.91
[100,20]   [40,50,10] (30)   3120.57
[100,20]   [40,50,15] (0)   2998.86
[100,20]   [40,50,15] (5)   2936.71
[100,20]   [40,50,15] (10)   3121.91
[100,20]   [40,50,15] (15)   3066.03
[100,20]   [40,50,15] (20)   3078.03
[100,20]   [40,50,15] (25)   3109.31
[100,20]   [40,50,15] (30)   2798.8
[100,20]   [40,50,20] (0)   3116.19
[100,20]   [40,50,20] (5)   3002.61
[100,20]   [40,50,20] (10)   3032.78
[100,20]   [40,50,20] (15)   3182.18
[100,20]   [40,50,20] (20)   3148.22
[100,20]   [40,50,20] (25)   3044.11
[100,20]   [40,50,20] (30)   3055.23
[100,20]   [40,60,5] (0)   12595.2
[100,20]   [40,60,5] (5)   12694.3
[100,20]   [40,60,5] (10)   12771.2
[100,20]   [40,60,5] (15)   12694.3
[100,20]   [40,60,5] (20)   12640.8
[100,20]   [40,60,5] (25)   12660.7
[100,20]   [40,60,5] (30)   12649.7
[100,20]   [40,60,10] (0)   12730.8
[100,20]   [40,60,10] (5)   12663.7
[100,20]   [40,60,10] (10)   12707.2
[100,20]   [40,60,10] (15)   12854.2
[100,20]   [40,60,10] (20)   12775.8
[100,20]   [40,60,10] (25)   12760.2
[100,20]   [40,60,10] (30)   12652.7
[100,20]   [40,60,15] (0)   12519.6
[100,20]   [40,60,15] (5)   12625.5
[100,20]   [40,60,15] (10)   12767.2
[100,20]   [40,60,15] (15)   12469
[100,20]   [40,60,15] (20)   12760.4
[100,20]   [40,60,15] (25)   12762.2
[100,20]   [40,60,15] (30)   12808.8
[100,20]   [40,60,20] (0)   12662.7
[100,20]   [40,60,20] (5)   12663.4
[100,20]   [40,60,20] (10)   12743.2
[100,20]   [40,60,20] (15)   12602
[100,20]   [40,60,20] (20)   12780.2
[100,20]   [40,60,20] (25)   12589.7
[100,20]   [40,60,20] (30)   12744.6
[100,20]   [50,10,5] (0)   28084.2
[100,20]   [50,10,5] (5)   17121
[100,20]   [50,10,5] (10)   3225.25
[100,20]   [50,10,5] (15)   83.211
[100,20]   [50,10,5] (20)   81.4577
[100,20]   [50,10,5] (25)   84.4836
[100,20]   [50,10,5] (30)   89.7604
[100,20]   [50,10,10] (0)   28171.7
[100,20]   [50,10,10] (5)   18912
[100,20]   [50,10,10] (10)   8572.28
[100,20]   [50,10,10] (15)   1995.71
[100,20]   [50,10,10] (20)   101.136
[100,20]   [50,10,10] (25)   99.3512
[100,20]   [50,10,10] (30)   102.132
[100,20]   [50,10,15] (0)   27692
[100,20]   [50,10,15] (5)   13988.2
[100,20]   [50,10,15] (10)   5942.23
[100,20]   [50,10,15] (15)   172.447
[100,20]   [50,10,15] (20)   107.056
[100,20]   [50,10,15] (25)   109.232
[100,20]   [50,10,15] (30)   112.779
[100,20]   [50,10,20] (0)   27884.1
[100,20]   [50,10,20] (5)   13853
[100,20]   [50,10,20] (10)   4028.92
[100,20]   [50,10,20] (15)   1982.98
[100,20]   [50,10,20] (20)   119.94
[100,20]   [50,10,20] (25)   119.848
[100,20]   [50,10,20] (30)   124.116
[100,20]   [50,20,5] (0)   18230.3
[100,20]   [50,20,5] (5)   18250.9
[100,20]   [50,20,5] (10)   15218.4
[100,20]   [50,20,5] (15)   4063.17
[100,20]   [50,20,5] (20)   105.299
[100,20]   [50,20,5] (25)   94.9886
[100,20]   [50,20,5] (30)   90.0861
[100,20]   [50,20,10] (0)   18642.2
[100,20]   [50,20,10] (5)   18472.2
[100,20]   [50,20,10] (10)   16204.2
[100,20]   [50,20,10] (15)   6804.9
[100,20]   [50,20,10] (20)   648.368
[100,20]   [50,20,10] (25)   115.099
[100,20]   [50,20,10] (30)   110.909
[100,20]   [50,20,15] (0)   18219.9
[100,20]   [50,20,15] (5)   18383.4
[100,20]   [50,20,15] (10)   14492.8
[100,20]   [50,20,15] (15)   3316.91
[100,20]   [50,20,15] (20)   144.954
[100,20]   [50,20,15] (25)   119.679
[100,20]   [50,20,15] (30)   120.658
[100,20]   [50,20,20] (0)   18272.1
[100,20]   [50,20,20] (5)   18226.1
[100,20]   [50,20,20] (10)   15088.6
[100,20]   [50,20,20] (15)   1611.93
[100,20]   [50,20,20] (20)   147.029
[100,20]   [50,20,20] (25)   135.396
[100,20]   [50,20,20] (30)   136.09
[100,20]   [50,30,5] (0)   11721.1
[100,20]   [50,30,5] (5)   11847.3
[100,20]   [50,30,5] (10)   11877
[100,20]   [50,30,5] (15)   9897.84
[100,20]   [50,30,5] (20)   2165.07
[100,20]   [50,30,5] (25)   119.792
[100,20]   [50,30,5] (30)   107.602
[100,20]   [50,30,10] (0)   11838.1
[100,20]   [50,30,10] (5)   11739.7
[100,20]   [50,30,10] (10)   11893.7
[100,20]   [50,30,10] (15)   10580.6
[100,20]   [50,30,10] (20)   3686.74
[100,20]   [50,30,10] (25)   145.679
[100,20]   [50,30,10] (30)   127.667
[100,20]   [50,30,15] (0)   11938
[100,20]   [50,30,15] (5)   11834.8
[100,20]   [50,30,15] (10)   11927.2
[100,20]   [50,30,15] (15)   9339.18
[100,20]   [50,30,15] (20)   724.323
[100,20]   [50,30,15] (25)   140.847
[100,20]   [50,30,15] (30)   134.375
[100,20]   [50,30,20] (0)   11782.9
[100,20]   [50,30,20] (5)   11916.6
[100,20]   [50,30,20] (10)   11984.3
[100,20]   [50,30,20] (15)   9635.19
[100,20]   [50,30,20] (20)   207.416
[100,20]   [50,30,20] (25)   146.611
[100,20]   [50,30,20] (30)   145.215
[100,20]   [50,40,5] (0)   5345.69
[100,20]   [50,40,5] (5)   5342.07
[100,20]   [50,40,5] (10)   5369.26
[100,20]   [50,40,5] (15)   5419.43
[100,20]   [50,40,5] (20)   4961.61
[100,20]   [50,40,5] (25)   889.157
[100,20]   [50,40,5] (30)   143.696
[100,20]   [50,40,10] (0)   5318.02
[100,20]   [50,40,10] (5)   5487.94
[100,20]   [50,40,10] (10)   5383.63
[100,20]   [50,40,10] (15)   5473.58
[100,20]   [50,40,10] (20)   5121.75
[100,20]   [50,40,10] (25)   1430.85
[100,20]   [50,40,10] (30)   161.629
[100,20]   [50,40,15] (0)   5278.58
[100,20]   [50,40,15] (5)   5363.31
[100,20]   [50,40,15] (10)   5435.05
[100,20]   [50,40,15] (15)   5434.66
[100,20]   [50,40,15] (20)   4673.09
[100,20]   [50,40,15] (25)   242.463
[100,20]   [50,40,15] (30)   157.57
[100,20]   [50,40,20] (0)   5424.4
[100,20]   [50,40,20] (5)   5440.8
[100,20]   [50,40,20] (10)   5365.4
[100,20]   [50,40,20] (15)   5397.11
[100,20]   [50,40,20] (20)   4917.28
[100,20]   [50,40,20] (25)   211.289
[100,20]   [50,40,20] (30)   169.471
[100,20]   [50,50,5] (0)   908.188
[100,20]   [50,50,5] (5)   888.315
[100,20]   [50,50,5] (10)   931.976
[100,20]   [50,50,5] (15)   963.877
[100,20]   [50,50,5] (20)   983.261
[100,20]   [50,50,5] (25)   763.657
[100,20]   [50,50,5] (30)   197.201
[100,20]   [50,50,10] (0)   952.97
[100,20]   [50,50,10] (5)   954.948
[100,20]   [50,50,10] (10)   924.375
[100,20]   [50,50,10] (15)   899.206
[100,20]   [50,50,10] (20)   979.88
[100,20]   [50,50,10] (25)   846.424
[100,20]   [50,50,10] (30)   204.966
[100,20]   [50,50,15] (0)   946.943
[100,20]   [50,50,15] (5)   858.875
[100,20]   [50,50,15] (10)   927.686
[100,20]   [50,50,15] (15)   930.749
[100,20]   [50,50,15] (20)   931.472
[100,20]   [50,50,15] (25)   620.719
[100,20]   [50,50,15] (30)   194.211
[100,20]   [50,50,20] (0)   924.189
[100,20]   [50,50,20] (5)   940.697
[100,20]   [50,50,20] (10)   942.653
[100,20]   [50,50,20] (15)   940.412
[100,20]   [50,50,20] (20)   993.856
[100,20]   [50,50,20] (25)   638.026
[100,20]   [50,50,20] (30)   195.994
[100,20]   [50,60,5] (0)   1874.8
[100,20]   [50,60,5] (5)   1744.95
[100,20]   [50,60,5] (10)   1760.48
[100,20]   [50,60,5] (15)   1590.28
[100,20]   [50,60,5] (20)   1841.53
[100,20]   [50,60,5] (25)   1695.18
[100,20]   [50,60,5] (30)   1796.87
[100,20]   [50,60,10] (0)   1751.88
[100,20]   [50,60,10] (5)   1760.71
[100,20]   [50,60,10] (10)   1712.76
[100,20]   [50,60,10] (15)   1676.93
[100,20]   [50,60,10] (20)   1684.87
[100,20]   [50,60,10] (25)   1655.98
[100,20]   [50,60,10] (30)   1778.51
[100,20]   [50,60,15] (0)   1659.14
[100,20]   [50,60,15] (5)   1735.69
[100,20]   [50,60,15] (10)   1785.57
[100,20]   [50,60,15] (15)   1705.33
[100,20]   [50,60,15] (20)   1735.49
[100,20]   [50,60,15] (25)   1784.37
[100,20]   [50,60,15] (30)   1719.55
[100,20]   [50,60,20] (0)   1664.27
[100,20]   [50,60,20] (5)   1835.13
[100,20]   [50,60,20] (10)   1818.76
[100,20]   [50,60,20] (15)   1729.39
[100,20]   [50,60,20] (20)   1802.53
[100,20]   [50,60,20] (25)   1674.6
[100,20]   [50,60,20] (30)   1822.97
[100,20]   [60,10,5] (0)   31600.1
[100,20]   [60,10,5] (5)   21823.1
[100,20]   [60,10,5] (10)   6114.72
[100,20]   [60,10,5] (15)   105.973
[100,20]   [60,10,5] (20)   89.5397
[100,20]   [60,10,5] (25)   92.042
[100,20]   [60,10,5] (30)   95.9295
[100,20]   [60,10,10] (0)   31223.4
[100,20]   [60,10,10] (5)   22675.3
[100,20]   [60,10,10] (10)   12322.1
[100,20]   [60,10,10] (15)   5382.33
[100,20]   [60,10,10] (20)   638.265
[100,20]   [60,10,10] (25)   109.156
[100,20]   [60,10,10] (30)   108.817
[100,20]   [60,10,15] (0)   31772.9
[100,20]   [60,10,15] (5)   18495.2
[100,20]   [60,10,15] (10)   10036.2
[100,20]   [60,10,15] (15)   3551.22
[100,20]   [60,10,15] (20)   132.971
[100,20]   [60,10,15] (25)   120.032
[100,20]   [60,10,15] (30)   125.378
[100,20]   [60,10,20] (0)   31068.5
[100,20]   [60,10,20] (5)   18632.3
[100,20]   [60,10,20] (10)   8049.5
[100,20]   [60,10,20] (15)   6649.64
[100,20]   [60,10,20] (20)   152.189
[100,20]   [60,10,20] (25)   133.705
[100,20]   [60,10,20] (30)   137.836
[100,20]   [60,20,5] (0)   25895.9
[100,20]   [60,20,5] (5)   25793.8
[100,20]   [60,20,5] (10)   20316.5
[100,20]   [60,20,5] (15)   7390.43
[100,20]   [60,20,5] (20)   139.937
[100,20]   [60,20,5] (25)   100.058
[100,20]   [60,20,5] (30)   103.07
[100,20]   [60,20,10] (0)   26152.8
[100,20]   [60,20,10] (5)   26183.8
[100,20]   [60,20,10] (10)   21796.5
[100,20]   [60,20,10] (15)   10861.4
[100,20]   [60,20,10] (20)   4286.49
[100,20]   [60,20,10] (25)   158.614
[100,20]   [60,20,10] (30)   119.574
[100,20]   [60,20,15] (0)   26026.5
[100,20]   [60,20,15] (5)   25819.4
[100,20]   [60,20,15] (10)   19609.1
[100,20]   [60,20,15] (15)   7422.98
[100,20]   [60,20,15] (20)   2872.3
[100,20]   [60,20,15] (25)   135.127
[100,20]   [60,20,15] (30)   132.083
[100,20]   [60,20,20] (0)   25945.8
[100,20]   [60,20,20] (5)   26193.7
[100,20]   [60,20,20] (10)   23013.1
[100,20]   [60,20,20] (15)   7101.48
[100,20]   [60,20,20] (20)   3923.47
[100,20]   [60,20,20] (25)   195.198
[100,20]   [60,20,20] (30)   148.373
[100,20]   [60,30,5] (0)   17166.6
[100,20]   [60,30,5] (5)   17217.2
[100,20]   [60,30,5] (10)   17177.8
[100,20]   [60,30,5] (15)   14612.2
[100,20]   [60,30,5] (20)   5493.38
[100,20]   [60,30,5] (25)   142.628
[100,20]   [60,30,5] (30)   117.125
[100,20]   [60,30,10] (0)   17272
[100,20]   [60,30,10] (5)   17527.5
[100,20]   [60,30,10] (10)   17100.2
[100,20]   [60,30,10] (15)   15191.5
[100,20]   [60,30,10] (20)   7813.24
[100,20]   [60,30,10] (25)   1566.46
[100,20]   [60,30,10] (30)   140.183
[100,20]   [60,30,15] (0)   17364.9
[100,20]   [60,30,15] (5)   17386.2
[100,20]   [60,30,15] (10)   17219.5
[100,20]   [60,30,15] (15)   14315.7
[100,20]   [60,30,15] (20)   4929.86
[100,20]   [60,30,15] (25)   206.745
[100,20]   [60,30,15] (30)   140.625
[100,20]   [60,30,20] (0)   17238.8
[100,20]   [60,30,20] (5)   17271.8
[100,20]   [60,30,20] (10)   17250.6
[100,20]   [60,30,20] (15)   14506.5
[100,20]   [60,30,20] (20)   3341.17
[100,20]   [60,30,20] (25)   184.593
[100,20]   [60,30,20] (30)   158.939
[100,20]   [60,40,5] (0)   11374.4
[100,20]   [60,40,5] (5)   11425.7
[100,20]   [60,40,5] (10)   11519.8
[100,20]   [60,40,5] (15)   11447.7
[100,20]   [60,40,5] (20)   9948.9
[100,20]   [60,40,5] (25)   5047.34
[100,20]   [60,40,5] (30)   156.678
[100,20]   [60,40,10] (0)   11565.9
[100,20]   [60,40,10] (5)   11341.6
[100,20]   [60,40,10] (10)   11373.7
[100,20]   [60,40,10] (15)   11565.7
[100,20]   [60,40,10] (20)   10460.1
[100,20]   [60,40,10] (25)   6067.32
[100,20]   [60,40,10] (30)   275.746
[100,20]   [60,40,15] (0)   11579.6
[100,20]   [60,40,15] (5)   11435.5
[100,20]   [60,40,15] (10)   11468.7
[100,20]   [60,40,15] (15)   11404.4
[100,20]   [60,40,15] (20)   9666.5
[100,20]   [60,40,15] (25)   3844.14
[100,20]   [60,40,15] (30)   173.789
[100,20]   [60,40,20] (0)   11423.1
[100,20]   [60,40,20] (5)   11384.4
[100,20]   [60,40,20] (10)   11435.8
[100,20]   [60,40,20] (15)   11342.6
[100,20]   [60,40,20] (20)   10908.6
[100,20]   [60,40,20] (25)   4629.49
[100,20]   [60,40,20] (30)   185.2
[100,20]   [60,50,5] (0)   5686
[100,20]   [60,50,5] (5)   5659.21
[100,20]   [60,50,5] (10)   5754.13
[100,20]   [60,50,5] (15)   5691.85
[100,20]   [60,50,5] (20)   5751.21
[100,20]   [60,50,5] (25)   5415.52
[100,20]   [60,50,5] (30)   2418.53
[100,20]   [60,50,10] (0)   5776.16
[100,20]   [60,50,10] (5)   5643.93
[100,20]   [60,50,10] (10)   5696.41
[100,20]   [60,50,10] (15)   5706.37
[100,20]   [60,50,10] (20)   5716.09
[100,20]   [60,50,10] (25)   5523.43
[100,20]   [60,50,10] (30)   3103.83
[100,20]   [60,50,15] (0)   5742.21
[100,20]   [60,50,15] (5)   5791.9
[100,20]   [60,50,15] (10)   5832.61
[100,20]   [60,50,15] (15)   5766.41
[100,20]   [60,50,15] (20)   5639.87
[100,20]   [60,50,15] (25)   5156.99
[100,20]   [60,50,15] (30)   1240.35
[100,20]   [60,50,20] (0)   5764.67
[100,20]   [60,50,20] (5)   5833.3
[100,20]   [60,50,20] (10)   5794.02
[100,20]   [60,50,20] (15)   5752.33
[100,20]   [60,50,20] (20)   5646.11
[100,20]   [60,50,20] (25)   5377.25
[100,20]   [60,50,20] (30)   1293.9
[100,20]   [60,60,5] (0)   927.133
[100,20]   [60,60,5] (5)   817.972
[100,20]   [60,60,5] (10)   842.873
[100,20]   [60,60,5] (15)   846.397
[100,20]   [60,60,5] (20)   798.548
[100,20]   [60,60,5] (25)   758.268
[100,20]   [60,60,5] (30)   722.482
[100,20]   [60,60,10] (0)   877.047
[100,20]   [60,60,10] (5)   776.815
[100,20]   [60,60,10] (10)   882.999
[100,20]   [60,60,10] (15)   842.134
[100,20]   [60,60,10] (20)   799.677
[100,20]   [60,60,10] (25)   866.252
[100,20]   [60,60,10] (30)   771.898
[100,20]   [60,60,15] (0)   860.865
[100,20]   [60,60,15] (5)   841.652
[100,20]   [60,60,15] (10)   892.955
[100,20]   [60,60,15] (15)   840.253
[100,20]   [60,60,15] (20)   815.396
[100,20]   [60,60,15] (25)   861.05
[100,20]   [60,60,15] (30)   606.123
[100,20]   [60,60,20] (0)   847.785
[100,20]   [60,60,20] (5)   828.212
[100,20]   [60,60,20] (10)   788.766
[100,20]   [60,60,20] (15)   1002.52
[100,20]   [60,60,20] (20)   829.438
[100,20]   [60,60,20] (25)   791.74
[100,20]   [60,60,20] (30)   776.293
