[60,30]   [10,10,5] (0)   81.5333
[60,30]   [10,10,5] (5)   56.4942
[60,30]   [10,10,5] (10)   57.245
[60,30]   [10,10,5] (15)   66.9366
[60,30]   [10,10,5] (20)   77.0668
[60,30]   [10,10,5] (25)   87.0868
[60,30]   [10,10,5] (30)   96.9964
[60,30]   [10,10,10] (0)   81.2602
[60,30]   [10,10,10] (5)   66.0734
[60,30]   [10,10,10] (10)   71.6315
[60,30]   [10,10,10] (15)   80.3576
[60,30]   [10,10,10] (20)   89.188
[60,30]   [10,10,10] (25)   98.0175
[60,30]   [10,10,10] (30)   106.867
[60,30]   [10,10,15] (0)   82.8943
[60,30]   [10,10,15] (5)   68.798
[60,30]   [10,10,15] (10)   76.0192
[60,30]   [10,10,15] (15)   84.8687
[60,30]   [10,10,15] (20)   93.7664
[60,30]   [10,10,15] (25)   102.476
[60,30]   [10,10,15] (30)   111.843
[60,30]   [10,10,20] (0)   82.3476
[60,30]   [10,10,20] (5)   77.4613
[60,30]   [10,10,20] (10)   85.3307
[60,30]   [10,10,20] (15)   93.9886
[60,30]   [10,10,20] (20)   102.472
[60,30]   [10,10,20] (25)   111.471
[60,30]   [10,10,20] (30)   119.899
[60,30]   [10,20,5] (0)   9516.18
[60,30]   [10,20,5] (5)   9488.26
[60,30]   [10,20,5] (10)   9421.35
[60,30]   [10,20,5] (15)   9307.56
[60,30]   [10,20,5] (20)   9518.92
[60,30]   [10,20,5] (25)   7985.12
[60,30]   [10,20,5] (30)   6423.39
[60,30]   [10,20,10] (0)   9445.33
[60,30]   [10,20,10] (5)   9392.56
[60,30]   [10,20,10] (10)   9412.18
[60,30]   [10,20,10] (15)   9472.63
[60,30]   [10,20,10] (20)   9546.23
[60,30]   [10,20,10] (25)   9419.54
[60,30]   [10,20,10] (30)   7646.34
[60,30]   [10,20,15] (0)   9434.24
[60,30]   [10,20,15] (5)   9448.06
[60,30]   [10,20,15] (10)   9536.2
[60,30]   [10,20,15] (15)   9445.42
[60,30]   [10,20,15] (20)   9386.39
[60,30]   [10,20,15] (25)   6761.93
[60,30]   [10,20,15] (30)   6437.22
[60,30]   [10,20,20] (0)   9518.47
[60,30]   [10,20,20] (5)   9520.65
[60,30]   [10,20,20] (10)   9512.57
[60,30]   [10,20,20] (15)   9409.08
[60,30]   [10,20,20] (20)   9462.78
[60,30]   [10,20,20] (25)   6809.85
[60,30]   [10,20,20] (30)   5639.44
[60,30]   [10,30,5] (0)   17001.2
[60,30]   [10,30,5] (5)   16756.8
[60,30]   [10,30,5] (10)   17112.2
[60,30]   [10,30,5] (15)   17043.7
[60,30]   [10,30,5] (20)   16949.6
[60,30]   [10,30,5] (25)   16913
[60,30]   [10,30,5] (30)   15548.1
[60,30]   [10,30,10] (0)   17046.2
[60,30]   [10,30,10] (5)   17051.6
[60,30]   [10,30,10] (10)   17062.7
[60,30]   [10,30,10] (15)   16859.7
[60,30]   [10,30,10] (20)   17015.7
[60,30]   [10,30,10] (25)   16912.8
[60,30]   [10,30,10] (30)   16892.5
[60,30]   [10,30,15] (0)   17021.1
[60,30]   [10,30,15] (5)   16975.4
[60,30]   [10,30,15] (10)   16938.8
[60,30]   [10,30,15] (15)   17044.8
[60,30]   [10,30,15] (20)   17117
[60,30]   [10,30,15] (25)   17047.6
[60,30]   [10,30,15] (30)   15212.2
[60,30]   [10,30,20] (0)   17094.2
[60,30]   [10,30,20] (5)   16820.3
[60,30]   [10,30,20] (10)   17163
[60,30]   [10,30,20] (15)   17034.6
[60,30]   [10,30,20] (20)   16876.6
[60,30]   [10,30,20] (25)   17073
[60,30]   [10,30,20] (30)   17030.5
[60,30]   [10,40,5] (0)   24894.1
[60,30]   [10,40,5] (5)   24915.6
[60,30]   [10,40,5] (10)   24989.5
[60,30]   [10,40,5] (15)   24781.7
[60,30]   [10,40,5] (20)   24989.3
[60,30]   [10,40,5] (25)   25089.7
[60,30]   [10,40,5] (30)   25079.5
[60,30]   [10,40,10] (0)   24880.8
[60,30]   [10,40,10] (5)   24923.2
[60,30]   [10,40,10] (10)   24863.9
[60,30]   [10,40,10] (15)   24851.1
[60,30]   [10,40,10] (20)   24950.1
[60,30]   [10,40,10] (25)   24855.1
[60,30]   [10,40,10] (30)   24934.5
[60,30]   [10,40,15] (0)   25030.1
[60,30]   [10,40,15] (5)   24968.6
[60,30]   [10,40,15] (10)   24967.3
[60,30]   [10,40,15] (15)   24959.5
[60,30]   [10,40,15] (20)   24989.5
[60,30]   [10,40,15] (25)   24976.8
[60,30]   [10,40,15] (30)   24909.9
[60,30]   [10,40,20] (0)   24748.7
[60,30]   [10,40,20] (5)   24982.9
[60,30]   [10,40,20] (10)   24862.3
[60,30]   [10,40,20] (15)   25125.1
[60,30]   [10,40,20] (20)   25104.9
[60,30]   [10,40,20] (25)   25092.4
[60,30]   [10,40,20] (30)   25074
[60,30]   [10,50,5] (0)   34102.4
[60,30]   [10,50,5] (5)   34258.5
[60,30]   [10,50,5] (10)   34238.2
[60,30]   [10,50,5] (15)   34216.3
[60,30]   [10,50,5] (20)   34226.2
[60,30]   [10,50,5] (25)   34241.3
[60,30]   [10,50,5] (30)   34237.6
[60,30]   [10,50,10] (0)   34207.1
[60,30]   [10,50,10] (5)   34251.1
[60,30]   [10,50,10] (10)   34253.6
[60,30]   [10,50,10] (15)   34237.4
[60,30]   [10,50,10] (20)   34239.9
[60,30]   [10,50,10] (25)   34250.4
[60,30]   [10,50,10] (30)   34225.8
[60,30]   [10,50,15] (0)   34258.9
[60,30]   [10,50,15] (5)   34242.2
[60,30]   [10,50,15] (10)   34254.8
[60,30]   [10,50,15] (15)   34234.8
[60,30]   [10,50,15] (20)   34110.9
[60,30]   [10,50,15] (25)   34274.4
[60,30]   [10,50,15] (30)   34156.5
[60,30]   [10,50,20] (0)   34237.1
[60,30]   [10,50,20] (5)   34221.6
[60,30]   [10,50,20] (10)   34216.4
[60,30]   [10,50,20] (15)   34262.9
[60,30]   [10,50,20] (20)   34266.8
[60,30]   [10,50,20] (25)   34262.3
[60,30]   [10,50,20] (30)   34244
[60,30]   [10,60,5] (0)   37108.9
[60,30]   [10,60,5] (5)   37054.8
[60,30]   [10,60,5] (10)   37078.2
[60,30]   [10,60,5] (15)   37086.5
[60,30]   [10,60,5] (20)   37048.2
[60,30]   [10,60,5] (25)   37110.3
[60,30]   [10,60,5] (30)   37079.4
[60,30]   [10,60,10] (0)   37088.5
[60,30]   [10,60,10] (5)   37044.6
[60,30]   [10,60,10] (10)   37089.6
[60,30]   [10,60,10] (15)   37031.3
[60,30]   [10,60,10] (20)   37089.2
[60,30]   [10,60,10] (25)   37119.2
[60,30]   [10,60,10] (30)   37068.3
[60,30]   [10,60,15] (0)   37055.6
[60,30]   [10,60,15] (5)   37093.3
[60,30]   [10,60,15] (10)   37056.9
[60,30]   [10,60,15] (15)   37064.9
[60,30]   [10,60,15] (20)   37061.7
[60,30]   [10,60,15] (25)   37059.3
[60,30]   [10,60,15] (30)   36999.3
[60,30]   [10,60,20] (0)   37051.3
[60,30]   [10,60,20] (5)   37045.5
[60,30]   [10,60,20] (10)   37123.7
[60,30]   [10,60,20] (15)   37113.7
[60,30]   [10,60,20] (20)   37112.4
[60,30]   [10,60,20] (25)   37052.9
[60,30]   [10,60,20] (30)   37106.5
[60,30]   [20,10,5] (0)   8286.43
[60,30]   [20,10,5] (5)   1552.91
[60,30]   [20,10,5] (10)   60.1569
[60,30]   [20,10,5] (15)   62.1846
[60,30]   [20,10,5] (20)   71.5083
[60,30]   [20,10,5] (25)   81.585
[60,30]   [20,10,5] (30)   91.464
[60,30]   [20,10,10] (0)   8267.34
[60,30]   [20,10,10] (5)   1594.75
[60,30]   [20,10,10] (10)   76.7193
[60,30]   [20,10,10] (15)   81.0912
[60,30]   [20,10,10] (20)   89.068
[60,30]   [20,10,10] (25)   97.5867
[60,30]   [20,10,10] (30)   105.781
[60,30]   [20,10,15] (0)   8271.51
[60,30]   [20,10,15] (5)   107.974
[60,30]   [20,10,15] (10)   81.1067
[60,30]   [20,10,15] (15)   88.7565
[60,30]   [20,10,15] (20)   97.1802
[60,30]   [20,10,15] (25)   105.522
[60,30]   [20,10,15] (30)   113.733
[60,30]   [20,10,20] (0)   8306.39
[60,30]   [20,10,20] (5)   123.957
[60,30]   [20,10,20] (10)   94.0279
[60,30]   [20,10,20] (15)   99.5548
[60,30]   [20,10,20] (20)   107.354
[60,30]   [20,10,20] (25)   115.545
[60,30]   [20,10,20] (30)   123.483
[60,30]   [20,20,5] (0)   120
[60,30]   [20,20,5] (5)   117.152
[60,30]   [20,20,5] (10)   102.104
[60,30]   [20,20,5] (15)   90.5537
[60,30]   [20,20,5] (20)   96.816
[60,30]   [20,20,5] (25)   105.347
[60,30]   [20,20,5] (30)   113.436
[60,30]   [20,20,10] (0)   119.033
[60,30]   [20,20,10] (5)   118.816
[60,30]   [20,20,10] (10)   106.641
[60,30]   [20,20,10] (15)   104.924
[60,30]   [20,20,10] (20)   112.013
[60,30]   [20,20,10] (25)   119.677
[60,30]   [20,20,10] (30)   127.697
[60,30]   [20,20,15] (0)   116.856
[60,30]   [20,20,15] (5)   118.577
[60,30]   [20,20,15] (10)   103.346
[60,30]   [20,20,15] (15)   106.62
[60,30]   [20,20,15] (20)   114.046
[60,30]   [20,20,15] (25)   122.12
[60,30]   [20,20,15] (30)   129.87
[60,30]   [20,20,20] (0)   120.686
[60,30]   [20,20,20] (5)   115.797
[60,30]   [20,20,20] (10)   111.305
[60,30]   [20,20,20] (15)   116.492
[60,30]   [20,20,20] (20)   123.66
[60,30]   [20,20,20] (25)   131.636
[60,30]   [20,20,20] (30)   139.899
[60,30]   [20,30,5] (0)   5458.18
[60,30]   [20,30,5] (5)   5490.63
[60,30]   [20,30,5] (10)   5499.8
[60,30]   [20,30,5] (15)   5485.55
[60,30]   [20,30,5] (20)   5523.28
[60,30]   [20,30,5] (25)   5501.56
[60,30]   [20,30,5] (30)   4841.94
[60,30]   [20,30,10] (0)   5538.46
[60,30]   [20,30,10] (5)   5553.21
[60,30]   [20,30,10] (10)   5513.21
[60,30]   [20,30,10] (15)   5574.68
[60,30]   [20,30,10] (20)   5561.7
[60,30]   [20,30,10] (25)   5465.56
[60,30]   [20,30,10] (30)   5539.59
[60,30]   [20,30,15] (0)   5590.82
[60,30]   [20,30,15] (5)   5572.87
[60,30]   [20,30,15] (10)   5535.92
[60,30]   [20,30,15] (15)   5374.46
[60,30]   [20,30,15] (20)   5537.43
[60,30]   [20,30,15] (25)   5557.25
[60,30]   [20,30,15] (30)   4630.05
[60,30]   [20,30,20] (0)   5479.41
[60,30]   [20,30,20] (5)   5526.46
[60,30]   [20,30,20] (10)   5421.1
[60,30]   [20,30,20] (15)   5480.49
[60,30]   [20,30,20] (20)   5525.5
[60,30]   [20,30,20] (25)   5570.77
[60,30]   [20,30,20] (30)   5481.82
[60,30]   [20,40,5] (0)   14810.4
[60,30]   [20,40,5] (5)   14884.7
[60,30]   [20,40,5] (10)   14798.7
[60,30]   [20,40,5] (15)   14791.9
[60,30]   [20,40,5] (20)   14806.7
[60,30]   [20,40,5] (25)   14905.6
[60,30]   [20,40,5] (30)   14911
[60,30]   [20,40,10] (0)   14843.7
[60,30]   [20,40,10] (5)   14877.5
[60,30]   [20,40,10] (10)   14817.6
[60,30]   [20,40,10] (15)   14792.5
[60,30]   [20,40,10] (20)   14893
[60,30]   [20,40,10] (25)   14964.4
[60,30]   [20,40,10] (30)   14582
[60,30]   [20,40,15] (0)   14861.4
[60,30]   [20,40,15] (5)   14745.1
[60,30]   [20,40,15] (10)   14908.2
[60,30]   [20,40,15] (15)   14831.7
[60,30]   [20,40,15] (20)   14893.6
[60,30]   [20,40,15] (25)   14813
[60,30]   [20,40,15] (30)   14988.5
[60,30]   [20,40,20] (0)   14850.4
[60,30]   [20,40,20] (5)   14954.5
[60,30]   [20,40,20] (10)   14857.5
[60,30]   [20,40,20] (15)   14919.1
[60,30]   [20,40,20] (20)   14725.8
[60,30]   [20,40,20] (25)   14961.2
[60,30]   [20,40,20] (30)   14891.2
[60,30]   [20,50,5] (0)   20505.7
[60,30]   [20,50,5] (5)   20372.7
[60,30]   [20,50,5] (10)   20457.9
[60,30]   [20,50,5] (15)   20540.4
[60,30]   [20,50,5] (20)   20526.5
[60,30]   [20,50,5] (25)   20433.8
[60,30]   [20,50,5] (30)   20480.8
[60,30]   [20,50,10] (0)   20283
[60,30]   [20,50,10] (5)   20448.6
[60,30]   [20,50,10] (10)   20430.3
[60,30]   [20,50,10] (15)   20518.7
[60,30]   [20,50,10] (20)   20513.4
[60,30]   [20,50,10] (25)   20345.6
[60,30]   [20,50,10] (30)   20472.8
[60,30]   [20,50,15] (0)   20404.1
[60,30]   [20,50,15] (5)   20416.1
[60,30]   [20,50,15] (10)   20486.5
[60,30]   [20,50,15] (15)   20419.9
[60,30]   [20,50,15] (20)   20295.2
[60,30]   [20,50,15] (25)   20490.4
[60,30]   [20,50,15] (30)   20514
[60,30]   [20,50,20] (0)   20440.6
[60,30]   [20,50,20] (5)   20435.3
[60,30]   [20,50,20] (10)   20560.4
[60,30]   [20,50,20] (15)   20379.9
[60,30]   [20,50,20] (20)   20501.8
[60,30]   [20,50,20] (25)   20317.8
[60,30]   [20,50,20] (30)   20521.2
[60,30]   [20,60,5] (0)   26158.5
[60,30]   [20,60,5] (5)   26380.9
[60,30]   [20,60,5] (10)   26139.9
[60,30]   [20,60,5] (15)   26531.3
[60,30]   [20,60,5] (20)   26349.2
[60,30]   [20,60,5] (25)   26293.8
[60,30]   [20,60,5] (30)   26131.7
[60,30]   [20,60,10] (0)   26303.7
[60,30]   [20,60,10] (5)   26506.7
[60,30]   [20,60,10] (10)   26334.5
[60,30]   [20,60,10] (15)   26061.5
[60,30]   [20,60,10] (20)   26299.1
[60,30]   [20,60,10] (25)   26513
[60,30]   [20,60,10] (30)   26146.3
[60,30]   [20,60,15] (0)   26306.7
[60,30]   [20,60,15] (5)   26528.2
[60,30]   [20,60,15] (10)   26270.5
[60,30]   [20,60,15] (15)   26376.8
[60,30]   [20,60,15] (20)   26128.9
[60,30]   [20,60,15] (25)   26356.1
[60,30]   [20,60,15] (30)   26254.5
[60,30]   [20,60,20] (0)   26252.9
[60,30]   [20,60,20] (5)   26297.4
[60,30]   [20,60,20] (10)   26327.3
[60,30]   [20,60,20] (15)   26208.4
[60,30]   [20,60,20] (20)   26219.1
[60,30]   [20,60,20] (25)   26315.4
[60,30]   [20,60,20] (30)   26070.7
[60,30]   [30,10,5] (0)   13921.3
[60,30]   [30,10,5] (5)   6810.3
[60,30]   [30,10,5] (10)   73.2889
[60,30]   [30,10,5] (15)   67.8115
[60,30]   [30,10,5] (20)   71.0936
[60,30]   [30,10,5] (25)   79.2392
[60,30]   [30,10,5] (30)   88.0561
[60,30]   [30,10,10] (0)   13814.3
[60,30]   [30,10,10] (5)   7251.71
[60,30]   [30,10,10] (10)   108.831
[60,30]   [30,10,10] (15)   86.1405
[60,30]   [30,10,10] (20)   88.6672
[60,30]   [30,10,10] (25)   95.5866
[60,30]   [30,10,10] (30)   104.046
[60,30]   [30,10,15] (0)   13988.1
[60,30]   [30,10,15] (5)   3220.45
[60,30]   [30,10,15] (10)   91.8751
[60,30]   [30,10,15] (15)   93.4961
[60,30]   [30,10,15] (20)   97.2561
[60,30]   [30,10,15] (25)   104.93
[60,30]   [30,10,15] (30)   113.045
[60,30]   [30,10,20] (0)   13919.2
[60,30]   [30,10,20] (5)   3069.55
[60,30]   [30,10,20] (10)   98.6475
[60,30]   [30,10,20] (15)   103.474
[60,30]   [30,10,20] (20)   110.927
[60,30]   [30,10,20] (25)   118.059
[60,30]   [30,10,20] (30)   126.294
[60,30]   [30,20,5] (0)   5966.05
[60,30]   [30,20,5] (5)   6058.14
[60,30]   [30,20,5] (10)   3777.01
[60,30]   [30,20,5] (15)   99.464
[60,30]   [30,20,5] (20)   84.5559
[60,30]   [30,20,5] (25)   88.1169
[60,30]   [30,20,5] (30)   97.2001
[60,30]   [30,20,10] (0)   6003.59
[60,30]   [30,20,10] (5)   6011.7
[60,30]   [30,20,10] (10)   4103.22
[60,30]   [30,20,10] (15)   111.602
[60,30]   [30,20,10] (20)   104.335
[60,30]   [30,20,10] (25)   110.027
[60,30]   [30,20,10] (30)   117.865
[60,30]   [30,20,15] (0)   6016.51
[60,30]   [30,20,15] (5)   5924.68
[60,30]   [30,20,15] (10)   2410.39
[60,30]   [30,20,15] (15)   109.6
[60,30]   [30,20,15] (20)   109.716
[60,30]   [30,20,15] (25)   115.936
[60,30]   [30,20,15] (30)   123.993
[60,30]   [30,20,20] (0)   5993.59
[60,30]   [30,20,20] (5)   6022.01
[60,30]   [30,20,20] (10)   2845.01
[60,30]   [30,20,20] (15)   120.101
[60,30]   [30,20,20] (20)   122.138
[60,30]   [30,20,20] (25)   128.916
[60,30]   [30,20,20] (30)   136.959
[60,30]   [30,30,5] (0)   165.431
[60,30]   [30,30,5] (5)   165.925
[60,30]   [30,30,5] (10)   170.361
[60,30]   [30,30,5] (15)   135.57
[60,30]   [30,30,5] (20)   114.675
[60,30]   [30,30,5] (25)   112.968
[60,30]   [30,30,5] (30)   119.965
[60,30]   [30,30,10] (0)   165.261
[60,30]   [30,30,10] (5)   165.288
[60,30]   [30,30,10] (10)   162.116
[60,30]   [30,30,10] (15)   139.777
[60,30]   [30,30,10] (20)   128.254
[60,30]   [30,30,10] (25)   131.934
[60,30]   [30,30,10] (30)   140.258
[60,30]   [30,30,15] (0)   165.63
[60,30]   [30,30,15] (5)   165.731
[60,30]   [30,30,15] (10)   159.846
[60,30]   [30,30,15] (15)   139.729
[60,30]   [30,30,15] (20)   136.359
[60,30]   [30,30,15] (25)   141.76
[60,30]   [30,30,15] (30)   150.16
[60,30]   [30,30,20] (0)   167.254
[60,30]   [30,30,20] (5)   165.152
[60,30]   [30,30,20] (10)   168.373
[60,30]   [30,30,20] (15)   140.903
[60,30]   [30,30,20] (20)   139.947
[60,30]   [30,30,20] (25)   146.118
[60,30]   [30,30,20] (30)   154.071
[60,30]   [30,40,5] (0)   3408.45
[60,30]   [30,40,5] (5)   3227.28
[60,30]   [30,40,5] (10)   3325.59
[60,30]   [30,40,5] (15)   3311.99
[60,30]   [30,40,5] (20)   3441.48
[60,30]   [30,40,5] (25)   3407.31
[60,30]   [30,40,5] (30)   3376.5
[60,30]   [30,40,10] (0)   3553.9
[60,30]   [30,40,10] (5)   3345.18
[60,30]   [30,40,10] (10)   3348.96
[60,30]   [30,40,10] (15)   3390.71
[60,30]   [30,40,10] (20)   3506.15
[60,30]   [30,40,10] (25)   3345.6
[60,30]   [30,40,10] (30)   3316.76
[60,30]   [30,40,15] (0)   3379.96
[60,30]   [30,40,15] (5)   3353.35
[60,30]   [30,40,15] (10)   3421.47
[60,30]   [30,40,15] (15)   3384
[60,30]   [30,40,15] (20)   3361.17
[60,30]   [30,40,15] (25)   3418.83
[60,30]   [30,40,15] (30)   3478.53
[60,30]   [30,40,20] (0)   3382.8
[60,30]   [30,40,20] (5)   3433.98
[60,30]   [30,40,20] (10)   3431.89
[60,30]   [30,40,20] (15)   3328.84
[60,30]   [30,40,20] (20)   3413.36
[60,30]   [30,40,20] (25)   3299.9
[60,30]   [30,40,20] (30)   3332.2
[60,30]   [30,50,5] (0)   10301.3
[60,30]   [30,50,5] (5)   10263.1
[60,30]   [30,50,5] (10)   10293.3
[60,30]   [30,50,5] (15)   10229.5
[60,30]   [30,50,5] (20)   10282.3
[60,30]   [30,50,5] (25)   10154.5
[60,30]   [30,50,5] (30)   10250.7
[60,30]   [30,50,10] (0)   10162.7
[60,30]   [30,50,10] (5)   10197.7
[60,30]   [30,50,10] (10)   10325
[60,30]   [30,50,10] (15)   10282.6
[60,30]   [30,50,10] (20)   10414
[60,30]   [30,50,10] (25)   10296.6
[60,30]   [30,50,10] (30)   10145.4
[60,30]   [30,50,15] (0)   10292.8
[60,30]   [30,50,15] (5)   10205.2
[60,30]   [30,50,15] (10)   10440.6
[60,30]   [30,50,15] (15)   10183.1
[60,30]   [30,50,15] (20)   10166.3
[60,30]   [30,50,15] (25)   10185.6
[60,30]   [30,50,15] (30)   10247.8
[60,30]   [30,50,20] (0)   10114.3
[60,30]   [30,50,20] (5)   10256.7
[60,30]   [30,50,20] (10)   10324.6
[60,30]   [30,50,20] (15)   10269.6
[60,30]   [30,50,20] (20)   10288
[60,30]   [30,50,20] (25)   10235.1
[60,30]   [30,50,20] (30)   10221.2
[60,30]   [30,60,5] (0)   18827.5
[60,30]   [30,60,5] (5)   19076.2
[60,30]   [30,60,5] (10)   18605.2
[60,30]   [30,60,5] (15)   19072.3
[60,30]   [30,60,5] (20)   18900.9
[60,30]   [30,60,5] (25)   19030.8
[60,30]   [30,60,5] (30)   18852.3
[60,30]   [30,60,10] (0)   18873.1
[60,30]   [30,60,10] (5)   18888.3
[60,30]   [30,60,10] (10)   18962.4
[60,30]   [30,60,10] (15)   18983.2
[60,30]   [30,60,10] (20)   18988.9
[60,30]   [30,60,10] (25)   18933.3
[60,30]   [30,60,10] (30)   18942.2
[60,30]   [30,60,15] (0)   18969.3
[60,30]   [30,60,15] (5)   18551.6
[60,30]   [30,60,15] (10)   19045.9
[60,30]   [30,60,15] (15)   18781.9
[60,30]   [30,60,15] (20)   18859.4
[60,30]   [30,60,15] (25)   19112.6
[60,30]   [30,60,15] (30)   18876.7
[60,30]   [30,60,20] (0)   19061.3
[60,30]   [30,60,20] (5)   19013.1
[60,30]   [30,60,20] (10)   18979.1
[60,30]   [30,60,20] (15)   18897.3
[60,30]   [30,60,20] (20)   18746.9
[60,30]   [30,60,20] (25)   18882.8
[60,30]   [30,60,20] (30)   18726.1
[60,30]   [40,10,5] (0)   19176.4
[60,30]   [40,10,5] (5)   11171.9
[60,30]   [40,10,5] (10)   118.626
[60,30]   [40,10,5] (15)   75.1868
[60,30]   [40,10,5] (20)   76.1337
[60,30]   [40,10,5] (25)   81.2126
[60,30]   [40,10,5] (30)   88.1891
[60,30]   [40,10,10] (0)   19266.8
[60,30]   [40,10,10] (5)   12171.7
[60,30]   [40,10,10] (10)   3627.12
[60,30]   [40,10,10] (15)   99.2678
[60,30]   [40,10,10] (20)   94.8545
[60,30]   [40,10,10] (25)   95.3035
[60,30]   [40,10,10] (30)   103.789
[60,30]   [40,10,15] (0)   18963.4
[60,30]   [40,10,15] (5)   8002.38
[60,30]   [40,10,15] (10)   1261.68
[60,30]   [40,10,15] (15)   103.728
[60,30]   [40,10,15] (20)   102.64
[60,30]   [40,10,15] (25)   108.445
[60,30]   [40,10,15] (30)   112.931
[60,30]   [40,10,20] (0)   19067.9
[60,30]   [40,10,20] (5)   8304.45
[60,30]   [40,10,20] (10)   117.91
[60,30]   [40,10,20] (15)   116.008
[60,30]   [40,10,20] (20)   116.999
[60,30]   [40,10,20] (25)   120.214
[60,30]   [40,10,20] (30)   128.526
[60,30]   [40,20,5] (0)   12424.5
[60,30]   [40,20,5] (5)   12401.5
[60,30]   [40,20,5] (10)   9338.27
[60,30]   [40,20,5] (15)   185.933
[60,30]   [40,20,5] (20)   90.8884
[60,30]   [40,20,5] (25)   88.3985
[60,30]   [40,20,5] (30)   93.8094
[60,30]   [40,20,10] (0)   12463.4
[60,30]   [40,20,10] (5)   12354.2
[60,30]   [40,20,10] (10)   10257.4
[60,30]   [40,20,10] (15)   1681.54
[60,30]   [40,20,10] (20)   113.149
[60,30]   [40,20,10] (25)   107.366
[60,30]   [40,20,10] (30)   110.162
[60,30]   [40,20,15] (0)   12369.6
[60,30]   [40,20,15] (5)   12373.2
[60,30]   [40,20,15] (10)   8832.79
[60,30]   [40,20,15] (15)   128.268
[60,30]   [40,20,15] (20)   114.371
[60,30]   [40,20,15] (25)   114.262
[60,30]   [40,20,15] (30)   120.772
[60,30]   [40,20,20] (0)   12384.8
[60,30]   [40,20,20] (5)   12441.8
[60,30]   [40,20,20] (10)   9020.77
[60,30]   [40,20,20] (15)   130.607
[60,30]   [40,20,20] (20)   124.242
[60,30]   [40,20,20] (25)   129.118
[60,30]   [40,20,20] (30)   135.252
[60,30]   [40,30,5] (0)   5026.72
[60,30]   [40,30,5] (5)   5023.38
[60,30]   [40,30,5] (10)   5023.65
[60,30]   [40,30,5] (15)   3857.85
[60,30]   [40,30,5] (20)   131.352
[60,30]   [40,30,5] (25)   106.017
[60,30]   [40,30,5] (30)   105.675
[60,30]   [40,30,10] (0)   4980.18
[60,30]   [40,30,10] (5)   5003.13
[60,30]   [40,30,10] (10)   4984.08
[60,30]   [40,30,10] (15)   4052.75
[60,30]   [40,30,10] (20)   144.269
[60,30]   [40,30,10] (25)   126.968
[60,30]   [40,30,10] (30)   128.25
[60,30]   [40,30,15] (0)   4960.73
[60,30]   [40,30,15] (5)   5016.33
[60,30]   [40,30,15] (10)   5045.05
[60,30]   [40,30,15] (15)   3245.23
[60,30]   [40,30,15] (20)   134.939
[60,30]   [40,30,15] (25)   130.696
[60,30]   [40,30,15] (30)   134.144
[60,30]   [40,30,20] (0)   4932.56
[60,30]   [40,30,20] (5)   5068.5
[60,30]   [40,30,20] (10)   4994.37
[60,30]   [40,30,20] (15)   3385.93
[60,30]   [40,30,20] (20)   144.58
[60,30]   [40,30,20] (25)   142.04
[60,30]   [40,30,20] (30)   146.565
[60,30]   [40,40,5] (0)   164.478
[60,30]   [40,40,5] (5)   166.206
[60,30]   [40,40,5] (10)   166.938
[60,30]   [40,40,5] (15)   163.095
[60,30]   [40,40,5] (20)   161.951
[60,30]   [40,40,5] (25)   138.226
[60,30]   [40,40,5] (30)   132.59
[60,30]   [40,40,10] (0)   165.565
[60,30]   [40,40,10] (5)   166.086
[60,30]   [40,40,10] (10)   164.495
[60,30]   [40,40,10] (15)   167.496
[60,30]   [40,40,10] (20)   160.443
[60,30]   [40,40,10] (25)   147.644
[60,30]   [40,40,10] (30)   147.326
[60,30]   [40,40,15] (0)   166.714
[60,30]   [40,40,15] (5)   164.526
[60,30]   [40,40,15] (10)   164.813
[60,30]   [40,40,15] (15)   164.901
[60,30]   [40,40,15] (20)   158.021
[60,30]   [40,40,15] (25)   146.581
[60,30]   [40,40,15] (30)   149.829
[60,30]   [40,40,20] (0)   165.65
[60,30]   [40,40,20] (5)   163.737
[60,30]   [40,40,20] (10)   165.001
[60,30]   [40,40,20] (15)   164.694
[60,30]   [40,40,20] (20)   160.334
[60,30]   [40,40,20] (25)   155.012
[60,30]   [40,40,20] (30)   160.268
[60,30]   [40,50,5] (0)   3523.99
[60,30]   [40,50,5] (5)   3563.2
[60,30]   [40,50,5] (10)   3606.8
[60,30]   [40,50,5] (15)   3657.93
[60,30]   [40,50,5] (20)   3789.84
[60,30]   [40,50,5] (25)   3490.75
[60,30]   [40,50,5] (30)   3738.81
[60,30]   [40,50,10] (0)   3548.78
[60,30]   [40,50,10] (5)   3643.83
[60,30]   [40,50,10] (10)   3642.78
[60,30]   [40,50,10] (15)   3530.75
[60,30]   [40,50,10] (20)   3571.79
[60,30]   [40,50,10] (25)   3758.41
[60,30]   [40,50,10] (30)   3625.61
[60,30]   [40,50,15] (0)   3696.53
[60,30]   [40,50,15] (5)   3603.43
[60,30]   [40,50,15] (10)   3577.23
[60,30]   [40,50,15] (15)   3732.96
[60,30]   [40,50,15] (20)   3514.86
[60,30]   [40,50,15] (25)   3615.49
[60,30]   [40,50,15] (30)   3511.59
[60,30]   [40,50,20] (0)   3595.26
[60,30]   [40,50,20] (5)   3788
[60,30]   [40,50,20] (10)   3586.25
[60,30]   [40,50,20] (15)   3492.15
[60,30]   [40,50,20] (20)   3554.64
[60,30]   [40,50,20] (25)   3563.99
[60,30]   [40,50,20] (30)   3697.32
[60,30]   [40,60,5] (0)   8373.5
[60,30]   [40,60,5] (5)   8456.55
[60,30]   [40,60,5] (10)   8304.69
[60,30]   [40,60,5] (15)   8421.97
[60,30]   [40,60,5] (20)   8217.23
[60,30]   [40,60,5] (25)   8383.68
[60,30]   [40,60,5] (30)   8120.27
[60,30]   [40,60,10] (0)   8282.73
[60,30]   [40,60,10] (5)   8422.45
[60,30]   [40,60,10] (10)   8409.02
[60,30]   [40,60,10] (15)   8287.5
[60,30]   [40,60,10] (20)   8386.58
[60,30]   [40,60,10] (25)   8322.6
[60,30]   [40,60,10] (30)   8353.19
[60,30]   [40,60,15] (0)   8109.57
[60,30]   [40,60,15] (5)   8249.05
[60,30]   [40,60,15] (10)   8499.28
[60,30]   [40,60,15] (15)   8303.13
[60,30]   [40,60,15] (20)   8370.83
[60,30]   [40,60,15] (25)   8343.38
[60,30]   [40,60,15] (30)   8311.97
[60,30]   [40,60,20] (0)   8433.22
[60,30]   [40,60,20] (5)   8486.66
[60,30]   [40,60,20] (10)   8388.61
[60,30]   [40,60,20] (15)   8431.25
[60,30]   [40,60,20] (20)   8322.21
[60,30]   [40,60,20] (25)   8386.52
[60,30]   [40,60,20] (30)   8337.36
[60,30]   [50,10,5] (0)   25874
[60,30]   [50,10,5] (5)   15720.7
[60,30]   [50,10,5] (10)   2563.19
[60,30]   [50,10,5] (15)   80.7583
[60,30]   [50,10,5] (20)   81.8912
[60,30]   [50,10,5] (25)   86.2486
[60,30]   [50,10,5] (30)   91.1794
[60,30]   [50,10,10] (0)   25589.1
[60,30]   [50,10,10] (5)   16664.4
[60,30]   [50,10,10] (10)   7737.24
[60,30]   [50,10,10] (15)   1625.07
[60,30]   [50,10,10] (20)   104.336
[60,30]   [50,10,10] (25)   102.792
[60,30]   [50,10,10] (30)   105.684
[60,30]   [50,10,15] (0)   25961.3
[60,30]   [50,10,15] (5)   14161.5
[60,30]   [50,10,15] (10)   5142.96
[60,30]   [50,10,15] (15)   128.584
[60,30]   [50,10,15] (20)   108.264
[60,30]   [50,10,15] (25)   110.144
[60,30]   [50,10,15] (30)   113.41
[60,30]   [50,10,20] (0)   25676.1
[60,30]   [50,10,20] (5)   12927.6
[60,30]   [50,10,20] (10)   3586.09
[60,30]   [50,10,20] (15)   1818.57
[60,30]   [50,10,20] (20)   126.186
[60,30]   [50,10,20] (25)   125.414
[60,30]   [50,10,20] (30)   129.692
[60,30]   [50,20,5] (0)   16384
[60,30]   [50,20,5] (5)   16349.2
[60,30]   [50,20,5] (10)   13321
[60,30]   [50,20,5] (15)   2952.77
[60,30]   [50,20,5] (20)   101.899
[60,30]   [50,20,5] (25)   93.7478
[60,30]   [50,20,5] (30)   96.7551
[60,30]   [50,20,10] (0)   16278.7
[60,30]   [50,20,10] (5)   16290.8
[60,30]   [50,20,10] (10)   14305.3
[60,30]   [50,20,10] (15)   5801.53
[60,30]   [50,20,10] (20)   270.511
[60,30]   [50,20,10] (25)   114.892
[60,30]   [50,20,10] (30)   113.089
[60,30]   [50,20,15] (0)   16363.5
[60,30]   [50,20,15] (5)   16360.8
[60,30]   [50,20,15] (10)   11982.1
[60,30]   [50,20,15] (15)   2583.9
[60,30]   [50,20,15] (20)   134.696
[60,30]   [50,20,15] (25)   119.336
[60,30]   [50,20,15] (30)   120.914
[60,30]   [50,20,20] (0)   16379.4
[60,30]   [50,20,20] (5)   16303.4
[60,30]   [50,20,20] (10)   12578
[60,30]   [50,20,20] (15)   630.145
[60,30]   [50,20,20] (20)   138.929
[60,30]   [50,20,20] (25)   134.428
[60,30]   [50,20,20] (30)   136.203
[60,30]   [50,30,5] (0)   10061.5
[60,30]   [50,30,5] (5)   10025.5
[60,30]   [50,30,5] (10)   10054.6
[60,30]   [50,30,5] (15)   8543.4
[60,30]   [50,30,5] (20)   1345.34
[60,30]   [50,30,5] (25)   114.936
[60,30]   [50,30,5] (30)   106.021
[60,30]   [50,30,10] (0)   10064.3
[60,30]   [50,30,10] (5)   10070.7
[60,30]   [50,30,10] (10)   10048.5
[60,30]   [50,30,10] (15)   9051.07
[60,30]   [50,30,10] (20)   2934.57
[60,30]   [50,30,10] (25)   140.748
[60,30]   [50,30,10] (30)   128.965
[60,30]   [50,30,15] (0)   10156.3
[60,30]   [50,30,15] (5)   10005.8
[60,30]   [50,30,15] (10)   10025
[60,30]   [50,30,15] (15)   7895.53
[60,30]   [50,30,15] (20)   357.922
[60,30]   [50,30,15] (25)   136.088
[60,30]   [50,30,15] (30)   132.163
[60,30]   [50,30,20] (0)   10012.9
[60,30]   [50,30,20] (5)   10113.6
[60,30]   [50,30,20] (10)   10015
[60,30]   [50,30,20] (15)   8339.25
[60,30]   [50,30,20] (20)   187.579
[60,30]   [50,30,20] (25)   146.914
[60,30]   [50,30,20] (30)   147.015
[60,30]   [50,40,5] (0)   6627.46
[60,30]   [50,40,5] (5)   6660.08
[60,30]   [50,40,5] (10)   6667.29
[60,30]   [50,40,5] (15)   6267.41
[60,30]   [50,40,5] (20)   4009.55
[60,30]   [50,40,5] (25)   420.977
[60,30]   [50,40,5] (30)   131.731
[60,30]   [50,40,10] (0)   6593.59
[60,30]   [50,40,10] (5)   6728.41
[60,30]   [50,40,10] (10)   6674.13
[60,30]   [50,40,10] (15)   6186.75
[60,30]   [50,40,10] (20)   4262.36
[60,30]   [50,40,10] (25)   716.657
[60,30]   [50,40,10] (30)   148.905
[60,30]   [50,40,15] (0)   6641.87
[60,30]   [50,40,15] (5)   6699.68
[60,30]   [50,40,15] (10)   6687.26
[60,30]   [50,40,15] (15)   6151.51
[60,30]   [50,40,15] (20)   3781.88
[60,30]   [50,40,15] (25)   174.414
[60,30]   [50,40,15] (30)   151.101
[60,30]   [50,40,20] (0)   6713.47
[60,30]   [50,40,20] (5)   6622.39
[60,30]   [50,40,20] (10)   6575.25
[60,30]   [50,40,20] (15)   6149.17
[60,30]   [50,40,20] (20)   3937.8
[60,30]   [50,40,20] (25)   182.238
[60,30]   [50,40,20] (30)   160.159
[60,30]   [50,50,5] (0)   234.588
[60,30]   [50,50,5] (5)   229.149
[60,30]   [50,50,5] (10)   249.558
[60,30]   [50,50,5] (15)   253.739
[60,30]   [50,50,5] (20)   209.138
[60,30]   [50,50,5] (25)   205.936
[60,30]   [50,50,5] (30)   164.912
[60,30]   [50,50,10] (0)   225.36
[60,30]   [50,50,10] (5)   241.232
[60,30]   [50,50,10] (10)   217.255
[60,30]   [50,50,10] (15)   229.853
[60,30]   [50,50,10] (20)   203.951
[60,30]   [50,50,10] (25)   207.121
[60,30]   [50,50,10] (30)   171.989
[60,30]   [50,50,15] (0)   217.827
[60,30]   [50,50,15] (5)   232.621
[60,30]   [50,50,15] (10)   256.879
[60,30]   [50,50,15] (15)   242.71
[60,30]   [50,50,15] (20)   228.598
[60,30]   [50,50,15] (25)   199.803
[60,30]   [50,50,15] (30)   168.123
[60,30]   [50,50,20] (0)   231.418
[60,30]   [50,50,20] (5)   233.734
[60,30]   [50,50,20] (10)   237.513
[60,30]   [50,50,20] (15)   228.573
[60,30]   [50,50,20] (20)   238.67
[60,30]   [50,50,20] (25)   198.925
[60,30]   [50,50,20] (30)   174.694
[60,30]   [50,60,5] (0)   719.356
[60,30]   [50,60,5] (5)   805.397
[60,30]   [50,60,5] (10)   828.466
[60,30]   [50,60,5] (15)   888.471
[60,30]   [50,60,5] (20)   828.352
[60,30]   [50,60,5] (25)   791.527
[60,30]   [50,60,5] (30)   739.452
[60,30]   [50,60,10] (0)   757.797
[60,30]   [50,60,10] (5)   849.561
[60,30]   [50,60,10] (10)   782.366
[60,30]   [50,60,10] (15)   924.927
[60,30]   [50,60,10] (20)   756.091
[60,30]   [50,60,10] (25)   720.848
[60,30]   [50,60,10] (30)   768.231
[60,30]   [50,60,15] (0)   819.684
[60,30]   [50,60,15] (5)   818.565
[60,30]   [50,60,15] (10)   710.639
[60,30]   [50,60,15] (15)   712.579
[60,30]   [50,60,15] (20)   656.4
[60,30]   [50,60,15] (25)   806.234
[60,30]   [50,60,15] (30)   723.289
[60,30]   [50,60,20] (0)   739.296
[60,30]   [50,60,20] (5)   833.266
[60,30]   [50,60,20] (10)   823.417
[60,30]   [50,60,20] (15)   893.101
[60,30]   [50,60,20] (20)   710.386
[60,30]   [50,60,20] (25)   757.85
[60,30]   [50,60,20] (30)   723.937
[60,30]   [60,10,5] (0)   28190.8
[60,30]   [60,10,5] (5)   19275
[60,30]   [60,10,5] (10)   5239.69
[60,30]   [60,10,5] (15)   101.387
[60,30]   [60,10,5] (20)   87.6351
[60,30]   [60,10,5] (25)   91.0352
[60,30]   [60,10,5] (30)   95.7065
[60,30]   [60,10,10] (0)   27646.4
[60,30]   [60,10,10] (5)   20788.8
[60,30]   [60,10,10] (10)   11330.5
[60,30]   [60,10,10] (15)   4898.22
[60,30]   [60,10,10] (20)   348.272
[60,30]   [60,10,10] (25)   111.899
[60,30]   [60,10,10] (30)   111.976
[60,30]   [60,10,15] (0)   27389.8
[60,30]   [60,10,15] (5)   16275.8
[60,30]   [60,10,15] (10)   8911.38
[60,30]   [60,10,15] (15)   2745.33
[60,30]   [60,10,15] (20)   128.752
[60,30]   [60,10,15] (25)   119.18
[60,30]   [60,10,15] (30)   120.4
[60,30]   [60,10,20] (0)   27537.6
[60,30]   [60,10,20] (5)   17406.7
[60,30]   [60,10,20] (10)   8121.68
[60,30]   [60,10,20] (15)   6277.3
[60,30]   [60,10,20] (20)   154.495
[60,30]   [60,10,20] (25)   135.39
[60,30]   [60,10,20] (30)   136.817
[60,30]   [60,20,5] (0)   20393.7
[60,30]   [60,20,5] (5)   20370.9
[60,30]   [60,20,5] (10)   16939.2
[60,30]   [60,20,5] (15)   6228.39
[60,30]   [60,20,5] (20)   129.131
[60,30]   [60,20,5] (25)   100.091
[60,30]   [60,20,5] (30)   101.402
[60,30]   [60,20,10] (0)   20404.2
[60,30]   [60,20,10] (5)   20367.7
[60,30]   [60,20,10] (10)   17957.4
[60,30]   [60,20,10] (15)   9681.95
[60,30]   [60,20,10] (20)   3545.64
[60,30]   [60,20,10] (25)   142.021
[60,30]   [60,20,10] (30)   121.667
[60,30]   [60,20,15] (0)   20392.3
[60,30]   [60,20,15] (5)   20421.9
[60,30]   [60,20,15] (10)   16314.7
[60,30]   [60,20,15] (15)   6303.68
[60,30]   [60,20,15] (20)   1858.9
[60,30]   [60,20,15] (25)   129.285
[60,30]   [60,20,15] (30)   125.957
[60,30]   [60,20,20] (0)   20425.1
[60,30]   [60,20,20] (5)   20436.1
[60,30]   [60,20,20] (10)   17057.4
[60,30]   [60,20,20] (15)   5054.06
[60,30]   [60,20,20] (20)   2742.03
[60,30]   [60,20,20] (25)   155.11
[60,30]   [60,20,20] (30)   142.468
[60,30]   [60,30,5] (0)   26545.6
[60,30]   [60,30,5] (5)   26587.1
[60,30]   [60,30,5] (10)   26401.5
[60,30]   [60,30,5] (15)   12634.1
[60,30]   [60,30,5] (20)   4662.53
[60,30]   [60,30,5] (25)   132.049
[60,30]   [60,30,5] (30)   112.294
[60,30]   [60,30,10] (0)   26649.6
[60,30]   [60,30,10] (5)   26625.6
[60,30]   [60,30,10] (10)   25348.6
[60,30]   [60,30,10] (15)   13594
[60,30]   [60,30,10] (20)   6924.06
[60,30]   [60,30,10] (25)   1268.72
[60,30]   [60,30,10] (30)   142.403
[60,30]   [60,30,15] (0)   26569.1
[60,30]   [60,30,15] (5)   26601.6
[60,30]   [60,30,15] (10)   25556
[60,30]   [60,30,15] (15)   13372.9
[60,30]   [60,30,15] (20)   4481.96
[60,30]   [60,30,15] (25)   214.445
[60,30]   [60,30,15] (30)   148.693
[60,30]   [60,30,20] (0)   26539
[60,30]   [60,30,20] (5)   26491.8
[60,30]   [60,30,20] (10)   26586.1
[60,30]   [60,30,20] (15)   12831.4
[60,30]   [60,30,20] (20)   2776.49
[60,30]   [60,30,20] (25)   176.183
[60,30]   [60,30,20] (30)   159.577
[60,30]   [60,40,5] (0)   8832.19
[60,30]   [60,40,5] (5)   8911.13
[60,30]   [60,40,5] (10)   8822.61
[60,30]   [60,40,5] (15)   8919.52
[60,30]   [60,40,5] (20)   8154.99
[60,30]   [60,40,5] (25)   3524.1
[60,30]   [60,40,5] (30)   146.89
[60,30]   [60,40,10] (0)   8827.51
[60,30]   [60,40,10] (5)   8841.06
[60,30]   [60,40,10] (10)   8836.59
[60,30]   [60,40,10] (15)   8791.68
[60,30]   [60,40,10] (20)   8417.79
[60,30]   [60,40,10] (25)   4456.23
[60,30]   [60,40,10] (30)   194.193
[60,30]   [60,40,15] (0)   8899.95
[60,30]   [60,40,15] (5)   8863.46
[60,30]   [60,40,15] (10)   8832.89
[60,30]   [60,40,15] (15)   8840.92
[60,30]   [60,40,15] (20)   7861.1
[60,30]   [60,40,15] (25)   2420.11
[60,30]   [60,40,15] (30)   163.27
[60,30]   [60,40,20] (0)   8850.53
[60,30]   [60,40,20] (5)   8906.06
[60,30]   [60,40,20] (10)   8862.53
[60,30]   [60,40,20] (15)   8874.96
[60,30]   [60,40,20] (20)   8181.72
[60,30]   [60,40,20] (25)   1767.48
[60,30]   [60,40,20] (30)   171.281
[60,30]   [60,50,5] (0)   4437.08
[60,30]   [60,50,5] (5)   4392.67
[60,30]   [60,50,5] (10)   4399.52
[60,30]   [60,50,5] (15)   4316.24
[60,30]   [60,50,5] (20)   4267.78
[60,30]   [60,50,5] (25)   4043.12
[60,30]   [60,50,5] (30)   1279.23
[60,30]   [60,50,10] (0)   4318.92
[60,30]   [60,50,10] (5)   4330.11
[60,30]   [60,50,10] (10)   4371.08
[60,30]   [60,50,10] (15)   4300.14
[60,30]   [60,50,10] (20)   4314.91
[60,30]   [60,50,10] (25)   4150.35
[60,30]   [60,50,10] (30)   1861.74
[60,30]   [60,50,15] (0)   4344.93
[60,30]   [60,50,15] (5)   4316.96
[60,30]   [60,50,15] (10)   4311.63
[60,30]   [60,50,15] (15)   4374.52
[60,30]   [60,50,15] (20)   4314.63
[60,30]   [60,50,15] (25)   3910.35
[60,30]   [60,50,15] (30)   433.902
[60,30]   [60,50,20] (0)   4377.83
[60,30]   [60,50,20] (5)   4331.39
[60,30]   [60,50,20] (10)   4315.83
[60,30]   [60,50,20] (15)   4385.78
[60,30]   [60,50,20] (20)   4339.91
[60,30]   [60,50,20] (25)   4069.52
[60,30]   [60,50,20] (30)   374.183
[60,30]   [60,60,5] (0)   338.181
[60,30]   [60,60,5] (5)   323.381
[60,30]   [60,60,5] (10)   370.819
[60,30]   [60,60,5] (15)   366.39
[60,30]   [60,60,5] (20)   333.23
[60,30]   [60,60,5] (25)   363.747
[60,30]   [60,60,5] (30)   281.693
[60,30]   [60,60,10] (0)   330.165
[60,30]   [60,60,10] (5)   318.213
[60,30]   [60,60,10] (10)   353.908
[60,30]   [60,60,10] (15)   309.277
[60,30]   [60,60,10] (20)   340.313
[60,30]   [60,60,10] (25)   340.839
[60,30]   [60,60,10] (30)   259.554
[60,30]   [60,60,15] (0)   360.587
[60,30]   [60,60,15] (5)   321.423
[60,30]   [60,60,15] (10)   339.259
[60,30]   [60,60,15] (15)   345.287
[60,30]   [60,60,15] (20)   293.692
[60,30]   [60,60,15] (25)   336.759
[60,30]   [60,60,15] (30)   214.353
[60,30]   [60,60,20] (0)   342.206
[60,30]   [60,60,20] (5)   326.52
[60,30]   [60,60,20] (10)   353.8
[60,30]   [60,60,20] (15)   377.05
[60,30]   [60,60,20] (20)   370.428
[60,30]   [60,60,20] (25)   356.668
[60,30]   [60,60,20] (30)   280.095
