[90,20]   [10,10,5] (0)   71.8986
[90,20]   [10,10,5] (5)   48.2223
[90,20]   [10,10,5] (10)   50.2961
[90,20]   [10,10,5] (15)   60.091
[90,20]   [10,10,5] (20)   69.9729
[90,20]   [10,10,5] (25)   79.8675
[90,20]   [10,10,5] (30)   89.8268
[90,20]   [10,10,10] (0)   71.698
[90,20]   [10,10,10] (5)   56.3281
[90,20]   [10,10,10] (10)   62.8493
[90,20]   [10,10,10] (15)   71.3507
[90,20]   [10,10,10] (20)   80.2336
[90,20]   [10,10,10] (25)   88.9305
[90,20]   [10,10,10] (30)   97.8239
[90,20]   [10,10,15] (0)   70.4621
[90,20]   [10,10,15] (5)   59.8038
[90,20]   [10,10,15] (10)   67.3813
[90,20]   [10,10,15] (15)   76.1851
[90,20]   [10,10,15] (20)   85.1976
[90,20]   [10,10,15] (25)   94.018
[90,20]   [10,10,15] (30)   102.975
[90,20]   [10,10,20] (0)   73.3562
[90,20]   [10,10,20] (5)   68.6923
[90,20]   [10,10,20] (10)   76.6203
[90,20]   [10,10,20] (15)   85.2185
[90,20]   [10,10,20] (20)   94.0171
[90,20]   [10,10,20] (25)   102.507
[90,20]   [10,10,20] (30)   110.77
[90,20]   [10,20,5] (0)   8115.84
[90,20]   [10,20,5] (5)   8210
[90,20]   [10,20,5] (10)   8220.96
[90,20]   [10,20,5] (15)   8258.92
[90,20]   [10,20,5] (20)   8260.65
[90,20]   [10,20,5] (25)   7566.74
[90,20]   [10,20,5] (30)   6954.1
[90,20]   [10,20,10] (0)   8241.08
[90,20]   [10,20,10] (5)   8249.52
[90,20]   [10,20,10] (10)   8249.34
[90,20]   [10,20,10] (15)   8214.85
[90,20]   [10,20,10] (20)   8087.27
[90,20]   [10,20,10] (25)   8146.61
[90,20]   [10,20,10] (30)   8263.64
[90,20]   [10,20,15] (0)   8191.01
[90,20]   [10,20,15] (5)   8203.93
[90,20]   [10,20,15] (10)   8246.74
[90,20]   [10,20,15] (15)   8180.16
[90,20]   [10,20,15] (20)   8314.11
[90,20]   [10,20,15] (25)   6923.47
[90,20]   [10,20,15] (30)   6268.93
[90,20]   [10,20,20] (0)   8209.15
[90,20]   [10,20,20] (5)   8096.22
[90,20]   [10,20,20] (10)   8203.09
[90,20]   [10,20,20] (15)   8222.67
[90,20]   [10,20,20] (20)   8175.5
[90,20]   [10,20,20] (25)   8256.37
[90,20]   [10,20,20] (30)   8239.62
[90,20]   [10,30,5] (0)   17580.9
[90,20]   [10,30,5] (5)   17682.8
[90,20]   [10,30,5] (10)   17851
[90,20]   [10,30,5] (15)   17705.1
[90,20]   [10,30,5] (20)   17733.4
[90,20]   [10,30,5] (25)   17500.3
[90,20]   [10,30,5] (30)   16841
[90,20]   [10,30,10] (0)   17449.3
[90,20]   [10,30,10] (5)   17703.3
[90,20]   [10,30,10] (10)   17455.8
[90,20]   [10,30,10] (15)   17525.9
[90,20]   [10,30,10] (20)   17701.2
[90,20]   [10,30,10] (25)   17567.4
[90,20]   [10,30,10] (30)   17679.1
[90,20]   [10,30,15] (0)   17668.4
[90,20]   [10,30,15] (5)   17545.3
[90,20]   [10,30,15] (10)   17559
[90,20]   [10,30,15] (15)   17637.6
[90,20]   [10,30,15] (20)   17643
[90,20]   [10,30,15] (25)   17638.1
[90,20]   [10,30,15] (30)   16277.7
[90,20]   [10,30,20] (0)   17558.5
[90,20]   [10,30,20] (5)   17676.4
[90,20]   [10,30,20] (10)   17694.3
[90,20]   [10,30,20] (15)   17522.9
[90,20]   [10,30,20] (20)   17473.2
[90,20]   [10,30,20] (25)   17725
[90,20]   [10,30,20] (30)   17773.1
[90,20]   [10,40,5] (0)   26444.5
[90,20]   [10,40,5] (5)   26456.3
[90,20]   [10,40,5] (10)   26473.9
[90,20]   [10,40,5] (15)   26398.6
[90,20]   [10,40,5] (20)   26490.7
[90,20]   [10,40,5] (25)   26356.4
[90,20]   [10,40,5] (30)   26478.6
[90,20]   [10,40,10] (0)   26243.4
[90,20]   [10,40,10] (5)   26598.4
[90,20]   [10,40,10] (10)   26504.4
[90,20]   [10,40,10] (15)   26466
[90,20]   [10,40,10] (20)   26532.8
[90,20]   [10,40,10] (25)   26627.9
[90,20]   [10,40,10] (30)   26452.1
[90,20]   [10,40,15] (0)   26542.2
[90,20]   [10,40,15] (5)   26482.3
[90,20]   [10,40,15] (10)   26555
[90,20]   [10,40,15] (15)   26346
[90,20]   [10,40,15] (20)   26360.4
[90,20]   [10,40,15] (25)   26499.4
[90,20]   [10,40,15] (30)   26475.5
[90,20]   [10,40,20] (0)   26324
[90,20]   [10,40,20] (5)   26398.5
[90,20]   [10,40,20] (10)   26380.2
[90,20]   [10,40,20] (15)   26424
[90,20]   [10,40,20] (20)   26438.2
[90,20]   [10,40,20] (25)   26498.8
[90,20]   [10,40,20] (30)   26486.9
[90,20]   [10,50,5] (0)   33501.4
[90,20]   [10,50,5] (5)   33504.3
[90,20]   [10,50,5] (10)   33434.1
[90,20]   [10,50,5] (15)   33474.9
[90,20]   [10,50,5] (20)   33481.4
[90,20]   [10,50,5] (25)   33546.3
[90,20]   [10,50,5] (30)   33501.9
[90,20]   [10,50,10] (0)   33440.1
[90,20]   [10,50,10] (5)   33610
[90,20]   [10,50,10] (10)   33437.9
[90,20]   [10,50,10] (15)   33344.1
[90,20]   [10,50,10] (20)   33621.2
[90,20]   [10,50,10] (25)   33357.3
[90,20]   [10,50,10] (30)   33553.7
[90,20]   [10,50,15] (0)   33631.2
[90,20]   [10,50,15] (5)   33345.7
[90,20]   [10,50,15] (10)   33436.2
[90,20]   [10,50,15] (15)   33319.3
[90,20]   [10,50,15] (20)   33560.5
[90,20]   [10,50,15] (25)   33420.2
[90,20]   [10,50,15] (30)   33595.2
[90,20]   [10,50,20] (0)   33810.5
[90,20]   [10,50,20] (5)   33586.8
[90,20]   [10,50,20] (10)   33514.4
[90,20]   [10,50,20] (15)   33354.3
[90,20]   [10,50,20] (20)   33473.6
[90,20]   [10,50,20] (25)   33514.5
[90,20]   [10,50,20] (30)   33595
[90,20]   [10,60,5] (0)   39899.5
[90,20]   [10,60,5] (5)   39873.6
[90,20]   [10,60,5] (10)   40276.3
[90,20]   [10,60,5] (15)   39918.9
[90,20]   [10,60,5] (20)   40058.1
[90,20]   [10,60,5] (25)   39835.2
[90,20]   [10,60,5] (30)   40019.5
[90,20]   [10,60,10] (0)   39865
[90,20]   [10,60,10] (5)   39897.5
[90,20]   [10,60,10] (10)   40062.7
[90,20]   [10,60,10] (15)   39964
[90,20]   [10,60,10] (20)   39919.8
[90,20]   [10,60,10] (25)   39902.5
[90,20]   [10,60,10] (30)   40166.4
[90,20]   [10,60,15] (0)   39884.8
[90,20]   [10,60,15] (5)   39908.5
[90,20]   [10,60,15] (10)   39866.5
[90,20]   [10,60,15] (15)   40067.2
[90,20]   [10,60,15] (20)   39894.3
[90,20]   [10,60,15] (25)   39855.8
[90,20]   [10,60,15] (30)   39855.1
[90,20]   [10,60,20] (0)   39962.1
[90,20]   [10,60,20] (5)   39902.7
[90,20]   [10,60,20] (10)   39877
[90,20]   [10,60,20] (15)   39860.5
[90,20]   [10,60,20] (20)   39825.9
[90,20]   [10,60,20] (25)   39843.4
[90,20]   [10,60,20] (30)   40045.3
[90,20]   [20,10,5] (0)   7688.91
[90,20]   [20,10,5] (5)   1840.53
[90,20]   [20,10,5] (10)   52.5383
[90,20]   [20,10,5] (15)   56.1958
[90,20]   [20,10,5] (20)   65.6686
[90,20]   [20,10,5] (25)   75.4714
[90,20]   [20,10,5] (30)   85.5361
[90,20]   [20,10,10] (0)   7783.78
[90,20]   [20,10,10] (5)   1641.08
[90,20]   [20,10,10] (10)   68.2369
[90,20]   [20,10,10] (15)   73.202
[90,20]   [20,10,10] (20)   81.1633
[90,20]   [20,10,10] (25)   89.5446
[90,20]   [20,10,10] (30)   97.579
[90,20]   [20,10,15] (0)   7752.32
[90,20]   [20,10,15] (5)   91.0368
[90,20]   [20,10,15] (10)   74.2675
[90,20]   [20,10,15] (15)   81.192
[90,20]   [20,10,15] (20)   89.229
[90,20]   [20,10,15] (25)   97.4087
[90,20]   [20,10,15] (30)   105.483
[90,20]   [20,10,20] (0)   7709.39
[90,20]   [20,10,20] (5)   122.131
[90,20]   [20,10,20] (10)   87.5954
[90,20]   [20,10,20] (15)   93.136
[90,20]   [20,10,20] (20)   100.941
[90,20]   [20,10,20] (25)   108.965
[90,20]   [20,10,20] (30)   117.113
[90,20]   [20,20,5] (0)   110.51
[90,20]   [20,20,5] (5)   111.305
[90,20]   [20,20,5] (10)   95.012
[90,20]   [20,20,5] (15)   84.0109
[90,20]   [20,20,5] (20)   90.672
[90,20]   [20,20,5] (25)   99.1671
[90,20]   [20,20,5] (30)   107.081
[90,20]   [20,20,10] (0)   110.314
[90,20]   [20,20,10] (5)   111.781
[90,20]   [20,20,10] (10)   99.5518
[90,20]   [20,20,10] (15)   97.1181
[90,20]   [20,20,10] (20)   104.874
[90,20]   [20,20,10] (25)   112.467
[90,20]   [20,20,10] (30)   120.206
[90,20]   [20,20,15] (0)   110.332
[90,20]   [20,20,15] (5)   109.977
[90,20]   [20,20,15] (10)   97.1853
[90,20]   [20,20,15] (15)   99.8612
[90,20]   [20,20,15] (20)   107.113
[90,20]   [20,20,15] (25)   115.434
[90,20]   [20,20,15] (30)   123.597
[90,20]   [20,20,20] (0)   110.663
[90,20]   [20,20,20] (5)   110.546
[90,20]   [20,20,20] (10)   104.005
[90,20]   [20,20,20] (15)   109.198
[90,20]   [20,20,20] (20)   116.417
[90,20]   [20,20,20] (25)   124.388
[90,20]   [20,20,20] (30)   132.65
[90,20]   [20,30,5] (0)   5797.04
[90,20]   [20,30,5] (5)   5950.84
[90,20]   [20,30,5] (10)   5834.42
[90,20]   [20,30,5] (15)   5804.69
[90,20]   [20,30,5] (20)   5754.3
[90,20]   [20,30,5] (25)   5883.48
[90,20]   [20,30,5] (30)   5761.36
[90,20]   [20,30,10] (0)   5770.55
[90,20]   [20,30,10] (5)   5877.09
[90,20]   [20,30,10] (10)   5923.8
[90,20]   [20,30,10] (15)   5935.24
[90,20]   [20,30,10] (20)   5902.94
[90,20]   [20,30,10] (25)   5958.55
[90,20]   [20,30,10] (30)   5876.47
[90,20]   [20,30,15] (0)   5994.82
[90,20]   [20,30,15] (5)   5817.92
[90,20]   [20,30,15] (10)   5892.38
[90,20]   [20,30,15] (15)   5880.47
[90,20]   [20,30,15] (20)   5900.77
[90,20]   [20,30,15] (25)   5685.23
[90,20]   [20,30,15] (30)   5008.96
[90,20]   [20,30,20] (0)   5893.72
[90,20]   [20,30,20] (5)   5935.49
[90,20]   [20,30,20] (10)   5885.67
[90,20]   [20,30,20] (15)   5845.93
[90,20]   [20,30,20] (20)   5909.07
[90,20]   [20,30,20] (25)   6012.07
[90,20]   [20,30,20] (30)   5902.27
[90,20]   [20,40,5] (0)   14885
[90,20]   [20,40,5] (5)   14839.8
[90,20]   [20,40,5] (10)   14838.9
[90,20]   [20,40,5] (15)   14910
[90,20]   [20,40,5] (20)   14777.9
[90,20]   [20,40,5] (25)   14836.6
[90,20]   [20,40,5] (30)   14754.4
[90,20]   [20,40,10] (0)   15051.8
[90,20]   [20,40,10] (5)   15003.4
[90,20]   [20,40,10] (10)   14925.4
[90,20]   [20,40,10] (15)   15121.3
[90,20]   [20,40,10] (20)   14936.3
[90,20]   [20,40,10] (25)   14787.1
[90,20]   [20,40,10] (30)   14901.9
[90,20]   [20,40,15] (0)   14858.8
[90,20]   [20,40,15] (5)   15011.9
[90,20]   [20,40,15] (10)   14870.9
[90,20]   [20,40,15] (15)   15002.3
[90,20]   [20,40,15] (20)   14787.8
[90,20]   [20,40,15] (25)   15026.5
[90,20]   [20,40,15] (30)   14938.2
[90,20]   [20,40,20] (0)   14916.2
[90,20]   [20,40,20] (5)   14927.5
[90,20]   [20,40,20] (10)   14914.6
[90,20]   [20,40,20] (15)   14941.4
[90,20]   [20,40,20] (20)   14907.6
[90,20]   [20,40,20] (25)   15031.2
[90,20]   [20,40,20] (30)   15049.4
[90,20]   [20,50,5] (0)   22205.6
[90,20]   [20,50,5] (5)   22029
[90,20]   [20,50,5] (10)   22181.5
[90,20]   [20,50,5] (15)   22022.6
[90,20]   [20,50,5] (20)   22153.5
[90,20]   [20,50,5] (25)   22081.5
[90,20]   [20,50,5] (30)   22244
[90,20]   [20,50,10] (0)   22168.1
[90,20]   [20,50,10] (5)   21896.9
[90,20]   [20,50,10] (10)   22102.2
[90,20]   [20,50,10] (15)   22071.7
[90,20]   [20,50,10] (20)   21970.4
[90,20]   [20,50,10] (25)   22260.4
[90,20]   [20,50,10] (30)   22144.9
[90,20]   [20,50,15] (0)   22194.1
[90,20]   [20,50,15] (5)   22190.7
[90,20]   [20,50,15] (10)   22131
[90,20]   [20,50,15] (15)   22039.4
[90,20]   [20,50,15] (20)   22164.1
[90,20]   [20,50,15] (25)   22178.2
[90,20]   [20,50,15] (30)   22243.8
[90,20]   [20,50,20] (0)   22151.8
[90,20]   [20,50,20] (5)   21960.3
[90,20]   [20,50,20] (10)   22159
[90,20]   [20,50,20] (15)   22181.2
[90,20]   [20,50,20] (20)   22120.1
[90,20]   [20,50,20] (25)   21983.6
[90,20]   [20,50,20] (30)   22041.9
[90,20]   [20,60,5] (0)   28847.2
[90,20]   [20,60,5] (5)   28878.4
[90,20]   [20,60,5] (10)   28760.2
[90,20]   [20,60,5] (15)   28986.2
[90,20]   [20,60,5] (20)   28755.7
[90,20]   [20,60,5] (25)   28730.4
[90,20]   [20,60,5] (30)   28741.1
[90,20]   [20,60,10] (0)   28955.7
[90,20]   [20,60,10] (5)   28797.8
[90,20]   [20,60,10] (10)   28798.8
[90,20]   [20,60,10] (15)   28856.1
[90,20]   [20,60,10] (20)   28680.6
[90,20]   [20,60,10] (25)   28968.3
[90,20]   [20,60,10] (30)   28775
[90,20]   [20,60,15] (0)   29026.6
[90,20]   [20,60,15] (5)   28815.4
[90,20]   [20,60,15] (10)   28793.3
[90,20]   [20,60,15] (15)   28794.3
[90,20]   [20,60,15] (20)   28931.3
[90,20]   [20,60,15] (25)   28963.4
[90,20]   [20,60,15] (30)   28837
[90,20]   [20,60,20] (0)   28916.9
[90,20]   [20,60,20] (5)   28862.3
[90,20]   [20,60,20] (10)   28818.3
[90,20]   [20,60,20] (15)   28656.2
[90,20]   [20,60,20] (20)   28613.8
[90,20]   [20,60,20] (25)   28826.9
[90,20]   [20,60,20] (30)   28830.4
[90,20]   [30,10,5] (0)   14586.4
[90,20]   [30,10,5] (5)   7129.82
[90,20]   [30,10,5] (10)   64.7063
[90,20]   [30,10,5] (15)   62.3388
[90,20]   [30,10,5] (20)   66.8012
[90,20]   [30,10,5] (25)   74.6074
[90,20]   [30,10,5] (30)   84.8127
[90,20]   [30,10,10] (0)   14976.2
[90,20]   [30,10,10] (5)   7416.96
[90,20]   [30,10,10] (10)   99.7723
[90,20]   [30,10,10] (15)   78.3004
[90,20]   [30,10,10] (20)   81.6743
[90,20]   [30,10,10] (25)   88.7737
[90,20]   [30,10,10] (30)   97.0108
[90,20]   [30,10,15] (0)   14590.2
[90,20]   [30,10,15] (5)   3490.81
[90,20]   [30,10,15] (10)   85.473
[90,20]   [30,10,15] (15)   87.1426
[90,20]   [30,10,15] (20)   91.4452
[90,20]   [30,10,15] (25)   98.8411
[90,20]   [30,10,15] (30)   107.106
[90,20]   [30,10,20] (0)   14654.8
[90,20]   [30,10,20] (5)   3088.48
[90,20]   [30,10,20] (10)   94.0376
[90,20]   [30,10,20] (15)   96.0598
[90,20]   [30,10,20] (20)   104.456
[90,20]   [30,10,20] (25)   111.57
[90,20]   [30,10,20] (30)   119.602
[90,20]   [30,20,5] (0)   6264.05
[90,20]   [30,20,5] (5)   6341.9
[90,20]   [30,20,5] (10)   4030.21
[90,20]   [30,20,5] (15)   91.2935
[90,20]   [30,20,5] (20)   78.59
[90,20]   [30,20,5] (25)   83.4756
[90,20]   [30,20,5] (30)   92.4697
[90,20]   [30,20,10] (0)   6385.57
[90,20]   [30,20,10] (5)   6354.54
[90,20]   [30,20,10] (10)   4525.26
[90,20]   [30,20,10] (15)   101.674
[90,20]   [30,20,10] (20)   96.5322
[90,20]   [30,20,10] (25)   101.998
[90,20]   [30,20,10] (30)   109.934
[90,20]   [30,20,15] (0)   6379.71
[90,20]   [30,20,15] (5)   6305.28
[90,20]   [30,20,15] (10)   2544.79
[90,20]   [30,20,15] (15)   103.069
[90,20]   [30,20,15] (20)   104.645
[90,20]   [30,20,15] (25)   111.16
[90,20]   [30,20,15] (30)   118.867
[90,20]   [30,20,20] (0)   6288.81
[90,20]   [30,20,20] (5)   6339.55
[90,20]   [30,20,20] (10)   3170.81
[90,20]   [30,20,20] (15)   114.866
[90,20]   [30,20,20] (20)   117.109
[90,20]   [30,20,20] (25)   123.817
[90,20]   [30,20,20] (30)   131.647
[90,20]   [30,30,5] (0)   145.29
[90,20]   [30,30,5] (5)   144.625
[90,20]   [30,30,5] (10)   143.036
[90,20]   [30,30,5] (15)   132.948
[90,20]   [30,30,5] (20)   111.959
[90,20]   [30,30,5] (25)   108.924
[90,20]   [30,30,5] (30)   117.422
[90,20]   [30,30,10] (0)   143.291
[90,20]   [30,30,10] (5)   143.656
[90,20]   [30,30,10] (10)   143.361
[90,20]   [30,30,10] (15)   136.301
[90,20]   [30,30,10] (20)   122.837
[90,20]   [30,30,10] (25)   127.034
[90,20]   [30,30,10] (30)   134.584
[90,20]   [30,30,15] (0)   146.506
[90,20]   [30,30,15] (5)   143.888
[90,20]   [30,30,15] (10)   143.945
[90,20]   [30,30,15] (15)   132.428
[90,20]   [30,30,15] (20)   125.822
[90,20]   [30,30,15] (25)   131.168
[90,20]   [30,30,15] (30)   138.829
[90,20]   [30,30,20] (0)   144.768
[90,20]   [30,30,20] (5)   143.653
[90,20]   [30,30,20] (10)   146.464
[90,20]   [30,30,20] (15)   136.239
[90,20]   [30,30,20] (20)   134.954
[90,20]   [30,30,20] (25)   141.208
[90,20]   [30,30,20] (30)   149.482
[90,20]   [30,40,5] (0)   3940.21
[90,20]   [30,40,5] (5)   4107.56
[90,20]   [30,40,5] (10)   3966.68
[90,20]   [30,40,5] (15)   4015.63
[90,20]   [30,40,5] (20)   4151.64
[90,20]   [30,40,5] (25)   3959.85
[90,20]   [30,40,5] (30)   4092.9
[90,20]   [30,40,10] (0)   4185.94
[90,20]   [30,40,10] (5)   4042.81
[90,20]   [30,40,10] (10)   3936.46
[90,20]   [30,40,10] (15)   4031.74
[90,20]   [30,40,10] (20)   4142.55
[90,20]   [30,40,10] (25)   3983.24
[90,20]   [30,40,10] (30)   3974.84
[90,20]   [30,40,15] (0)   4005.14
[90,20]   [30,40,15] (5)   4033.91
[90,20]   [30,40,15] (10)   3945.31
[90,20]   [30,40,15] (15)   3913.77
[90,20]   [30,40,15] (20)   3868.85
[90,20]   [30,40,15] (25)   4016.51
[90,20]   [30,40,15] (30)   3854.22
[90,20]   [30,40,20] (0)   3995.58
[90,20]   [30,40,20] (5)   3916.69
[90,20]   [30,40,20] (10)   4055.37
[90,20]   [30,40,20] (15)   3955.15
[90,20]   [30,40,20] (20)   3940.16
[90,20]   [30,40,20] (25)   4041.68
[90,20]   [30,40,20] (30)   4169.87
[90,20]   [30,50,5] (0)   11305.3
[90,20]   [30,50,5] (5)   11399.3
[90,20]   [30,50,5] (10)   11343.3
[90,20]   [30,50,5] (15)   11362.3
[90,20]   [30,50,5] (20)   11145.1
[90,20]   [30,50,5] (25)   11111.4
[90,20]   [30,50,5] (30)   11269.8
[90,20]   [30,50,10] (0)   11337.4
[90,20]   [30,50,10] (5)   11198
[90,20]   [30,50,10] (10)   11365.9
[90,20]   [30,50,10] (15)   11295.2
[90,20]   [30,50,10] (20)   11275.7
[90,20]   [30,50,10] (25)   11199.8
[90,20]   [30,50,10] (30)   11317.9
[90,20]   [30,50,15] (0)   11337
[90,20]   [30,50,15] (5)   11258.2
[90,20]   [30,50,15] (10)   11378.2
[90,20]   [30,50,15] (15)   11373.3
[90,20]   [30,50,15] (20)   11247.6
[90,20]   [30,50,15] (25)   11142
[90,20]   [30,50,15] (30)   11048
[90,20]   [30,50,20] (0)   11290.1
[90,20]   [30,50,20] (5)   11403.8
[90,20]   [30,50,20] (10)   11342
[90,20]   [30,50,20] (15)   11275.4
[90,20]   [30,50,20] (20)   11206.4
[90,20]   [30,50,20] (25)   11334.5
[90,20]   [30,50,20] (30)   11231.6
[90,20]   [30,60,5] (0)   18457.2
[90,20]   [30,60,5] (5)   18239
[90,20]   [30,60,5] (10)   18302.1
[90,20]   [30,60,5] (15)   18529.7
[90,20]   [30,60,5] (20)   18454.6
[90,20]   [30,60,5] (25)   18211.4
[90,20]   [30,60,5] (30)   18432.6
[90,20]   [30,60,10] (0)   18426.8
[90,20]   [30,60,10] (5)   18477.4
[90,20]   [30,60,10] (10)   18357.4
[90,20]   [30,60,10] (15)   18293.2
[90,20]   [30,60,10] (20)   18463.5
[90,20]   [30,60,10] (25)   18494.4
[90,20]   [30,60,10] (30)   18528.3
[90,20]   [30,60,15] (0)   18304.9
[90,20]   [30,60,15] (5)   18157.2
[90,20]   [30,60,15] (10)   18446
[90,20]   [30,60,15] (15)   18273.3
[90,20]   [30,60,15] (20)   18162.5
[90,20]   [30,60,15] (25)   18354.6
[90,20]   [30,60,15] (30)   18448.3
[90,20]   [30,60,20] (0)   18432.1
[90,20]   [30,60,20] (5)   18359.5
[90,20]   [30,60,20] (10)   18431
[90,20]   [30,60,20] (15)   18444.3
[90,20]   [30,60,20] (20)   18449.1
[90,20]   [30,60,20] (25)   18545.5
[90,20]   [30,60,20] (30)   18462
[90,20]   [40,10,5] (0)   20145.1
[90,20]   [40,10,5] (5)   12722.4
[90,20]   [40,10,5] (10)   116.358
[90,20]   [40,10,5] (15)   70.4771
[90,20]   [40,10,5] (20)   73.2013
[90,20]   [40,10,5] (25)   76.8841
[90,20]   [40,10,5] (30)   84.9064
[90,20]   [40,10,10] (0)   20531.9
[90,20]   [40,10,10] (5)   12696.6
[90,20]   [40,10,10] (10)   3768.73
[90,20]   [40,10,10] (15)   91.9197
[90,20]   [40,10,10] (20)   88.5628
[90,20]   [40,10,10] (25)   91.4582
[90,20]   [40,10,10] (30)   97.0841
[90,20]   [40,10,15] (0)   19950.5
[90,20]   [40,10,15] (5)   9100.8
[90,20]   [40,10,15] (10)   1298.58
[90,20]   [40,10,15] (15)   98.4114
[90,20]   [40,10,15] (20)   97.6921
[90,20]   [40,10,15] (25)   102.282
[90,20]   [40,10,15] (30)   108.365
[90,20]   [40,10,20] (0)   20770.4
[90,20]   [40,10,20] (5)   8665.19
[90,20]   [40,10,20] (10)   111.863
[90,20]   [40,10,20] (15)   110.396
[90,20]   [40,10,20] (20)   112.64
[90,20]   [40,10,20] (25)   116.552
[90,20]   [40,10,20] (30)   123.187
[90,20]   [40,20,5] (0)   12211.1
[90,20]   [40,20,5] (5)   12110.8
[90,20]   [40,20,5] (10)   9364.28
[90,20]   [40,20,5] (15)   205.585
[90,20]   [40,20,5] (20)   88.0911
[90,20]   [40,20,5] (25)   85.2907
[90,20]   [40,20,5] (30)   88.5646
[90,20]   [40,20,10] (0)   12228.8
[90,20]   [40,20,10] (5)   12304.6
[90,20]   [40,20,10] (10)   10171.7
[90,20]   [40,20,10] (15)   1762.59
[90,20]   [40,20,10] (20)   106.495
[90,20]   [40,20,10] (25)   102.529
[90,20]   [40,20,10] (30)   106.638
[90,20]   [40,20,15] (0)   12214.9
[90,20]   [40,20,15] (5)   12226.5
[90,20]   [40,20,15] (10)   8294.08
[90,20]   [40,20,15] (15)   123.414
[90,20]   [40,20,15] (20)   110.635
[90,20]   [40,20,15] (25)   112.083
[90,20]   [40,20,15] (30)   117.465
[90,20]   [40,20,20] (0)   12226.4
[90,20]   [40,20,20] (5)   12204.5
[90,20]   [40,20,20] (10)   8752.15
[90,20]   [40,20,20] (15)   128.028
[90,20]   [40,20,20] (20)   121.963
[90,20]   [40,20,20] (25)   125.975
[90,20]   [40,20,20] (30)   132.563
[90,20]   [40,30,5] (0)   5480.86
[90,20]   [40,30,5] (5)   5338.65
[90,20]   [40,30,5] (10)   5306.66
[90,20]   [40,30,5] (15)   4182.69
[90,20]   [40,30,5] (20)   134.156
[90,20]   [40,30,5] (25)   105.429
[90,20]   [40,30,5] (30)   102.546
[90,20]   [40,30,10] (0)   5342.36
[90,20]   [40,30,10] (5)   5459.77
[90,20]   [40,30,10] (10)   5318.16
[90,20]   [40,30,10] (15)   4420.24
[90,20]   [40,30,10] (20)   145.341
[90,20]   [40,30,10] (25)   123.662
[90,20]   [40,30,10] (30)   124.196
[90,20]   [40,30,15] (0)   5454.29
[90,20]   [40,30,15] (5)   5386.56
[90,20]   [40,30,15] (10)   5433.29
[90,20]   [40,30,15] (15)   3287.91
[90,20]   [40,30,15] (20)   135.204
[90,20]   [40,30,15] (25)   128.348
[90,20]   [40,30,15] (30)   132.481
[90,20]   [40,30,20] (0)   5362.31
[90,20]   [40,30,20] (5)   5301.94
[90,20]   [40,30,20] (10)   5315.86
[90,20]   [40,30,20] (15)   3728.19
[90,20]   [40,30,20] (20)   143.298
[90,20]   [40,30,20] (25)   141.187
[90,20]   [40,30,20] (30)   145.553
[90,20]   [40,40,5] (0)   180.501
[90,20]   [40,40,5] (5)   178.216
[90,20]   [40,40,5] (10)   180.061
[90,20]   [40,40,5] (15)   180.544
[90,20]   [40,40,5] (20)   172.753
[90,20]   [40,40,5] (25)   152.952
[90,20]   [40,40,5] (30)   138.767
[90,20]   [40,40,10] (0)   178.19
[90,20]   [40,40,10] (5)   179.501
[90,20]   [40,40,10] (10)   178.978
[90,20]   [40,40,10] (15)   179.049
[90,20]   [40,40,10] (20)   175.667
[90,20]   [40,40,10] (25)   159.691
[90,20]   [40,40,10] (30)   156.055
[90,20]   [40,40,15] (0)   177.809
[90,20]   [40,40,15] (5)   179.669
[90,20]   [40,40,15] (10)   179.477
[90,20]   [40,40,15] (15)   179.895
[90,20]   [40,40,15] (20)   171.398
[90,20]   [40,40,15] (25)   157.4
[90,20]   [40,40,15] (30)   158.424
[90,20]   [40,40,20] (0)   182.208
[90,20]   [40,40,20] (5)   178.161
[90,20]   [40,40,20] (10)   181.049
[90,20]   [40,40,20] (15)   177.802
[90,20]   [40,40,20] (20)   176.353
[90,20]   [40,40,20] (25)   165.8
[90,20]   [40,40,20] (30)   169.275
[90,20]   [40,50,5] (0)   2845.49
[90,20]   [40,50,5] (5)   2759.53
[90,20]   [40,50,5] (10)   2710.22
[90,20]   [40,50,5] (15)   2732.13
[90,20]   [40,50,5] (20)   2813.26
[90,20]   [40,50,5] (25)   2642.44
[90,20]   [40,50,5] (30)   2826.21
[90,20]   [40,50,10] (0)   2721.64
[90,20]   [40,50,10] (5)   2871.41
[90,20]   [40,50,10] (10)   2773.24
[90,20]   [40,50,10] (15)   2773.83
[90,20]   [40,50,10] (20)   2782.16
[90,20]   [40,50,10] (25)   2690.36
[90,20]   [40,50,10] (30)   2873.63
[90,20]   [40,50,15] (0)   2679.12
[90,20]   [40,50,15] (5)   2916.98
[90,20]   [40,50,15] (10)   2883.4
[90,20]   [40,50,15] (15)   2675.09
[90,20]   [40,50,15] (20)   2825.75
[90,20]   [40,50,15] (25)   2795.46
[90,20]   [40,50,15] (30)   2746.81
[90,20]   [40,50,20] (0)   2699.72
[90,20]   [40,50,20] (5)   2929.29
[90,20]   [40,50,20] (10)   2772.37
[90,20]   [40,50,20] (15)   2710.05
[90,20]   [40,50,20] (20)   2899.16
[90,20]   [40,50,20] (25)   2782.56
[90,20]   [40,50,20] (30)   2734.22
[90,20]   [40,60,5] (0)   9965.74
[90,20]   [40,60,5] (5)   9987.68
[90,20]   [40,60,5] (10)   9893.02
[90,20]   [40,60,5] (15)   10035.7
[90,20]   [40,60,5] (20)   10097.3
[90,20]   [40,60,5] (25)   9629.03
[90,20]   [40,60,5] (30)   9902.94
[90,20]   [40,60,10] (0)   10031.4
[90,20]   [40,60,10] (5)   9864.85
[90,20]   [40,60,10] (10)   10023.5
[90,20]   [40,60,10] (15)   9883.9
[90,20]   [40,60,10] (20)   9879.01
[90,20]   [40,60,10] (25)   10109.8
[90,20]   [40,60,10] (30)   10165.9
[90,20]   [40,60,15] (0)   9757.73
[90,20]   [40,60,15] (5)   10081.5
[90,20]   [40,60,15] (10)   9894.22
[90,20]   [40,60,15] (15)   9911.1
[90,20]   [40,60,15] (20)   9916.72
[90,20]   [40,60,15] (25)   9909.87
[90,20]   [40,60,15] (30)   9953.08
[90,20]   [40,60,20] (0)   10102.9
[90,20]   [40,60,20] (5)   9955.31
[90,20]   [40,60,20] (10)   9875.54
[90,20]   [40,60,20] (15)   9885.78
[90,20]   [40,60,20] (20)   9841.97
[90,20]   [40,60,20] (25)   9994.22
[90,20]   [40,60,20] (30)   10044.4
[90,20]   [50,10,5] (0)   25840.1
[90,20]   [50,10,5] (5)   17183.3
[90,20]   [50,10,5] (10)   3144.93
[90,20]   [50,10,5] (15)   82.1453
[90,20]   [50,10,5] (20)   80.9862
[90,20]   [50,10,5] (25)   84.341
[90,20]   [50,10,5] (30)   89.4056
[90,20]   [50,10,10] (0)   26108.2
[90,20]   [50,10,10] (5)   18301.5
[90,20]   [50,10,10] (10)   8258.44
[90,20]   [50,10,10] (15)   1931.86
[90,20]   [50,10,10] (20)   100.681
[90,20]   [50,10,10] (25)   99.1598
[90,20]   [50,10,10] (30)   102.04
[90,20]   [50,10,15] (0)   25539.9
[90,20]   [50,10,15] (5)   14347.7
[90,20]   [50,10,15] (10)   6031.46
[90,20]   [50,10,15] (15)   209.092
[90,20]   [50,10,15] (20)   108.195
[90,20]   [50,10,15] (25)   110.081
[90,20]   [50,10,15] (30)   115.957
[90,20]   [50,10,20] (0)   25798.9
[90,20]   [50,10,20] (5)   13886.4
[90,20]   [50,10,20] (10)   4093.28
[90,20]   [50,10,20] (15)   2251.28
[90,20]   [50,10,20] (20)   124.066
[90,20]   [50,10,20] (25)   122.911
[90,20]   [50,10,20] (30)   128.374
[90,20]   [50,20,5] (0)   17713.6
[90,20]   [50,20,5] (5)   17967.8
[90,20]   [50,20,5] (10)   14813.7
[90,20]   [50,20,5] (15)   3780.66
[90,20]   [50,20,5] (20)   104.332
[90,20]   [50,20,5] (25)   90.114
[90,20]   [50,20,5] (30)   95.9796
[90,20]   [50,20,10] (0)   17995.3
[90,20]   [50,20,10] (5)   17807.3
[90,20]   [50,20,10] (10)   15540.4
[90,20]   [50,20,10] (15)   6588.12
[90,20]   [50,20,10] (20)   640.848
[90,20]   [50,20,10] (25)   113.707
[90,20]   [50,20,10] (30)   109.628
[90,20]   [50,20,15] (0)   17750.1
[90,20]   [50,20,15] (5)   17728.9
[90,20]   [50,20,15] (10)   14056.8
[90,20]   [50,20,15] (15)   3290.39
[90,20]   [50,20,15] (20)   139.98
[90,20]   [50,20,15] (25)   119.512
[90,20]   [50,20,15] (30)   121.763
[90,20]   [50,20,20] (0)   17843.8
[90,20]   [50,20,20] (5)   18116.7
[90,20]   [50,20,20] (10)   14391
[90,20]   [50,20,20] (15)   1480.9
[90,20]   [50,20,20] (20)   143.505
[90,20]   [50,20,20] (25)   133.42
[90,20]   [50,20,20] (30)   133.557
[90,20]   [50,30,5] (0)   11212.5
[90,20]   [50,30,5] (5)   11165.5
[90,20]   [50,30,5] (10)   11186.9
[90,20]   [50,30,5] (15)   9640.25
[90,20]   [50,30,5] (20)   1829.62
[90,20]   [50,30,5] (25)   117.235
[90,20]   [50,30,5] (30)   107.21
[90,20]   [50,30,10] (0)   11162.2
[90,20]   [50,30,10] (5)   11226.4
[90,20]   [50,30,10] (10)   11142.2
[90,20]   [50,30,10] (15)   10284.6
[90,20]   [50,30,10] (20)   3737.73
[90,20]   [50,30,10] (25)   142.38
[90,20]   [50,30,10] (30)   125.505
[90,20]   [50,30,15] (0)   11167.8
[90,20]   [50,30,15] (5)   11207
[90,20]   [50,30,15] (10)   11131.4
[90,20]   [50,30,15] (15)   8920.98
[90,20]   [50,30,15] (20)   647.388
[90,20]   [50,30,15] (25)   138.302
[90,20]   [50,30,15] (30)   133.545
[90,20]   [50,30,20] (0)   11264.7
[90,20]   [50,30,20] (5)   11173.9
[90,20]   [50,30,20] (10)   11174.4
[90,20]   [50,30,20] (15)   9335.94
[90,20]   [50,30,20] (20)   201.245
[90,20]   [50,30,20] (25)   146.052
[90,20]   [50,30,20] (30)   146.382
[90,20]   [50,40,5] (0)   5298.37
[90,20]   [50,40,5] (5)   5302.41
[90,20]   [50,40,5] (10)   5302.9
[90,20]   [50,40,5] (15)   5308.78
[90,20]   [50,40,5] (20)   4715.67
[90,20]   [50,40,5] (25)   793.799
[90,20]   [50,40,5] (30)   134.831
[90,20]   [50,40,10] (0)   5267.56
[90,20]   [50,40,10] (5)   5300.47
[90,20]   [50,40,10] (10)   5302.09
[90,20]   [50,40,10] (15)   5305.69
[90,20]   [50,40,10] (20)   4927.74
[90,20]   [50,40,10] (25)   1477.77
[90,20]   [50,40,10] (30)   153.52
[90,20]   [50,40,15] (0)   5325.83
[90,20]   [50,40,15] (5)   5305.92
[90,20]   [50,40,15] (10)   5259.72
[90,20]   [50,40,15] (15)   5166.77
[90,20]   [50,40,15] (20)   4500.68
[90,20]   [50,40,15] (25)   240.698
[90,20]   [50,40,15] (30)   154.145
[90,20]   [50,40,20] (0)   5346.41
[90,20]   [50,40,20] (5)   5310.55
[90,20]   [50,40,20] (10)   5303.81
[90,20]   [50,40,20] (15)   5265.23
[90,20]   [50,40,20] (20)   4579.42
[90,20]   [50,40,20] (25)   202.975
[90,20]   [50,40,20] (30)   161.973
[90,20]   [50,50,5] (0)   693.416
[90,20]   [50,50,5] (5)   722.726
[90,20]   [50,50,5] (10)   762.987
[90,20]   [50,50,5] (15)   807.8
[90,20]   [50,50,5] (20)   710.561
[90,20]   [50,50,5] (25)   605.335
[90,20]   [50,50,5] (30)   183.022
[90,20]   [50,50,10] (0)   870.386
[90,20]   [50,50,10] (5)   761.419
[90,20]   [50,50,10] (10)   741.396
[90,20]   [50,50,10] (15)   768.781
[90,20]   [50,50,10] (20)   741.167
[90,20]   [50,50,10] (25)   605.64
[90,20]   [50,50,10] (30)   190.153
[90,20]   [50,50,15] (0)   782.807
[90,20]   [50,50,15] (5)   704.88
[90,20]   [50,50,15] (10)   763.005
[90,20]   [50,50,15] (15)   806.21
[90,20]   [50,50,15] (20)   789.597
[90,20]   [50,50,15] (25)   491.765
[90,20]   [50,50,15] (30)   182.105
[90,20]   [50,50,20] (0)   736.233
[90,20]   [50,50,20] (5)   762.051
[90,20]   [50,50,20] (10)   809.861
[90,20]   [50,50,20] (15)   773.194
[90,20]   [50,50,20] (20)   760.004
[90,20]   [50,50,20] (25)   435.707
[90,20]   [50,50,20] (30)   190.231
[90,20]   [50,60,5] (0)   2804.2
[90,20]   [50,60,5] (5)   2691.18
[90,20]   [50,60,5] (10)   2899.21
[90,20]   [50,60,5] (15)   2790.17
[90,20]   [50,60,5] (20)   2778.11
[90,20]   [50,60,5] (25)   2785.57
[90,20]   [50,60,5] (30)   2839.16
[90,20]   [50,60,10] (0)   2766.77
[90,20]   [50,60,10] (5)   2716.42
[90,20]   [50,60,10] (10)   2678.5
[90,20]   [50,60,10] (15)   2874.26
[90,20]   [50,60,10] (20)   2841.85
[90,20]   [50,60,10] (25)   2899.33
[90,20]   [50,60,10] (30)   2829.73
[90,20]   [50,60,15] (0)   2797.25
[90,20]   [50,60,15] (5)   2825.16
[90,20]   [50,60,15] (10)   2764.94
[90,20]   [50,60,15] (15)   2694.96
[90,20]   [50,60,15] (20)   2664.16
[90,20]   [50,60,15] (25)   2718.62
[90,20]   [50,60,15] (30)   2700.47
[90,20]   [50,60,20] (0)   2806.95
[90,20]   [50,60,20] (5)   2836.87
[90,20]   [50,60,20] (10)   2815.92
[90,20]   [50,60,20] (15)   2845.53
[90,20]   [50,60,20] (20)   2759.96
[90,20]   [50,60,20] (25)   2870.47
[90,20]   [50,60,20] (30)   2877.92
[90,20]   [60,10,5] (0)   29855.6
[90,20]   [60,10,5] (5)   20780
[90,20]   [60,10,5] (10)   6038.01
[90,20]   [60,10,5] (15)   106.016
[90,20]   [60,10,5] (20)   87.1858
[90,20]   [60,10,5] (25)   91.5962
[90,20]   [60,10,5] (30)   95.1973
[90,20]   [60,10,10] (0)   30396.3
[90,20]   [60,10,10] (5)   22739
[90,20]   [60,10,10] (10)   11912.2
[90,20]   [60,10,10] (15)   5205.64
[90,20]   [60,10,10] (20)   573.291
[90,20]   [60,10,10] (25)   107.581
[90,20]   [60,10,10] (30)   108.789
[90,20]   [60,10,15] (0)   30407
[90,20]   [60,10,15] (5)   18376.9
[90,20]   [60,10,15] (10)   9793.87
[90,20]   [60,10,15] (15)   3270.7
[90,20]   [60,10,15] (20)   130.404
[90,20]   [60,10,15] (25)   116.642
[90,20]   [60,10,15] (30)   116.827
[90,20]   [60,10,20] (0)   30396
[90,20]   [60,10,20] (5)   18553.4
[90,20]   [60,10,20] (10)   8136.19
[90,20]   [60,10,20] (15)   6249.4
[90,20]   [60,10,20] (20)   146.821
[90,20]   [60,10,20] (25)   132.68
[90,20]   [60,10,20] (30)   133.505
[90,20]   [60,20,5] (0)   22213.8
[90,20]   [60,20,5] (5)   22333.9
[90,20]   [60,20,5] (10)   18744
[90,20]   [60,20,5] (15)   7416.92
[90,20]   [60,20,5] (20)   133.425
[90,20]   [60,20,5] (25)   101.849
[90,20]   [60,20,5] (30)   102.021
[90,20]   [60,20,10] (0)   22209.2
[90,20]   [60,20,10] (5)   22190
[90,20]   [60,20,10] (10)   19966
[90,20]   [60,20,10] (15)   10831
[90,20]   [60,20,10] (20)   4084.47
[90,20]   [60,20,10] (25)   142.343
[90,20]   [60,20,10] (30)   117.817
[90,20]   [60,20,15] (0)   22651.7
[90,20]   [60,20,15] (5)   22690.5
[90,20]   [60,20,15] (10)   18334.3
[90,20]   [60,20,15] (15)   7052.59
[90,20]   [60,20,15] (20)   2113.76
[90,20]   [60,20,15] (25)   131.031
[90,20]   [60,20,15] (30)   124.139
[90,20]   [60,20,20] (0)   22343.6
[90,20]   [60,20,20] (5)   22598.7
[90,20]   [60,20,20] (10)   19452.4
[90,20]   [60,20,20] (15)   5640.98
[90,20]   [60,20,20] (20)   2981.66
[90,20]   [60,20,20] (25)   157.341
[90,20]   [60,20,20] (30)   140.709
[90,20]   [60,30,5] (0)   15891.6
[90,20]   [60,30,5] (5)   15918.5
[90,20]   [60,30,5] (10)   15726.9
[90,20]   [60,30,5] (15)   13854.8
[90,20]   [60,30,5] (20)   5536.58
[90,20]   [60,30,5] (25)   131.272
[90,20]   [60,30,5] (30)   114.683
[90,20]   [60,30,10] (0)   15939.8
[90,20]   [60,30,10] (5)   15771.8
[90,20]   [60,30,10] (10)   15970.7
[90,20]   [60,30,10] (15)   14872.6
[90,20]   [60,30,10] (20)   7626.85
[90,20]   [60,30,10] (25)   1554.35
[90,20]   [60,30,10] (30)   138.066
[90,20]   [60,30,15] (0)   15719.5
[90,20]   [60,30,15] (5)   15944.1
[90,20]   [60,30,15] (10)   15811.2
[90,20]   [60,30,15] (15)   13459.4
[90,20]   [60,30,15] (20)   4723.12
[90,20]   [60,30,15] (25)   211.738
[90,20]   [60,30,15] (30)   139.373
[90,20]   [60,30,20] (0)   15761.9
[90,20]   [60,30,20] (5)   15726
[90,20]   [60,30,20] (10)   15892.7
[90,20]   [60,30,20] (15)   13799.4
[90,20]   [60,30,20] (20)   3488.07
[90,20]   [60,30,20] (25)   210.061
[90,20]   [60,30,20] (30)   155.609
[90,20]   [60,40,5] (0)   9985.52
[90,20]   [60,40,5] (5)   10001.9
[90,20]   [60,40,5] (10)   9947.32
[90,20]   [60,40,5] (15)   9916.33
[90,20]   [60,40,5] (20)   9178.19
[90,20]   [60,40,5] (25)   4533.84
[90,20]   [60,40,5] (30)   157.003
[90,20]   [60,40,10] (0)   9959.78
[90,20]   [60,40,10] (5)   10202
[90,20]   [60,40,10] (10)   10031.8
[90,20]   [60,40,10] (15)   9880.04
[90,20]   [60,40,10] (20)   9573.26
[90,20]   [60,40,10] (25)   5533.84
[90,20]   [60,40,10] (30)   393.136
[90,20]   [60,40,15] (0)   9938.77
[90,20]   [60,40,15] (5)   9997.73
[90,20]   [60,40,15] (10)   10064.3
[90,20]   [60,40,15] (15)   10061.6
[90,20]   [60,40,15] (20)   8913.86
[90,20]   [60,40,15] (25)   3294.07
[90,20]   [60,40,15] (30)   168.09
[90,20]   [60,40,20] (0)   9923.47
[90,20]   [60,40,20] (5)   10093.5
[90,20]   [60,40,20] (10)   9946.56
[90,20]   [60,40,20] (15)   10067.9
[90,20]   [60,40,20] (20)   9323.72
[90,20]   [60,40,20] (25)   2905.31
[90,20]   [60,40,20] (30)   174.455
[90,20]   [60,50,5] (0)   6516
[90,20]   [60,50,5] (5)   6547.9
[90,20]   [60,50,5] (10)   6444.05
[90,20]   [60,50,5] (15)   6419.08
[90,20]   [60,50,5] (20)   6478.25
[90,20]   [60,50,5] (25)   5188.33
[90,20]   [60,50,5] (30)   2356.88
[90,20]   [60,50,10] (0)   6470.88
[90,20]   [60,50,10] (5)   6384.34
[90,20]   [60,50,10] (10)   6487.51
[90,20]   [60,50,10] (15)   6538.69
[90,20]   [60,50,10] (20)   6534.78
[90,20]   [60,50,10] (25)   5224.55
[90,20]   [60,50,10] (30)   2801.23
[90,20]   [60,50,15] (0)   6478.8
[90,20]   [60,50,15] (5)   6553.99
[90,20]   [60,50,15] (10)   6443.53
[90,20]   [60,50,15] (15)   6448.99
[90,20]   [60,50,15] (20)   6102.74
[90,20]   [60,50,15] (25)   5035.28
[90,20]   [60,50,15] (30)   1443.67
[90,20]   [60,50,20] (0)   6446.25
[90,20]   [60,50,20] (5)   6430.93
[90,20]   [60,50,20] (10)   6479.49
[90,20]   [60,50,20] (15)   6511.41
[90,20]   [60,50,20] (20)   6458.85
[90,20]   [60,50,20] (25)   5415.35
[90,20]   [60,50,20] (30)   1086.3
[90,20]   [60,60,5] (0)   816.397
[90,20]   [60,60,5] (5)   827.217
[90,20]   [60,60,5] (10)   795.363
[90,20]   [60,60,5] (15)   805.021
[90,20]   [60,60,5] (20)   793.884
[90,20]   [60,60,5] (25)   816.808
[90,20]   [60,60,5] (30)   756.47
[90,20]   [60,60,10] (0)   820.888
[90,20]   [60,60,10] (5)   860.996
[90,20]   [60,60,10] (10)   823.324
[90,20]   [60,60,10] (15)   815.143
[90,20]   [60,60,10] (20)   756.049
[90,20]   [60,60,10] (25)   756.699
[90,20]   [60,60,10] (30)   729.364
[90,20]   [60,60,15] (0)   833.818
[90,20]   [60,60,15] (5)   855.955
[90,20]   [60,60,15] (10)   826.196
[90,20]   [60,60,15] (15)   815.342
[90,20]   [60,60,15] (20)   921.362
[90,20]   [60,60,15] (25)   930.223
[90,20]   [60,60,15] (30)   540.616
[90,20]   [60,60,20] (0)   864.903
[90,20]   [60,60,20] (5)   855.714
[90,20]   [60,60,20] (10)   845.752
[90,20]   [60,60,20] (15)   816.468
[90,20]   [60,60,20] (20)   884.562
[90,20]   [60,60,20] (25)   865.705
[90,20]   [60,60,20] (30)   698.24
