[90,10]   [10,10,5] (0)   61.6206
[90,10]   [10,10,5] (5)   44.0726
[90,10]   [10,10,5] (10)   47.0986
[90,10]   [10,10,5] (15)   57.1791
[90,10]   [10,10,5] (20)   67.1354
[90,10]   [10,10,5] (25)   77.0144
[90,10]   [10,10,5] (30)   87.0195
[90,10]   [10,10,10] (0)   63.2971
[90,10]   [10,10,10] (5)   51.6783
[90,10]   [10,10,10] (10)   58.6325
[90,10]   [10,10,10] (15)   67.3993
[90,10]   [10,10,10] (20)   76.1886
[90,10]   [10,10,10] (25)   84.8092
[90,10]   [10,10,10] (30)   93.7907
[90,10]   [10,10,15] (0)   62.6527
[90,10]   [10,10,15] (5)   54.7699
[90,10]   [10,10,15] (10)   63.187
[90,10]   [10,10,15] (15)   71.7793
[90,10]   [10,10,15] (20)   80.6186
[90,10]   [10,10,15] (25)   89.5884
[90,10]   [10,10,15] (30)   98.7486
[90,10]   [10,10,20] (0)   67.6337
[90,10]   [10,10,20] (5)   63.872
[90,10]   [10,10,20] (10)   71.8038
[90,10]   [10,10,20] (15)   80.4132
[90,10]   [10,10,20] (20)   89.0063
[90,10]   [10,10,20] (25)   97.7479
[90,10]   [10,10,20] (30)   106.28
[90,10]   [10,20,5] (0)   8105.22
[90,10]   [10,20,5] (5)   8144.96
[90,10]   [10,20,5] (10)   8165.04
[90,10]   [10,20,5] (15)   8081.6
[90,10]   [10,20,5] (20)   7896.4
[90,10]   [10,20,5] (25)   7572.51
[90,10]   [10,20,5] (30)   7335.48
[90,10]   [10,20,10] (0)   8271.23
[90,10]   [10,20,10] (5)   8196.39
[90,10]   [10,20,10] (10)   8369.15
[90,10]   [10,20,10] (15)   8052.94
[90,10]   [10,20,10] (20)   8080.96
[90,10]   [10,20,10] (25)   8339.15
[90,10]   [10,20,10] (30)   8216.01
[90,10]   [10,20,15] (0)   8153.25
[90,10]   [10,20,15] (5)   8225.8
[90,10]   [10,20,15] (10)   8161.82
[90,10]   [10,20,15] (15)   8073.65
[90,10]   [10,20,15] (20)   7810.66
[90,10]   [10,20,15] (25)   6279.01
[90,10]   [10,20,15] (30)   6932.48
[90,10]   [10,20,20] (0)   8157.93
[90,10]   [10,20,20] (5)   8137.45
[90,10]   [10,20,20] (10)   8115.27
[90,10]   [10,20,20] (15)   8344.91
[90,10]   [10,20,20] (20)   8308.88
[90,10]   [10,20,20] (25)   8317.45
[90,10]   [10,20,20] (30)   7948.91
[90,10]   [10,30,5] (0)   17635.2
[90,10]   [10,30,5] (5)   17369.2
[90,10]   [10,30,5] (10)   17566.9
[90,10]   [10,30,5] (15)   17601.2
[90,10]   [10,30,5] (20)   17488.2
[90,10]   [10,30,5] (25)   17599.9
[90,10]   [10,30,5] (30)   16582.9
[90,10]   [10,30,10] (0)   17504.1
[90,10]   [10,30,10] (5)   17428.9
[90,10]   [10,30,10] (10)   17170.2
[90,10]   [10,30,10] (15)   17326.8
[90,10]   [10,30,10] (20)   17499.9
[90,10]   [10,30,10] (25)   17316.8
[90,10]   [10,30,10] (30)   17216.2
[90,10]   [10,30,15] (0)   17222.1
[90,10]   [10,30,15] (5)   17425.9
[90,10]   [10,30,15] (10)   17096.7
[90,10]   [10,30,15] (15)   17289.7
[90,10]   [10,30,15] (20)   17082.8
[90,10]   [10,30,15] (25)   17527.5
[90,10]   [10,30,15] (30)   15943.6
[90,10]   [10,30,20] (0)   17393.8
[90,10]   [10,30,20] (5)   17311.3
[90,10]   [10,30,20] (10)   17442.4
[90,10]   [10,30,20] (15)   17339.3
[90,10]   [10,30,20] (20)   17277.4
[90,10]   [10,30,20] (25)   17399.2
[90,10]   [10,30,20] (30)   17407.7
[90,10]   [10,40,5] (0)   26639.2
[90,10]   [10,40,5] (5)   26662
[90,10]   [10,40,5] (10)   26664.4
[90,10]   [10,40,5] (15)   26809.7
[90,10]   [10,40,5] (20)   26787.7
[90,10]   [10,40,5] (25)   26994.3
[90,10]   [10,40,5] (30)   26607.6
[90,10]   [10,40,10] (0)   27148.4
[90,10]   [10,40,10] (5)   26683.5
[90,10]   [10,40,10] (10)   26694.6
[90,10]   [10,40,10] (15)   26470.3
[90,10]   [10,40,10] (20)   26645.5
[90,10]   [10,40,10] (25)   27055.3
[90,10]   [10,40,10] (30)   26779.2
[90,10]   [10,40,15] (0)   26720.9
[90,10]   [10,40,15] (5)   26928.9
[90,10]   [10,40,15] (10)   26788.5
[90,10]   [10,40,15] (15)   26632.6
[90,10]   [10,40,15] (20)   26686.2
[90,10]   [10,40,15] (25)   26687.6
[90,10]   [10,40,15] (30)   26928.8
[90,10]   [10,40,20] (0)   26638.5
[90,10]   [10,40,20] (5)   26632.1
[90,10]   [10,40,20] (10)   26664.1
[90,10]   [10,40,20] (15)   26574
[90,10]   [10,40,20] (20)   26877.3
[90,10]   [10,40,20] (25)   26818.5
[90,10]   [10,40,20] (30)   26442.1
[90,10]   [10,50,5] (0)   32656.3
[90,10]   [10,50,5] (5)   32792.8
[90,10]   [10,50,5] (10)   32621.3
[90,10]   [10,50,5] (15)   32779.4
[90,10]   [10,50,5] (20)   33058.3
[90,10]   [10,50,5] (25)   32580.5
[90,10]   [10,50,5] (30)   32595.3
[90,10]   [10,50,10] (0)   32649.6
[90,10]   [10,50,10] (5)   32632.3
[90,10]   [10,50,10] (10)   32713
[90,10]   [10,50,10] (15)   32637.3
[90,10]   [10,50,10] (20)   32620
[90,10]   [10,50,10] (25)   32984.7
[90,10]   [10,50,10] (30)   32581.9
[90,10]   [10,50,15] (0)   32579.8
[90,10]   [10,50,15] (5)   32643.2
[90,10]   [10,50,15] (10)   32885.8
[90,10]   [10,50,15] (15)   32598.6
[90,10]   [10,50,15] (20)   32561.3
[90,10]   [10,50,15] (25)   32785.3
[90,10]   [10,50,15] (30)   32749.4
[90,10]   [10,50,20] (0)   32702.9
[90,10]   [10,50,20] (5)   32746.8
[90,10]   [10,50,20] (10)   32708.3
[90,10]   [10,50,20] (15)   32871.8
[90,10]   [10,50,20] (20)   33000.3
[90,10]   [10,50,20] (25)   32754.4
[90,10]   [10,50,20] (30)   32882.8
[90,10]   [10,60,5] (0)   38685.9
[90,10]   [10,60,5] (5)   38521.1
[90,10]   [10,60,5] (10)   38468.7
[90,10]   [10,60,5] (15)   38851.4
[90,10]   [10,60,5] (20)   38515.4
[90,10]   [10,60,5] (25)   38845.6
[90,10]   [10,60,5] (30)   38888
[90,10]   [10,60,10] (0)   38484.2
[90,10]   [10,60,10] (5)   38576.1
[90,10]   [10,60,10] (10)   39040.8
[90,10]   [10,60,10] (15)   38626.1
[90,10]   [10,60,10] (20)   38536.8
[90,10]   [10,60,10] (25)   38969.2
[90,10]   [10,60,10] (30)   38338.2
[90,10]   [10,60,15] (0)   38491.9
[90,10]   [10,60,15] (5)   38512.2
[90,10]   [10,60,15] (10)   38511.9
[90,10]   [10,60,15] (15)   38679
[90,10]   [10,60,15] (20)   38658.5
[90,10]   [10,60,15] (25)   38688.9
[90,10]   [10,60,15] (30)   38533.3
[90,10]   [10,60,20] (0)   38672.8
[90,10]   [10,60,20] (5)   38669.5
[90,10]   [10,60,20] (10)   38658.6
[90,10]   [10,60,20] (15)   38846.8
[90,10]   [10,60,20] (20)   38655.6
[90,10]   [10,60,20] (25)   38617.8
[90,10]   [10,60,20] (30)   38537.5
[90,10]   [20,10,5] (0)   7957.59
[90,10]   [20,10,5] (5)   1700.99
[90,10]   [20,10,5] (10)   49.3824
[90,10]   [20,10,5] (15)   54.3015
[90,10]   [20,10,5] (20)   63.6625
[90,10]   [20,10,5] (25)   73.5022
[90,10]   [20,10,5] (30)   83.4015
[90,10]   [20,10,10] (0)   8221.98
[90,10]   [20,10,10] (5)   1550.14
[90,10]   [20,10,10] (10)   64.1741
[90,10]   [20,10,10] (15)   69.1441
[90,10]   [20,10,10] (20)   77.2846
[90,10]   [20,10,10] (25)   85.575
[90,10]   [20,10,10] (30)   93.949
[90,10]   [20,10,15] (0)   7787.78
[90,10]   [20,10,15] (5)   86.1847
[90,10]   [20,10,15] (10)   71.1046
[90,10]   [20,10,15] (15)   77.6079
[90,10]   [20,10,15] (20)   85.4666
[90,10]   [20,10,15] (25)   93.8026
[90,10]   [20,10,15] (30)   102.044
[90,10]   [20,10,20] (0)   7943.59
[90,10]   [20,10,20] (5)   111.111
[90,10]   [20,10,20] (10)   83.1477
[90,10]   [20,10,20] (15)   88.6808
[90,10]   [20,10,20] (20)   96.7832
[90,10]   [20,10,20] (25)   104.837
[90,10]   [20,10,20] (30)   112.728
[90,10]   [20,20,5] (0)   101.347
[90,10]   [20,20,5] (5)   102.094
[90,10]   [20,20,5] (10)   89.4034
[90,10]   [20,20,5] (15)   78.6013
[90,10]   [20,20,5] (20)   85.3525
[90,10]   [20,20,5] (25)   94.0014
[90,10]   [20,20,5] (30)   102.145
[90,10]   [20,20,10] (0)   102.375
[90,10]   [20,20,10] (5)   101.366
[90,10]   [20,20,10] (10)   92.5162
[90,10]   [20,20,10] (15)   91.3998
[90,10]   [20,20,10] (20)   98.4068
[90,10]   [20,20,10] (25)   106.513
[90,10]   [20,20,10] (30)   114.465
[90,10]   [20,20,15] (0)   100.972
[90,10]   [20,20,15] (5)   102.006
[90,10]   [20,20,15] (10)   91.4416
[90,10]   [20,20,15] (15)   95.2361
[90,10]   [20,20,15] (20)   102.651
[90,10]   [20,20,15] (25)   110.291
[90,10]   [20,20,15] (30)   118.29
[90,10]   [20,20,20] (0)   100.438
[90,10]   [20,20,20] (5)   100.169
[90,10]   [20,20,20] (10)   95.8863
[90,10]   [20,20,20] (15)   101.811
[90,10]   [20,20,20] (20)   109.707
[90,10]   [20,20,20] (25)   117.154
[90,10]   [20,20,20] (30)   124.839
[90,10]   [20,30,5] (0)   6461.32
[90,10]   [20,30,5] (5)   6470.63
[90,10]   [20,30,5] (10)   6300.45
[90,10]   [20,30,5] (15)   6466.74
[90,10]   [20,30,5] (20)   6574.87
[90,10]   [20,30,5] (25)   6370.24
[90,10]   [20,30,5] (30)   4864.29
[90,10]   [20,30,10] (0)   6463.45
[90,10]   [20,30,10] (5)   6402.87
[90,10]   [20,30,10] (10)   6486.99
[90,10]   [20,30,10] (15)   6418.87
[90,10]   [20,30,10] (20)   6327
[90,10]   [20,30,10] (25)   6549.44
[90,10]   [20,30,10] (30)   5855.42
[90,10]   [20,30,15] (0)   6493.87
[90,10]   [20,30,15] (5)   6455.84
[90,10]   [20,30,15] (10)   6436.74
[90,10]   [20,30,15] (15)   6491.86
[90,10]   [20,30,15] (20)   6407.79
[90,10]   [20,30,15] (25)   6351.69
[90,10]   [20,30,15] (30)   4975.11
[90,10]   [20,30,20] (0)   6482.08
[90,10]   [20,30,20] (5)   6362.59
[90,10]   [20,30,20] (10)   6530.56
[90,10]   [20,30,20] (15)   6503.7
[90,10]   [20,30,20] (20)   6458.49
[90,10]   [20,30,20] (25)   6471.29
[90,10]   [20,30,20] (30)   6024.13
[90,10]   [20,40,5] (0)   14632.6
[90,10]   [20,40,5] (5)   14461.2
[90,10]   [20,40,5] (10)   14379.8
[90,10]   [20,40,5] (15)   14376.3
[90,10]   [20,40,5] (20)   14493.6
[90,10]   [20,40,5] (25)   14199.8
[90,10]   [20,40,5] (30)   14109.7
[90,10]   [20,40,10] (0)   14329.3
[90,10]   [20,40,10] (5)   14458.9
[90,10]   [20,40,10] (10)   14298.9
[90,10]   [20,40,10] (15)   14316
[90,10]   [20,40,10] (20)   14356
[90,10]   [20,40,10] (25)   14286.7
[90,10]   [20,40,10] (30)   14134
[90,10]   [20,40,15] (0)   14373.5
[90,10]   [20,40,15] (5)   14378.8
[90,10]   [20,40,15] (10)   14304.2
[90,10]   [20,40,15] (15)   14502.2
[90,10]   [20,40,15] (20)   14356.2
[90,10]   [20,40,15] (25)   14414.5
[90,10]   [20,40,15] (30)   14383.5
[90,10]   [20,40,20] (0)   14565.2
[90,10]   [20,40,20] (5)   14464.6
[90,10]   [20,40,20] (10)   14072.1
[90,10]   [20,40,20] (15)   14336.6
[90,10]   [20,40,20] (20)   14457.8
[90,10]   [20,40,20] (25)   14329.4
[90,10]   [20,40,20] (30)   14292.9
[90,10]   [20,50,5] (0)   21123.4
[90,10]   [20,50,5] (5)   21067.4
[90,10]   [20,50,5] (10)   21069.4
[90,10]   [20,50,5] (15)   21368.1
[90,10]   [20,50,5] (20)   21101.1
[90,10]   [20,50,5] (25)   21058.2
[90,10]   [20,50,5] (30)   21305.1
[90,10]   [20,50,10] (0)   21313.6
[90,10]   [20,50,10] (5)   21372.2
[90,10]   [20,50,10] (10)   21176.3
[90,10]   [20,50,10] (15)   21110.7
[90,10]   [20,50,10] (20)   21015.7
[90,10]   [20,50,10] (25)   20855.2
[90,10]   [20,50,10] (30)   21243
[90,10]   [20,50,15] (0)   20949.7
[90,10]   [20,50,15] (5)   20863.4
[90,10]   [20,50,15] (10)   21076.8
[90,10]   [20,50,15] (15)   20982.4
[90,10]   [20,50,15] (20)   20945.3
[90,10]   [20,50,15] (25)   20905.1
[90,10]   [20,50,15] (30)   21057.5
[90,10]   [20,50,20] (0)   21239.6
[90,10]   [20,50,20] (5)   20863.2
[90,10]   [20,50,20] (10)   20810.1
[90,10]   [20,50,20] (15)   20982.5
[90,10]   [20,50,20] (20)   21145
[90,10]   [20,50,20] (25)   21127
[90,10]   [20,50,20] (30)   21104.8
[90,10]   [20,60,5] (0)   27690.3
[90,10]   [20,60,5] (5)   27577.2
[90,10]   [20,60,5] (10)   27718.6
[90,10]   [20,60,5] (15)   27520.8
[90,10]   [20,60,5] (20)   27766.1
[90,10]   [20,60,5] (25)   27556.7
[90,10]   [20,60,5] (30)   27809.1
[90,10]   [20,60,10] (0)   27588.1
[90,10]   [20,60,10] (5)   27709.2
[90,10]   [20,60,10] (10)   27515.8
[90,10]   [20,60,10] (15)   27646.8
[90,10]   [20,60,10] (20)   27820.4
[90,10]   [20,60,10] (25)   27604
[90,10]   [20,60,10] (30)   27725.1
[90,10]   [20,60,15] (0)   27372.8
[90,10]   [20,60,15] (5)   27396.6
[90,10]   [20,60,15] (10)   27650.4
[90,10]   [20,60,15] (15)   27929.3
[90,10]   [20,60,15] (20)   27615.9
[90,10]   [20,60,15] (25)   27786.9
[90,10]   [20,60,15] (30)   27818.8
[90,10]   [20,60,20] (0)   27813.3
[90,10]   [20,60,20] (5)   27721.5
[90,10]   [20,60,20] (10)   27759.7
[90,10]   [20,60,20] (15)   27575.9
[90,10]   [20,60,20] (20)   27754.4
[90,10]   [20,60,20] (25)   27465.6
[90,10]   [20,60,20] (30)   27504.8
[90,10]   [30,10,5] (0)   14592.9
[90,10]   [30,10,5] (5)   7551.16
[90,10]   [30,10,5] (10)   61.7608
[90,10]   [30,10,5] (15)   60.2919
[90,10]   [30,10,5] (20)   64.8605
[90,10]   [30,10,5] (25)   72.3005
[90,10]   [30,10,5] (30)   82.1375
[90,10]   [30,10,10] (0)   14634.4
[90,10]   [30,10,10] (5)   7774.83
[90,10]   [30,10,10] (10)   98.3852
[90,10]   [30,10,10] (15)   74.8922
[90,10]   [30,10,10] (20)   78.5644
[90,10]   [30,10,10] (25)   85.557
[90,10]   [30,10,10] (30)   93.9596
[90,10]   [30,10,15] (0)   14725.5
[90,10]   [30,10,15] (5)   3473.84
[90,10]   [30,10,15] (10)   81.1347
[90,10]   [30,10,15] (15)   83.2271
[90,10]   [30,10,15] (20)   87.715
[90,10]   [30,10,15] (25)   95.183
[90,10]   [30,10,15] (30)   103.221
[90,10]   [30,10,20] (0)   14541.3
[90,10]   [30,10,20] (5)   3089.42
[90,10]   [30,10,20] (10)   90.1623
[90,10]   [30,10,20] (15)   91.8554
[90,10]   [30,10,20] (20)   100.223
[90,10]   [30,10,20] (25)   108.046
[90,10]   [30,10,20] (30)   115.978
[90,10]   [30,20,5] (0)   6520.53
[90,10]   [30,20,5] (5)   6533.23
[90,10]   [30,20,5] (10)   4293.26
[90,10]   [30,20,5] (15)   87.3
[90,10]   [30,20,5] (20)   75.3122
[90,10]   [30,20,5] (25)   80.2068
[90,10]   [30,20,5] (30)   89.0794
[90,10]   [30,20,10] (0)   6666.68
[90,10]   [30,20,10] (5)   6650.75
[90,10]   [30,20,10] (10)   4723.57
[90,10]   [30,20,10] (15)   96.8053
[90,10]   [30,20,10] (20)   91.5312
[90,10]   [30,20,10] (25)   97.4985
[90,10]   [30,20,10] (30)   105.49
[90,10]   [30,20,15] (0)   6464.47
[90,10]   [30,20,15] (5)   6512.72
[90,10]   [30,20,15] (10)   3273.46
[90,10]   [30,20,15] (15)   98.8197
[90,10]   [30,20,15] (20)   99.718
[90,10]   [30,20,15] (25)   106.509
[90,10]   [30,20,15] (30)   114.282
[90,10]   [30,20,20] (0)   6401.29
[90,10]   [30,20,20] (5)   6662.6
[90,10]   [30,20,20] (10)   3470.62
[90,10]   [30,20,20] (15)   109.483
[90,10]   [30,20,20] (20)   111.139
[90,10]   [30,20,20] (25)   118.39
[90,10]   [30,20,20] (30)   126.044
[90,10]   [30,30,5] (0)   140.66
[90,10]   [30,30,5] (5)   139.657
[90,10]   [30,30,5] (10)   139.32
[90,10]   [30,30,5] (15)   126.451
[90,10]   [30,30,5] (20)   105.896
[90,10]   [30,30,5] (25)   102.83
[90,10]   [30,30,5] (30)   110.778
[90,10]   [30,30,10] (0)   138.959
[90,10]   [30,30,10] (5)   138.641
[90,10]   [30,30,10] (10)   139.363
[90,10]   [30,30,10] (15)   129.383
[90,10]   [30,30,10] (20)   116.388
[90,10]   [30,30,10] (25)   120.351
[90,10]   [30,30,10] (30)   128.366
[90,10]   [30,30,15] (0)   139.453
[90,10]   [30,30,15] (5)   138.055
[90,10]   [30,30,15] (10)   137.222
[90,10]   [30,30,15] (15)   125.486
[90,10]   [30,30,15] (20)   119.581
[90,10]   [30,30,15] (25)   124.863
[90,10]   [30,30,15] (30)   133.311
[90,10]   [30,30,20] (0)   139.637
[90,10]   [30,30,20] (5)   138.774
[90,10]   [30,30,20] (10)   140.281
[90,10]   [30,30,20] (15)   131.092
[90,10]   [30,30,20] (20)   128.416
[90,10]   [30,30,20] (25)   134.554
[90,10]   [30,30,20] (30)   142.697
[90,10]   [30,40,5] (0)   3501.76
[90,10]   [30,40,5] (5)   3383.61
[90,10]   [30,40,5] (10)   3520.35
[90,10]   [30,40,5] (15)   3448.41
[90,10]   [30,40,5] (20)   3450.23
[90,10]   [30,40,5] (25)   3339.18
[90,10]   [30,40,5] (30)   3441.51
[90,10]   [30,40,10] (0)   3335.4
[90,10]   [30,40,10] (5)   3403.51
[90,10]   [30,40,10] (10)   3364.2
[90,10]   [30,40,10] (15)   3341.39
[90,10]   [30,40,10] (20)   3281.92
[90,10]   [30,40,10] (25)   3373.96
[90,10]   [30,40,10] (30)   3409.39
[90,10]   [30,40,15] (0)   3432.96
[90,10]   [30,40,15] (5)   3458.28
[90,10]   [30,40,15] (10)   3361.23
[90,10]   [30,40,15] (15)   3513.39
[90,10]   [30,40,15] (20)   3411.59
[90,10]   [30,40,15] (25)   3487.5
[90,10]   [30,40,15] (30)   3383.44
[90,10]   [30,40,20] (0)   3394.85
[90,10]   [30,40,20] (5)   3424.36
[90,10]   [30,40,20] (10)   3381.98
[90,10]   [30,40,20] (15)   3404.4
[90,10]   [30,40,20] (20)   3578.24
[90,10]   [30,40,20] (25)   3377.27
[90,10]   [30,40,20] (30)   3393.6
[90,10]   [30,50,5] (0)   10630.4
[90,10]   [30,50,5] (5)   10592.3
[90,10]   [30,50,5] (10)   10565.4
[90,10]   [30,50,5] (15)   10440.3
[90,10]   [30,50,5] (20)   10500.5
[90,10]   [30,50,5] (25)   10567.6
[90,10]   [30,50,5] (30)   10641.4
[90,10]   [30,50,10] (0)   10626.2
[90,10]   [30,50,10] (5)   10525.5
[90,10]   [30,50,10] (10)   10665.4
[90,10]   [30,50,10] (15)   10394.6
[90,10]   [30,50,10] (20)   10539.3
[90,10]   [30,50,10] (25)   10466.1
[90,10]   [30,50,10] (30)   10559.1
[90,10]   [30,50,15] (0)   10559.5
[90,10]   [30,50,15] (5)   10741.6
[90,10]   [30,50,15] (10)   10513.8
[90,10]   [30,50,15] (15)   10456
[90,10]   [30,50,15] (20)   10484.8
[90,10]   [30,50,15] (25)   10487.1
[90,10]   [30,50,15] (30)   10520.9
[90,10]   [30,50,20] (0)   10551.7
[90,10]   [30,50,20] (5)   10645.1
[90,10]   [30,50,20] (10)   10783.7
[90,10]   [30,50,20] (15)   10694.6
[90,10]   [30,50,20] (20)   10546.4
[90,10]   [30,50,20] (25)   10576
[90,10]   [30,50,20] (30)   10573.9
[90,10]   [30,60,5] (0)   17308.7
[90,10]   [30,60,5] (5)   17223.4
[90,10]   [30,60,5] (10)   17318.8
[90,10]   [30,60,5] (15)   17257.6
[90,10]   [30,60,5] (20)   17187.4
[90,10]   [30,60,5] (25)   17375.7
[90,10]   [30,60,5] (30)   17323.4
[90,10]   [30,60,10] (0)   17131.9
[90,10]   [30,60,10] (5)   17120.8
[90,10]   [30,60,10] (10)   17305.5
[90,10]   [30,60,10] (15)   17229.9
[90,10]   [30,60,10] (20)   17339.4
[90,10]   [30,60,10] (25)   17128
[90,10]   [30,60,10] (30)   17228.6
[90,10]   [30,60,15] (0)   17249.3
[90,10]   [30,60,15] (5)   17142.7
[90,10]   [30,60,15] (10)   17303.6
[90,10]   [30,60,15] (15)   17280.5
[90,10]   [30,60,15] (20)   17192.4
[90,10]   [30,60,15] (25)   17315.3
[90,10]   [30,60,15] (30)   17244.6
[90,10]   [30,60,20] (0)   17224.4
[90,10]   [30,60,20] (5)   17247.4
[90,10]   [30,60,20] (10)   17156.1
[90,10]   [30,60,20] (15)   17377.1
[90,10]   [30,60,20] (20)   17226.2
[90,10]   [30,60,20] (25)   17296.6
[90,10]   [30,60,20] (30)   17488.2
[90,10]   [40,10,5] (0)   26080
[90,10]   [40,10,5] (5)   12573.8
[90,10]   [40,10,5] (10)   119.004
[90,10]   [40,10,5] (15)   68.7301
[90,10]   [40,10,5] (20)   71.5228
[90,10]   [40,10,5] (25)   76.6041
[90,10]   [40,10,5] (30)   84.0313
[90,10]   [40,10,10] (0)   25710.6
[90,10]   [40,10,10] (5)   12920.7
[90,10]   [40,10,10] (10)   3824.46
[90,10]   [40,10,10] (15)   87.8683
[90,10]   [40,10,10] (20)   85.587
[90,10]   [40,10,10] (25)   88.4605
[90,10]   [40,10,10] (30)   93.3524
[90,10]   [40,10,15] (0)   25840.3
[90,10]   [40,10,15] (5)   9166.29
[90,10]   [40,10,15] (10)   1172.55
[90,10]   [40,10,15] (15)   94.6849
[90,10]   [40,10,15] (20)   94.426
[90,10]   [40,10,15] (25)   98.8735
[90,10]   [40,10,15] (30)   104.966
[90,10]   [40,10,20] (0)   26451.8
[90,10]   [40,10,20] (5)   8712.34
[90,10]   [40,10,20] (10)   109.329
[90,10]   [40,10,20] (15)   106.663
[90,10]   [40,10,20] (20)   108.456
[90,10]   [40,10,20] (25)   112.811
[90,10]   [40,10,20] (30)   119.13
[90,10]   [40,20,5] (0)   12028.1
[90,10]   [40,20,5] (5)   12268.6
[90,10]   [40,20,5] (10)   9459.09
[90,10]   [40,20,5] (15)   181.218
[90,10]   [40,20,5] (20)   84.4479
[90,10]   [40,20,5] (25)   80.4623
[90,10]   [40,20,5] (30)   89.8334
[90,10]   [40,20,10] (0)   12517.2
[90,10]   [40,20,10] (5)   12646.4
[90,10]   [40,20,10] (10)   10096.9
[90,10]   [40,20,10] (15)   1744.25
[90,10]   [40,20,10] (20)   101.134
[90,10]   [40,20,10] (25)   97.6847
[90,10]   [40,20,10] (30)   101.789
[90,10]   [40,20,15] (0)   12311.1
[90,10]   [40,20,15] (5)   11899.9
[90,10]   [40,20,15] (10)   8297.94
[90,10]   [40,20,15] (15)   121.307
[90,10]   [40,20,15] (20)   106.938
[90,10]   [40,20,15] (25)   107.343
[90,10]   [40,20,15] (30)   112.585
[90,10]   [40,20,20] (0)   12088.1
[90,10]   [40,20,20] (5)   11851.4
[90,10]   [40,20,20] (10)   8714.77
[90,10]   [40,20,20] (15)   121.621
[90,10]   [40,20,20] (20)   115.404
[90,10]   [40,20,20] (25)   119.885
[90,10]   [40,20,20] (30)   126.079
[90,10]   [40,30,5] (0)   5253.28
[90,10]   [40,30,5] (5)   5366.1
[90,10]   [40,30,5] (10)   5133.67
[90,10]   [40,30,5] (15)   3758.91
[90,10]   [40,30,5] (20)   124.371
[90,10]   [40,30,5] (25)   98.9714
[90,10]   [40,30,5] (30)   98.5761
[90,10]   [40,30,10] (0)   5277.91
[90,10]   [40,30,10] (5)   5218.21
[90,10]   [40,30,10] (10)   5213.69
[90,10]   [40,30,10] (15)   4081.1
[90,10]   [40,30,10] (20)   136.557
[90,10]   [40,30,10] (25)   116.574
[90,10]   [40,30,10] (30)   117.255
[90,10]   [40,30,15] (0)   5319.18
[90,10]   [40,30,15] (5)   5364.08
[90,10]   [40,30,15] (10)   5175.53
[90,10]   [40,30,15] (15)   3045.55
[90,10]   [40,30,15] (20)   128.158
[90,10]   [40,30,15] (25)   122.891
[90,10]   [40,30,15] (30)   126.511
[90,10]   [40,30,20] (0)   5214.64
[90,10]   [40,30,20] (5)   5291.88
[90,10]   [40,30,20] (10)   5201.04
[90,10]   [40,30,20] (15)   3264.12
[90,10]   [40,30,20] (20)   136.531
[90,10]   [40,30,20] (25)   134.899
[90,10]   [40,30,20] (30)   140.095
[90,10]   [40,40,5] (0)   168.608
[90,10]   [40,40,5] (5)   171.185
[90,10]   [40,40,5] (10)   169.626
[90,10]   [40,40,5] (15)   170.512
[90,10]   [40,40,5] (20)   164.621
[90,10]   [40,40,5] (25)   142.942
[90,10]   [40,40,5] (30)   128.349
[90,10]   [40,40,10] (0)   168.547
[90,10]   [40,40,10] (5)   166.558
[90,10]   [40,40,10] (10)   169.732
[90,10]   [40,40,10] (15)   170.061
[90,10]   [40,40,10] (20)   165.314
[90,10]   [40,40,10] (25)   150.116
[90,10]   [40,40,10] (30)   146.01
[90,10]   [40,40,15] (0)   168.795
[90,10]   [40,40,15] (5)   168.718
[90,10]   [40,40,15] (10)   168.871
[90,10]   [40,40,15] (15)   169.197
[90,10]   [40,40,15] (20)   163.158
[90,10]   [40,40,15] (25)   148.186
[90,10]   [40,40,15] (30)   149.644
[90,10]   [40,40,20] (0)   168.638
[90,10]   [40,40,20] (5)   166.606
[90,10]   [40,40,20] (10)   167.479
[90,10]   [40,40,20] (15)   170.014
[90,10]   [40,40,20] (20)   164.162
[90,10]   [40,40,20] (25)   154.243
[90,10]   [40,40,20] (30)   158.234
[90,10]   [40,50,5] (0)   2081.01
[90,10]   [40,50,5] (5)   2072.93
[90,10]   [40,50,5] (10)   2035.37
[90,10]   [40,50,5] (15)   1936.81
[90,10]   [40,50,5] (20)   2029.6
[90,10]   [40,50,5] (25)   2070.82
[90,10]   [40,50,5] (30)   2050.31
[90,10]   [40,50,10] (0)   2105.39
[90,10]   [40,50,10] (5)   1977.04
[90,10]   [40,50,10] (10)   2015.02
[90,10]   [40,50,10] (15)   2092.28
[90,10]   [40,50,10] (20)   1875.8
[90,10]   [40,50,10] (25)   1936.53
[90,10]   [40,50,10] (30)   2019.02
[90,10]   [40,50,15] (0)   2119.85
[90,10]   [40,50,15] (5)   1923.12
[90,10]   [40,50,15] (10)   1966.48
[90,10]   [40,50,15] (15)   1826.57
[90,10]   [40,50,15] (20)   2088.97
[90,10]   [40,50,15] (25)   2059.87
[90,10]   [40,50,15] (30)   2028.97
[90,10]   [40,50,20] (0)   2035.8
[90,10]   [40,50,20] (5)   1997.9
[90,10]   [40,50,20] (10)   2006.32
[90,10]   [40,50,20] (15)   2010.45
[90,10]   [40,50,20] (20)   2093.29
[90,10]   [40,50,20] (25)   1950.58
[90,10]   [40,50,20] (30)   2105.01
[90,10]   [40,60,5] (0)   10610.7
[90,10]   [40,60,5] (5)   10631.3
[90,10]   [40,60,5] (10)   10836.3
[90,10]   [40,60,5] (15)   10784.3
[90,10]   [40,60,5] (20)   10687.7
[90,10]   [40,60,5] (25)   10695.2
[90,10]   [40,60,5] (30)   10542.4
[90,10]   [40,60,10] (0)   10649.8
[90,10]   [40,60,10] (5)   10655
[90,10]   [40,60,10] (10)   10801.5
[90,10]   [40,60,10] (15)   10805.9
[90,10]   [40,60,10] (20)   10640.3
[90,10]   [40,60,10] (25)   10570.8
[90,10]   [40,60,10] (30)   10693.7
[90,10]   [40,60,15] (0)   10713.6
[90,10]   [40,60,15] (5)   10594.2
[90,10]   [40,60,15] (10)   10930.7
[90,10]   [40,60,15] (15)   10631.4
[90,10]   [40,60,15] (20)   10649.1
[90,10]   [40,60,15] (25)   10738.6
[90,10]   [40,60,15] (30)   10961.9
[90,10]   [40,60,20] (0)   10805.6
[90,10]   [40,60,20] (5)   10591.4
[90,10]   [40,60,20] (10)   10839.9
[90,10]   [40,60,20] (15)   10643.9
[90,10]   [40,60,20] (20)   10570.8
[90,10]   [40,60,20] (25)   10623
[90,10]   [40,60,20] (30)   10917
[90,10]   [50,10,5] (0)   26413.5
[90,10]   [50,10,5] (5)   16589
[90,10]   [50,10,5] (10)   3138.13
[90,10]   [50,10,5] (15)   80.5398
[90,10]   [50,10,5] (20)   78.1967
[90,10]   [50,10,5] (25)   83.5814
[90,10]   [50,10,5] (30)   88.1187
[90,10]   [50,10,10] (0)   26013.9
[90,10]   [50,10,10] (5)   18190.9
[90,10]   [50,10,10] (10)   8225.93
[90,10]   [50,10,10] (15)   1998.47
[90,10]   [50,10,10] (20)   97.3221
[90,10]   [50,10,10] (25)   95.572
[90,10]   [50,10,10] (30)   99.2444
[90,10]   [50,10,15] (0)   25978
[90,10]   [50,10,15] (5)   13395.6
[90,10]   [50,10,15] (10)   6321.79
[90,10]   [50,10,15] (15)   182.466
[90,10]   [50,10,15] (20)   105.159
[90,10]   [50,10,15] (25)   106.933
[90,10]   [50,10,15] (30)   107.85
[90,10]   [50,10,20] (0)   25705.1
[90,10]   [50,10,20] (5)   13818.7
[90,10]   [50,10,20] (10)   4255.07
[90,10]   [50,10,20] (15)   2392.98
[90,10]   [50,10,20] (20)   119.54
[90,10]   [50,10,20] (25)   121.164
[90,10]   [50,10,20] (30)   123.261
[90,10]   [50,20,5] (0)   17893.2
[90,10]   [50,20,5] (5)   17692.4
[90,10]   [50,20,5] (10)   14957.3
[90,10]   [50,20,5] (15)   3646.97
[90,10]   [50,20,5] (20)   96.1203
[90,10]   [50,20,5] (25)   91.2449
[90,10]   [50,20,5] (30)   94.1418
[90,10]   [50,20,10] (0)   18056.5
[90,10]   [50,20,10] (5)   18136.5
[90,10]   [50,20,10] (10)   15934.2
[90,10]   [50,20,10] (15)   6624.85
[90,10]   [50,20,10] (20)   605.2
[90,10]   [50,20,10] (25)   106.083
[90,10]   [50,20,10] (30)   106.332
[90,10]   [50,20,15] (0)   17879.1
[90,10]   [50,20,15] (5)   17872.5
[90,10]   [50,20,15] (10)   13899.7
[90,10]   [50,20,15] (15)   3336.16
[90,10]   [50,20,15] (20)   132.374
[90,10]   [50,20,15] (25)   115.26
[90,10]   [50,20,15] (30)   113.966
[90,10]   [50,20,20] (0)   17736.4
[90,10]   [50,20,20] (5)   17936.5
[90,10]   [50,20,20] (10)   15072.3
[90,10]   [50,20,20] (15)   1524.81
[90,10]   [50,20,20] (20)   140.198
[90,10]   [50,20,20] (25)   130.023
[90,10]   [50,20,20] (30)   129.024
[90,10]   [50,30,5] (0)   11293.5
[90,10]   [50,30,5] (5)   11567.3
[90,10]   [50,30,5] (10)   11096.2
[90,10]   [50,30,5] (15)   9238.3
[90,10]   [50,30,5] (20)   1484.89
[90,10]   [50,30,5] (25)   107.169
[90,10]   [50,30,5] (30)   104.531
[90,10]   [50,30,10] (0)   11025.5
[90,10]   [50,30,10] (5)   11545.6
[90,10]   [50,30,10] (10)   11067.8
[90,10]   [50,30,10] (15)   9834.07
[90,10]   [50,30,10] (20)   3214.73
[90,10]   [50,30,10] (25)   129.248
[90,10]   [50,30,10] (30)   120.094
[90,10]   [50,30,15] (0)   11179.3
[90,10]   [50,30,15] (5)   11109.8
[90,10]   [50,30,15] (10)   10915.9
[90,10]   [50,30,15] (15)   8485.16
[90,10]   [50,30,15] (20)   410.901
[90,10]   [50,30,15] (25)   129.194
[90,10]   [50,30,15] (30)   126.293
[90,10]   [50,30,20] (0)   10951.9
[90,10]   [50,30,20] (5)   11242.3
[90,10]   [50,30,20] (10)   11097
[90,10]   [50,30,20] (15)   9311.33
[90,10]   [50,30,20] (20)   191.712
[90,10]   [50,30,20] (25)   137.968
[90,10]   [50,30,20] (30)   138.822
[90,10]   [50,40,5] (0)   5190.82
[90,10]   [50,40,5] (5)   5158.47
[90,10]   [50,40,5] (10)   5138.5
[90,10]   [50,40,5] (15)   5167.14
[90,10]   [50,40,5] (20)   4633.85
[90,10]   [50,40,5] (25)   402.193
[90,10]   [50,40,5] (30)   134.641
[90,10]   [50,40,10] (0)   5174.78
[90,10]   [50,40,10] (5)   5193.14
[90,10]   [50,40,10] (10)   5207.38
[90,10]   [50,40,10] (15)   5132.31
[90,10]   [50,40,10] (20)   4800.91
[90,10]   [50,40,10] (25)   991.431
[90,10]   [50,40,10] (30)   146.999
[90,10]   [50,40,15] (0)   5196.79
[90,10]   [50,40,15] (5)   5201.48
[90,10]   [50,40,15] (10)   5122.01
[90,10]   [50,40,15] (15)   5163.85
[90,10]   [50,40,15] (20)   4245.66
[90,10]   [50,40,15] (25)   171.451
[90,10]   [50,40,15] (30)   148.843
[90,10]   [50,40,20] (0)   5168.42
[90,10]   [50,40,20] (5)   5224.31
[90,10]   [50,40,20] (10)   5182.65
[90,10]   [50,40,20] (15)   5132.15
[90,10]   [50,40,20] (20)   4350
[90,10]   [50,40,20] (25)   176.937
[90,10]   [50,40,20] (30)   158.641
[90,10]   [50,50,5] (0)   924.655
[90,10]   [50,50,5] (5)   1060.29
[90,10]   [50,50,5] (10)   955.268
[90,10]   [50,50,5] (15)   941.956
[90,10]   [50,50,5] (20)   965.059
[90,10]   [50,50,5] (25)   727.204
[90,10]   [50,50,5] (30)   173.52
[90,10]   [50,50,10] (0)   1086.17
[90,10]   [50,50,10] (5)   1008.64
[90,10]   [50,50,10] (10)   1023.13
[90,10]   [50,50,10] (15)   930.173
[90,10]   [50,50,10] (20)   976.991
[90,10]   [50,50,10] (25)   694.423
[90,10]   [50,50,10] (30)   181.115
[90,10]   [50,50,15] (0)   1028.82
[90,10]   [50,50,15] (5)   998.054
[90,10]   [50,50,15] (10)   1068.11
[90,10]   [50,50,15] (15)   924.552
[90,10]   [50,50,15] (20)   934.116
[90,10]   [50,50,15] (25)   638.413
[90,10]   [50,50,15] (30)   174.356
[90,10]   [50,50,20] (0)   967.265
[90,10]   [50,50,20] (5)   1028.5
[90,10]   [50,50,20] (10)   1094.53
[90,10]   [50,50,20] (15)   910.554
[90,10]   [50,50,20] (20)   1017.64
[90,10]   [50,50,20] (25)   623.756
[90,10]   [50,50,20] (30)   179.448
[90,10]   [50,60,5] (0)   765.407
[90,10]   [50,60,5] (5)   955.072
[90,10]   [50,60,5] (10)   766.747
[90,10]   [50,60,5] (15)   759.497
[90,10]   [50,60,5] (20)   822.202
[90,10]   [50,60,5] (25)   685.411
[90,10]   [50,60,5] (30)   702.626
[90,10]   [50,60,10] (0)   833.065
[90,10]   [50,60,10] (5)   762.466
[90,10]   [50,60,10] (10)   811.626
[90,10]   [50,60,10] (15)   798.82
[90,10]   [50,60,10] (20)   755.699
[90,10]   [50,60,10] (25)   789.12
[90,10]   [50,60,10] (30)   861.204
[90,10]   [50,60,15] (0)   805.856
[90,10]   [50,60,15] (5)   824.008
[90,10]   [50,60,15] (10)   736.273
[90,10]   [50,60,15] (15)   771.664
[90,10]   [50,60,15] (20)   733.707
[90,10]   [50,60,15] (25)   836.207
[90,10]   [50,60,15] (30)   834.727
[90,10]   [50,60,20] (0)   816.572
[90,10]   [50,60,20] (5)   783.623
[90,10]   [50,60,20] (10)   782.415
[90,10]   [50,60,20] (15)   743.722
[90,10]   [50,60,20] (20)   713.603
[90,10]   [50,60,20] (25)   665.179
[90,10]   [50,60,20] (30)   786.983
[90,10]   [60,10,5] (0)   31365.4
[90,10]   [60,10,5] (5)   21383.1
[90,10]   [60,10,5] (10)   6131.17
[90,10]   [60,10,5] (15)   95.9385
[90,10]   [60,10,5] (20)   87.1761
[90,10]   [60,10,5] (25)   90.3104
[90,10]   [60,10,5] (30)   94.678
[90,10]   [60,10,10] (0)   30077.1
[90,10]   [60,10,10] (5)   22345.4
[90,10]   [60,10,10] (10)   11811.1
[90,10]   [60,10,10] (15)   5220.55
[90,10]   [60,10,10] (20)   572.625
[90,10]   [60,10,10] (25)   105.925
[90,10]   [60,10,10] (30)   106.794
[90,10]   [60,10,15] (0)   30525.7
[90,10]   [60,10,15] (5)   17920.8
[90,10]   [60,10,15] (10)   9340.49
[90,10]   [60,10,15] (15)   1928.81
[90,10]   [60,10,15] (20)   135.249
[90,10]   [60,10,15] (25)   113.887
[90,10]   [60,10,15] (30)   115.251
[90,10]   [60,10,20] (0)   28847.8
[90,10]   [60,10,20] (5)   19355.3
[90,10]   [60,10,20] (10)   8025.18
[90,10]   [60,10,20] (15)   6227.67
[90,10]   [60,10,20] (20)   148.323
[90,10]   [60,10,20] (25)   127.879
[90,10]   [60,10,20] (30)   129.488
[90,10]   [60,20,5] (0)   22507.8
[90,10]   [60,20,5] (5)   22480.1
[90,10]   [60,20,5] (10)   18920.7
[90,10]   [60,20,5] (15)   6566.85
[90,10]   [60,20,5] (20)   138.81
[90,10]   [60,20,5] (25)   99.6303
[90,10]   [60,20,5] (30)   100.763
[90,10]   [60,20,10] (0)   22517.4
[90,10]   [60,20,10] (5)   22259
[90,10]   [60,20,10] (10)   19991.8
[90,10]   [60,20,10] (15)   10625.1
[90,10]   [60,20,10] (20)   3775.2
[90,10]   [60,20,10] (25)   145.747
[90,10]   [60,20,10] (30)   115.372
[90,10]   [60,20,15] (0)   23253.9
[90,10]   [60,20,15] (5)   22341.1
[90,10]   [60,20,15] (10)   17671.8
[90,10]   [60,20,15] (15)   6981
[90,10]   [60,20,15] (20)   2418.18
[90,10]   [60,20,15] (25)   125.483
[90,10]   [60,20,15] (30)   121.443
[90,10]   [60,20,20] (0)   22645.8
[90,10]   [60,20,20] (5)   22456.5
[90,10]   [60,20,20] (10)   18673.9
[90,10]   [60,20,20] (15)   5499.22
[90,10]   [60,20,20] (20)   3155.93
[90,10]   [60,20,20] (25)   156.695
[90,10]   [60,20,20] (30)   135.521
[90,10]   [60,30,5] (0)   15444.8
[90,10]   [60,30,5] (5)   15760.1
[90,10]   [60,30,5] (10)   15276.2
[90,10]   [60,30,5] (15)   13415.1
[90,10]   [60,30,5] (20)   4270.16
[90,10]   [60,30,5] (25)   130.762
[90,10]   [60,30,5] (30)   113.176
[90,10]   [60,30,10] (0)   15234.9
[90,10]   [60,30,10] (5)   15378.5
[90,10]   [60,30,10] (10)   15309.6
[90,10]   [60,30,10] (15)   14255.6
[90,10]   [60,30,10] (20)   7190.66
[90,10]   [60,30,10] (25)   1380.08
[90,10]   [60,30,10] (30)   135.355
[90,10]   [60,30,15] (0)   15409.5
[90,10]   [60,30,15] (5)   15159.9
[90,10]   [60,30,15] (10)   15148
[90,10]   [60,30,15] (15)   12875.5
[90,10]   [60,30,15] (20)   4302.67
[90,10]   [60,30,15] (25)   178.833
[90,10]   [60,30,15] (30)   134.948
[90,10]   [60,30,20] (0)   15265.5
[90,10]   [60,30,20] (5)   15598
[90,10]   [60,30,20] (10)   15507.3
[90,10]   [60,30,20] (15)   13446.5
[90,10]   [60,30,20] (20)   3111.63
[90,10]   [60,30,20] (25)   171.941
[90,10]   [60,30,20] (30)   148.905
[90,10]   [60,40,5] (0)   12265.4
[90,10]   [60,40,5] (5)   12214.5
[90,10]   [60,40,5] (10)   12219
[90,10]   [60,40,5] (15)   11755.4
[90,10]   [60,40,5] (20)   8726.9
[90,10]   [60,40,5] (25)   4651.67
[90,10]   [60,40,5] (30)   153.88
[90,10]   [60,40,10] (0)   12191.4
[90,10]   [60,40,10] (5)   12109.9
[90,10]   [60,40,10] (10)   12308
[90,10]   [60,40,10] (15)   12169.6
[90,10]   [60,40,10] (20)   9180.42
[90,10]   [60,40,10] (25)   5383.56
[90,10]   [60,40,10] (30)   247.145
[90,10]   [60,40,15] (0)   12303
[90,10]   [60,40,15] (5)   12177.3
[90,10]   [60,40,15] (10)   12426.7
[90,10]   [60,40,15] (15)   11634.6
[90,10]   [60,40,15] (20)   8854.78
[90,10]   [60,40,15] (25)   3405.8
[90,10]   [60,40,15] (30)   166.218
[90,10]   [60,40,20] (0)   12307.5
[90,10]   [60,40,20] (5)   12174.1
[90,10]   [60,40,20] (10)   12123.9
[90,10]   [60,40,20] (15)   11654.9
[90,10]   [60,40,20] (20)   9202.27
[90,10]   [60,40,20] (25)   2595.02
[90,10]   [60,40,20] (30)   169.333
[90,10]   [60,50,5] (0)   5318.01
[90,10]   [60,50,5] (5)   5363.87
[90,10]   [60,50,5] (10)   5344.31
[90,10]   [60,50,5] (15)   5340.36
[90,10]   [60,50,5] (20)   5290.25
[90,10]   [60,50,5] (25)   4815.79
[90,10]   [60,50,5] (30)   1962.87
[90,10]   [60,50,10] (0)   5300.73
[90,10]   [60,50,10] (5)   5262.36
[90,10]   [60,50,10] (10)   5277.78
[90,10]   [60,50,10] (15)   5317.79
[90,10]   [60,50,10] (20)   5281.34
[90,10]   [60,50,10] (25)   5123.14
[90,10]   [60,50,10] (30)   2523.78
[90,10]   [60,50,15] (0)   5361.04
[90,10]   [60,50,15] (5)   5197.18
[90,10]   [60,50,15] (10)   5391.51
[90,10]   [60,50,15] (15)   5324.09
[90,10]   [60,50,15] (20)   5263.87
[90,10]   [60,50,15] (25)   4786.51
[90,10]   [60,50,15] (30)   1149.68
[90,10]   [60,50,20] (0)   5349.45
[90,10]   [60,50,20] (5)   5261.13
[90,10]   [60,50,20] (10)   5340.08
[90,10]   [60,50,20] (15)   5216.92
[90,10]   [60,50,20] (20)   5306.03
[90,10]   [60,50,20] (25)   4944.78
[90,10]   [60,50,20] (30)   766.509
[90,10]   [60,60,5] (0)   1028.79
[90,10]   [60,60,5] (5)   1023.44
[90,10]   [60,60,5] (10)   962.774
[90,10]   [60,60,5] (15)   970.616
[90,10]   [60,60,5] (20)   905.718
[90,10]   [60,60,5] (25)   1007.94
[90,10]   [60,60,5] (30)   863.019
[90,10]   [60,60,10] (0)   929.596
[90,10]   [60,60,10] (5)   904.157
[90,10]   [60,60,10] (10)   965.639
[90,10]   [60,60,10] (15)   978.107
[90,10]   [60,60,10] (20)   911.097
[90,10]   [60,60,10] (25)   972.085
[90,10]   [60,60,10] (30)   863.086
[90,10]   [60,60,15] (0)   984.699
[90,10]   [60,60,15] (5)   913.598
[90,10]   [60,60,15] (10)   954.626
[90,10]   [60,60,15] (15)   964.036
[90,10]   [60,60,15] (20)   930.343
[90,10]   [60,60,15] (25)   929.058
[90,10]   [60,60,15] (30)   659.869
[90,10]   [60,60,20] (0)   950.84
[90,10]   [60,60,20] (5)   927.886
[90,10]   [60,60,20] (10)   919.042
[90,10]   [60,60,20] (15)   908.277
[90,10]   [60,60,20] (20)   956.492
[90,10]   [60,60,20] (25)   1014.2
[90,10]   [60,60,20] (30)   699.121
