[10,30]   [10,10,5] (0)   10714.8
[10,30]   [10,10,5] (5)   6649.5
[10,30]   [10,10,5] (10)   5298.81
[10,30]   [10,10,5] (15)   5282.94
[10,30]   [10,10,5] (20)   5321.32
[10,30]   [10,10,5] (25)   5402.59
[10,30]   [10,10,5] (30)   5345.66
[10,30]   [10,10,10] (0)   10637.7
[10,30]   [10,10,10] (5)   10773.8
[10,30]   [10,10,10] (10)   10649.6
[10,30]   [10,10,10] (15)   10558
[10,30]   [10,10,10] (20)   10628.2
[10,30]   [10,10,10] (25)   10590.2
[10,30]   [10,10,10] (30)   10748.8
[10,30]   [10,10,15] (0)   10576.1
[10,30]   [10,10,15] (5)   8358.19
[10,30]   [10,10,15] (10)   8240.5
[10,30]   [10,10,15] (15)   8260.93
[10,30]   [10,10,15] (20)   8323.2
[10,30]   [10,10,15] (25)   8309.52
[10,30]   [10,10,15] (30)   8232.33
[10,30]   [10,10,20] (0)   10631
[10,30]   [10,10,20] (5)   11099.8
[10,30]   [10,10,20] (10)   11131.1
[10,30]   [10,10,20] (15)   11114
[10,30]   [10,10,20] (20)   11155.9
[10,30]   [10,10,20] (25)   11154
[10,30]   [10,10,20] (30)   11178.1
[10,30]   [10,20,5] (0)   19240.8
[10,30]   [10,20,5] (5)   19370.7
[10,30]   [10,20,5] (10)   19509.7
[10,30]   [10,20,5] (15)   19233
[10,30]   [10,20,5] (20)   18450.5
[10,30]   [10,20,5] (25)   19407.6
[10,30]   [10,20,5] (30)   13914.4
[10,30]   [10,20,10] (0)   19290.7
[10,30]   [10,20,10] (5)   19411.2
[10,30]   [10,20,10] (10)   19273.1
[10,30]   [10,20,10] (15)   19357
[10,30]   [10,20,10] (20)   19354.6
[10,30]   [10,20,10] (25)   19249.8
[10,30]   [10,20,10] (30)   19334.5
[10,30]   [10,20,15] (0)   19301.7
[10,30]   [10,20,15] (5)   19382.2
[10,30]   [10,20,15] (10)   19251.6
[10,30]   [10,20,15] (15)   19303.7
[10,30]   [10,20,15] (20)   19409
[10,30]   [10,20,15] (25)   13764
[10,30]   [10,20,15] (30)   12008.4
[10,30]   [10,20,20] (0)   19285.3
[10,30]   [10,20,20] (5)   19320.2
[10,30]   [10,20,20] (10)   19311.3
[10,30]   [10,20,20] (15)   19247.4
[10,30]   [10,20,20] (20)   19291.3
[10,30]   [10,20,20] (25)   19278.3
[10,30]   [10,20,20] (30)   19321.1
[10,30]   [10,30,5] (0)   42232
[10,30]   [10,30,5] (5)   42292.8
[10,30]   [10,30,5] (10)   42159.1
[10,30]   [10,30,5] (15)   42103.2
[10,30]   [10,30,5] (20)   42295.1
[10,30]   [10,30,5] (25)   42205.9
[10,30]   [10,30,5] (30)   32608.5
[10,30]   [10,30,10] (0)   42272
[10,30]   [10,30,10] (5)   42274.4
[10,30]   [10,30,10] (10)   42257.2
[10,30]   [10,30,10] (15)   42272.3
[10,30]   [10,30,10] (20)   42233
[10,30]   [10,30,10] (25)   40893.1
[10,30]   [10,30,10] (30)   32917.8
[10,30]   [10,30,15] (0)   42214.3
[10,30]   [10,30,15] (5)   42137.7
[10,30]   [10,30,15] (10)   42140.9
[10,30]   [10,30,15] (15)   42222.1
[10,30]   [10,30,15] (20)   42043
[10,30]   [10,30,15] (25)   42139
[10,30]   [10,30,15] (30)   32919.2
[10,30]   [10,30,20] (0)   42181.1
[10,30]   [10,30,20] (5)   42261.2
[10,30]   [10,30,20] (10)   42310.6
[10,30]   [10,30,20] (15)   42188.5
[10,30]   [10,30,20] (20)   42193
[10,30]   [10,30,20] (25)   42237.4
[10,30]   [10,30,20] (30)   31234.1
[10,30]   [10,40,5] (0)   33879
[10,30]   [10,40,5] (5)   33936.9
[10,30]   [10,40,5] (10)   33852.5
[10,30]   [10,40,5] (15)   33799.2
[10,30]   [10,40,5] (20)   33793.2
[10,30]   [10,40,5] (25)   33924.5
[10,30]   [10,40,5] (30)   32974.5
[10,30]   [10,40,10] (0)   33865.3
[10,30]   [10,40,10] (5)   33795
[10,30]   [10,40,10] (10)   33832.9
[10,30]   [10,40,10] (15)   33801.9
[10,30]   [10,40,10] (20)   33874.6
[10,30]   [10,40,10] (25)   33827.4
[10,30]   [10,40,10] (30)   33781.5
[10,30]   [10,40,15] (0)   33822.6
[10,30]   [10,40,15] (5)   33872.4
[10,30]   [10,40,15] (10)   33846.8
[10,30]   [10,40,15] (15)   33779.9
[10,30]   [10,40,15] (20)   33850.1
[10,30]   [10,40,15] (25)   33799.9
[10,30]   [10,40,15] (30)   32911.8
[10,30]   [10,40,20] (0)   33819.8
[10,30]   [10,40,20] (5)   33819.3
[10,30]   [10,40,20] (10)   33879.8
[10,30]   [10,40,20] (15)   33846.5
[10,30]   [10,40,20] (20)   33810.1
[10,30]   [10,40,20] (25)   33833.4
[10,30]   [10,40,20] (30)   33795.7
[10,30]   [10,50,5] (0)   38158.7
[10,30]   [10,50,5] (5)   38113.1
[10,30]   [10,50,5] (10)   38174.1
[10,30]   [10,50,5] (15)   38159.7
[10,30]   [10,50,5] (20)   38095.1
[10,30]   [10,50,5] (25)   38151.7
[10,30]   [10,50,5] (30)   38132.1
[10,30]   [10,50,10] (0)   38152.9
[10,30]   [10,50,10] (5)   38139.8
[10,30]   [10,50,10] (10)   38131.7
[10,30]   [10,50,10] (15)   37982.2
[10,30]   [10,50,10] (20)   38058.2
[10,30]   [10,50,10] (25)   38122.9
[10,30]   [10,50,10] (30)   38126.8
[10,30]   [10,50,15] (0)   38136.8
[10,30]   [10,50,15] (5)   38125
[10,30]   [10,50,15] (10)   38141.2
[10,30]   [10,50,15] (15)   38179
[10,30]   [10,50,15] (20)   38159.8
[10,30]   [10,50,15] (25)   38176.7
[10,30]   [10,50,15] (30)   38139.5
[10,30]   [10,50,20] (0)   38113.2
[10,30]   [10,50,20] (5)   38092.7
[10,30]   [10,50,20] (10)   38087
[10,30]   [10,50,20] (15)   38149.9
[10,30]   [10,50,20] (20)   37943.4
[10,30]   [10,50,20] (25)   38191.4
[10,30]   [10,50,20] (30)   38125.5
[10,30]   [10,60,5] (0)   41803.5
[10,30]   [10,60,5] (5)   41848.2
[10,30]   [10,60,5] (10)   41812.6
[10,30]   [10,60,5] (15)   41814.9
[10,30]   [10,60,5] (20)   41803.6
[10,30]   [10,60,5] (25)   41749.2
[10,30]   [10,60,5] (30)   41781.5
[10,30]   [10,60,10] (0)   41766.1
[10,30]   [10,60,10] (5)   41862.7
[10,30]   [10,60,10] (10)   41825.7
[10,30]   [10,60,10] (15)   41764.8
[10,30]   [10,60,10] (20)   41824
[10,30]   [10,60,10] (25)   41702.3
[10,30]   [10,60,10] (30)   41671.8
[10,30]   [10,60,15] (0)   41780.7
[10,30]   [10,60,15] (5)   41743.8
[10,30]   [10,60,15] (10)   41801.2
[10,30]   [10,60,15] (15)   41762
[10,30]   [10,60,15] (20)   41757.6
[10,30]   [10,60,15] (25)   41846.4
[10,30]   [10,60,15] (30)   41789
[10,30]   [10,60,20] (0)   41784.4
[10,30]   [10,60,20] (5)   41785.3
[10,30]   [10,60,20] (10)   41763
[10,30]   [10,60,20] (15)   41822.4
[10,30]   [10,60,20] (20)   41794
[10,30]   [10,60,20] (25)   41820.9
[10,30]   [10,60,20] (30)   41821.4
[10,30]   [20,10,5] (0)   12794
[10,30]   [20,10,5] (5)   8400.37
[10,30]   [20,10,5] (10)   6009.19
[10,30]   [20,10,5] (15)   5114.6
[10,30]   [20,10,5] (20)   4985.72
[10,30]   [20,10,5] (25)   4999.12
[10,30]   [20,10,5] (30)   4946.4
[10,30]   [20,10,10] (0)   12875
[10,30]   [20,10,10] (5)   12548.9
[10,30]   [20,10,10] (10)   11998
[10,30]   [20,10,10] (15)   12000.1
[10,30]   [20,10,10] (20)   12037.5
[10,30]   [20,10,10] (25)   12105
[10,30]   [20,10,10] (30)   12134.6
[10,30]   [20,10,15] (0)   12797.4
[10,30]   [20,10,15] (5)   10103.9
[10,30]   [20,10,15] (10)   9448.57
[10,30]   [20,10,15] (15)   9284.34
[10,30]   [20,10,15] (20)   9257.6
[10,30]   [20,10,15] (25)   9372.18
[10,30]   [20,10,15] (30)   9293.27
[10,30]   [20,10,20] (0)   12928.2
[10,30]   [20,10,20] (5)   13053.4
[10,30]   [20,10,20] (10)   13335.6
[10,30]   [20,10,20] (15)   13216.8
[10,30]   [20,10,20] (20)   13262.5
[10,30]   [20,10,20] (25)   13413.8
[10,30]   [20,10,20] (30)   13248.1
[10,30]   [20,20,5] (0)   14298.8
[10,30]   [20,20,5] (5)   14216.6
[10,30]   [20,20,5] (10)   11329.7
[10,30]   [20,20,5] (15)   8498.9
[10,30]   [20,20,5] (20)   7833.83
[10,30]   [20,20,5] (25)   7952.19
[10,30]   [20,20,5] (30)   7932.47
[10,30]   [20,20,10] (0)   14228.9
[10,30]   [20,20,10] (5)   14269
[10,30]   [20,20,10] (10)   14120.8
[10,30]   [20,20,10] (15)   13726.9
[10,30]   [20,20,10] (20)   13733.1
[10,30]   [20,20,10] (25)   13608
[10,30]   [20,20,10] (30)   13678.4
[10,30]   [20,20,15] (0)   14234.5
[10,30]   [20,20,15] (5)   14174.2
[10,30]   [20,20,15] (10)   11749.2
[10,30]   [20,20,15] (15)   11242.3
[10,30]   [20,20,15] (20)   11037.4
[10,30]   [20,20,15] (25)   11213.9
[10,30]   [20,20,15] (30)   11180.7
[10,30]   [20,20,20] (0)   14330.4
[10,30]   [20,20,20] (5)   14219.2
[10,30]   [20,20,20] (10)   14277.4
[10,30]   [20,20,20] (15)   14278.2
[10,30]   [20,20,20] (20)   14229.9
[10,30]   [20,20,20] (25)   14333.8
[10,30]   [20,20,20] (30)   14175.3
[10,30]   [20,30,5] (0)   18653.9
[10,30]   [20,30,5] (5)   18617.2
[10,30]   [20,30,5] (10)   18823.4
[10,30]   [20,30,5] (15)   18731.9
[10,30]   [20,30,5] (20)   18491.5
[10,30]   [20,30,5] (25)   18719.1
[10,30]   [20,30,5] (30)   16401.6
[10,30]   [20,30,10] (0)   18431.8
[10,30]   [20,30,10] (5)   18657.3
[10,30]   [20,30,10] (10)   18611.1
[10,30]   [20,30,10] (15)   18523.2
[10,30]   [20,30,10] (20)   18342.2
[10,30]   [20,30,10] (25)   18541.4
[10,30]   [20,30,10] (30)   18487.2
[10,30]   [20,30,15] (0)   18564.1
[10,30]   [20,30,15] (5)   18681.5
[10,30]   [20,30,15] (10)   18472.8
[10,30]   [20,30,15] (15)   18591.5
[10,30]   [20,30,15] (20)   18549.9
[10,30]   [20,30,15] (25)   18738.7
[10,30]   [20,30,15] (30)   16526.9
[10,30]   [20,30,20] (0)   18552.8
[10,30]   [20,30,20] (5)   18591.7
[10,30]   [20,30,20] (10)   18559.5
[10,30]   [20,30,20] (15)   18510.4
[10,30]   [20,30,20] (20)   18618.5
[10,30]   [20,30,20] (25)   18565.4
[10,30]   [20,30,20] (30)   18870.3
[10,30]   [20,40,5] (0)   24724.5
[10,30]   [20,40,5] (5)   24953.7
[10,30]   [20,40,5] (10)   24908
[10,30]   [20,40,5] (15)   24916.5
[10,30]   [20,40,5] (20)   24818.5
[10,30]   [20,40,5] (25)   24888.7
[10,30]   [20,40,5] (30)   24808
[10,30]   [20,40,10] (0)   24910.9
[10,30]   [20,40,10] (5)   24987.2
[10,30]   [20,40,10] (10)   24973.9
[10,30]   [20,40,10] (15)   24860.2
[10,30]   [20,40,10] (20)   24870.3
[10,30]   [20,40,10] (25)   24562.9
[10,30]   [20,40,10] (30)   24973
[10,30]   [20,40,15] (0)   24927.6
[10,30]   [20,40,15] (5)   24985.7
[10,30]   [20,40,15] (10)   24820.1
[10,30]   [20,40,15] (15)   24751.5
[10,30]   [20,40,15] (20)   24943.9
[10,30]   [20,40,15] (25)   25018.8
[10,30]   [20,40,15] (30)   24997.9
[10,30]   [20,40,20] (0)   24833.3
[10,30]   [20,40,20] (5)   24800.7
[10,30]   [20,40,20] (10)   24868
[10,30]   [20,40,20] (15)   24892.2
[10,30]   [20,40,20] (20)   24892
[10,30]   [20,40,20] (25)   24766.9
[10,30]   [20,40,20] (30)   24864.8
[10,30]   [20,50,5] (0)   29690.6
[10,30]   [20,50,5] (5)   29872.4
[10,30]   [20,50,5] (10)   29915.1
[10,30]   [20,50,5] (15)   29876.4
[10,30]   [20,50,5] (20)   29848
[10,30]   [20,50,5] (25)   29826.4
[10,30]   [20,50,5] (30)   29887.8
[10,30]   [20,50,10] (0)   29886
[10,30]   [20,50,10] (5)   29858.9
[10,30]   [20,50,10] (10)   29704
[10,30]   [20,50,10] (15)   29885.8
[10,30]   [20,50,10] (20)   29725
[10,30]   [20,50,10] (25)   29692.1
[10,30]   [20,50,10] (30)   29856.2
[10,30]   [20,50,15] (0)   29790.1
[10,30]   [20,50,15] (5)   29880
[10,30]   [20,50,15] (10)   29808.3
[10,30]   [20,50,15] (15)   29849.9
[10,30]   [20,50,15] (20)   29666.9
[10,30]   [20,50,15] (25)   29874.2
[10,30]   [20,50,15] (30)   29858.5
[10,30]   [20,50,20] (0)   29905.3
[10,30]   [20,50,20] (5)   29822.2
[10,30]   [20,50,20] (10)   29776
[10,30]   [20,50,20] (15)   29748.6
[10,30]   [20,50,20] (20)   29843.9
[10,30]   [20,50,20] (25)   29893.5
[10,30]   [20,50,20] (30)   29861.7
[10,30]   [20,60,5] (0)   33846.4
[10,30]   [20,60,5] (5)   33826.9
[10,30]   [20,60,5] (10)   33852.4
[10,30]   [20,60,5] (15)   33836.7
[10,30]   [20,60,5] (20)   33835.6
[10,30]   [20,60,5] (25)   33851.6
[10,30]   [20,60,5] (30)   33855.5
[10,30]   [20,60,10] (0)   33779
[10,30]   [20,60,10] (5)   33795.6
[10,30]   [20,60,10] (10)   33880.9
[10,30]   [20,60,10] (15)   33863
[10,30]   [20,60,10] (20)   33789.2
[10,30]   [20,60,10] (25)   33777.1
[10,30]   [20,60,10] (30)   33827.6
[10,30]   [20,60,15] (0)   33819.7
[10,30]   [20,60,15] (5)   33787.3
[10,30]   [20,60,15] (10)   33806.5
[10,30]   [20,60,15] (15)   33749.5
[10,30]   [20,60,15] (20)   33836.7
[10,30]   [20,60,15] (25)   33879.5
[10,30]   [20,60,15] (30)   33655.5
[10,30]   [20,60,20] (0)   33488.7
[10,30]   [20,60,20] (5)   33874.5
[10,30]   [20,60,20] (10)   33839.7
[10,30]   [20,60,20] (15)   33776.1
[10,30]   [20,60,20] (20)   33671.9
[10,30]   [20,60,20] (25)   33703.5
[10,30]   [20,60,20] (30)   33828.7
[10,30]   [30,10,5] (0)   15727.3
[10,30]   [30,10,5] (5)   10171.2
[10,30]   [30,10,5] (10)   7157.64
[10,30]   [30,10,5] (15)   6001.54
[10,30]   [30,10,5] (20)   5221.76
[10,30]   [30,10,5] (25)   4818.4
[10,30]   [30,10,5] (30)   4820.85
[10,30]   [30,10,10] (0)   15814.7
[10,30]   [30,10,10] (5)   13779.7
[10,30]   [30,10,10] (10)   13096.5
[10,30]   [30,10,10] (15)   12713.5
[10,30]   [30,10,10] (20)   12478.3
[10,30]   [30,10,10] (25)   12318.2
[10,30]   [30,10,10] (30)   12343.4
[10,30]   [30,10,15] (0)   15764.2
[10,30]   [30,10,15] (5)   11379.1
[10,30]   [30,10,15] (10)   10695.2
[10,30]   [30,10,15] (15)   10262.6
[10,30]   [30,10,15] (20)   10390.4
[10,30]   [30,10,15] (25)   10423.5
[10,30]   [30,10,15] (30)   10330.1
[10,30]   [30,10,20] (0)   15839.4
[10,30]   [30,10,20] (5)   14323.4
[10,30]   [30,10,20] (10)   14351.5
[10,30]   [30,10,20] (15)   14355.8
[10,30]   [30,10,20] (20)   14261.6
[10,30]   [30,10,20] (25)   14172.7
[10,30]   [30,10,20] (30)   14360.2
[10,30]   [30,20,5] (0)   15274.4
[10,30]   [30,20,5] (5)   15188.5
[10,30]   [30,20,5] (10)   11786.6
[10,30]   [30,20,5] (15)   8583.41
[10,30]   [30,20,5] (20)   7120.46
[10,30]   [30,20,5] (25)   6485.52
[10,30]   [30,20,5] (30)   6396.89
[10,30]   [30,20,10] (0)   15316.3
[10,30]   [30,20,10] (5)   15261.6
[10,30]   [30,20,10] (10)   14684.8
[10,30]   [30,20,10] (15)   14065.3
[10,30]   [30,20,10] (20)   13668.5
[10,30]   [30,20,10] (25)   13419.5
[10,30]   [30,20,10] (30)   13647.8
[10,30]   [30,20,15] (0)   15236.6
[10,30]   [30,20,15] (5)   15105.2
[10,30]   [30,20,15] (10)   12858.6
[10,30]   [30,20,15] (15)   11609.9
[10,30]   [30,20,15] (20)   11192.8
[10,30]   [30,20,15] (25)   11059.5
[10,30]   [30,20,15] (30)   11020.5
[10,30]   [30,20,20] (0)   15028.9
[10,30]   [30,20,20] (5)   15210.7
[10,30]   [30,20,20] (10)   15187.3
[10,30]   [30,20,20] (15)   14882.6
[10,30]   [30,20,20] (20)   15014.3
[10,30]   [30,20,20] (25)   14865.3
[10,30]   [30,20,20] (30)   14833.3
[10,30]   [30,30,5] (0)   15978.8
[10,30]   [30,30,5] (5)   15950
[10,30]   [30,30,5] (10)   14511
[10,30]   [30,30,5] (15)   13684.1
[10,30]   [30,30,5] (20)   10540.9
[10,30]   [30,30,5] (25)   9235.46
[10,30]   [30,30,5] (30)   9092.78
[10,30]   [30,30,10] (0)   15982.3
[10,30]   [30,30,10] (5)   15940.6
[10,30]   [30,30,10] (10)   15993
[10,30]   [30,30,10] (15)   15870.8
[10,30]   [30,30,10] (20)   14985.6
[10,30]   [30,30,10] (25)   14802.5
[10,30]   [30,30,10] (30)   14655.6
[10,30]   [30,30,15] (0)   16078.6
[10,30]   [30,30,15] (5)   15985.1
[10,30]   [30,30,15] (10)   15232.5
[10,30]   [30,30,15] (15)   14209.5
[10,30]   [30,30,15] (20)   13243.1
[10,30]   [30,30,15] (25)   12929.2
[10,30]   [30,30,15] (30)   12944.6
[10,30]   [30,30,20] (0)   16141.6
[10,30]   [30,30,20] (5)   15878
[10,30]   [30,30,20] (10)   16120.5
[10,30]   [30,30,20] (15)   15831.2
[10,30]   [30,30,20] (20)   15738.5
[10,30]   [30,30,20] (25)   15651.7
[10,30]   [30,30,20] (30)   15548.6
[10,30]   [30,40,5] (0)   18280
[10,30]   [30,40,5] (5)   17957
[10,30]   [30,40,5] (10)   17992.4
[10,30]   [30,40,5] (15)   18139.6
[10,30]   [30,40,5] (20)   18314.5
[10,30]   [30,40,5] (25)   18415.2
[10,30]   [30,40,5] (30)   17842.1
[10,30]   [30,40,10] (0)   18275.1
[10,30]   [30,40,10] (5)   17980.1
[10,30]   [30,40,10] (10)   18434.5
[10,30]   [30,40,10] (15)   18202.8
[10,30]   [30,40,10] (20)   18072.9
[10,30]   [30,40,10] (25)   18253.1
[10,30]   [30,40,10] (30)   17944.4
[10,30]   [30,40,15] (0)   17970.1
[10,30]   [30,40,15] (5)   18153.5
[10,30]   [30,40,15] (10)   18208.9
[10,30]   [30,40,15] (15)   18368.9
[10,30]   [30,40,15] (20)   18026.2
[10,30]   [30,40,15] (25)   18329.4
[10,30]   [30,40,15] (30)   18292.6
[10,30]   [30,40,20] (0)   18179.8
[10,30]   [30,40,20] (5)   18617.2
[10,30]   [30,40,20] (10)   18139.8
[10,30]   [30,40,20] (15)   18004.4
[10,30]   [30,40,20] (20)   18083
[10,30]   [30,40,20] (25)   18285.6
[10,30]   [30,40,20] (30)   18147.1
[10,30]   [30,50,5] (0)   23044
[10,30]   [30,50,5] (5)   22735.1
[10,30]   [30,50,5] (10)   23078.4
[10,30]   [30,50,5] (15)   22897.5
[10,30]   [30,50,5] (20)   22724.7
[10,30]   [30,50,5] (25)   22883
[10,30]   [30,50,5] (30)   23203.4
[10,30]   [30,50,10] (0)   23012.8
[10,30]   [30,50,10] (5)   22923.2
[10,30]   [30,50,10] (10)   22911.3
[10,30]   [30,50,10] (15)   23117.4
[10,30]   [30,50,10] (20)   22934.3
[10,30]   [30,50,10] (25)   22864.3
[10,30]   [30,50,10] (30)   22786.2
[10,30]   [30,50,15] (0)   22869.7
[10,30]   [30,50,15] (5)   22894.9
[10,30]   [30,50,15] (10)   22885.7
[10,30]   [30,50,15] (15)   22889.8
[10,30]   [30,50,15] (20)   22968.6
[10,30]   [30,50,15] (25)   22834.1
[10,30]   [30,50,15] (30)   22890.7
[10,30]   [30,50,20] (0)   22888.2
[10,30]   [30,50,20] (5)   22832.4
[10,30]   [30,50,20] (10)   22912
[10,30]   [30,50,20] (15)   22937.6
[10,30]   [30,50,20] (20)   22923.2
[10,30]   [30,50,20] (25)   22987.4
[10,30]   [30,50,20] (30)   22778.7
[10,30]   [30,60,5] (0)   27060.2
[10,30]   [30,60,5] (5)   27108.4
[10,30]   [30,60,5] (10)   27032.9
[10,30]   [30,60,5] (15)   27154.4
[10,30]   [30,60,5] (20)   27213.4
[10,30]   [30,60,5] (25)   27106.7
[10,30]   [30,60,5] (30)   27074.3
[10,30]   [30,60,10] (0)   27091.4
[10,30]   [30,60,10] (5)   27032
[10,30]   [30,60,10] (10)   27063.6
[10,30]   [30,60,10] (15)   27248.2
[10,30]   [30,60,10] (20)   27180.9
[10,30]   [30,60,10] (25)   27194.5
[10,30]   [30,60,10] (30)   27206.4
[10,30]   [30,60,15] (0)   27129.9
[10,30]   [30,60,15] (5)   27084.2
[10,30]   [30,60,15] (10)   27179.9
[10,30]   [30,60,15] (15)   27137.6
[10,30]   [30,60,15] (20)   27204.9
[10,30]   [30,60,15] (25)   27172.8
[10,30]   [30,60,15] (30)   27096.2
[10,30]   [30,60,20] (0)   27189.7
[10,30]   [30,60,20] (5)   26994.2
[10,30]   [30,60,20] (10)   27111.4
[10,30]   [30,60,20] (15)   26986.2
[10,30]   [30,60,20] (20)   27193.7
[10,30]   [30,60,20] (25)   27216.9
[10,30]   [30,60,20] (30)   27096.8
[10,30]   [40,10,5] (0)   20199
[10,30]   [40,10,5] (5)   11573.5
[10,30]   [40,10,5] (10)   8103.11
[10,30]   [40,10,5] (15)   6681.9
[10,30]   [40,10,5] (20)   5884.33
[10,30]   [40,10,5] (25)   5275.4
[10,30]   [40,10,5] (30)   4920.3
[10,30]   [40,10,10] (0)   20497.1
[10,30]   [40,10,10] (5)   14758.9
[10,30]   [40,10,10] (10)   14016.8
[10,30]   [40,10,10] (15)   13524.1
[10,30]   [40,10,10] (20)   13018.8
[10,30]   [40,10,10] (25)   12822.8
[10,30]   [40,10,10] (30)   12665.6
[10,30]   [40,10,15] (0)   20343
[10,30]   [40,10,15] (5)   12523.7
[10,30]   [40,10,15] (10)   11451.3
[10,30]   [40,10,15] (15)   10020.9
[10,30]   [40,10,15] (20)   12358.5
[10,30]   [40,10,15] (25)   11219
[10,30]   [40,10,15] (30)   11019.5
[10,30]   [40,10,20] (0)   20388.8
[10,30]   [40,10,20] (5)   15244
[10,30]   [40,10,20] (10)   14931
[10,30]   [40,10,20] (15)   14868.8
[10,30]   [40,10,20] (20)   15144.2
[10,30]   [40,10,20] (25)   14684.5
[10,30]   [40,10,20] (30)   14927.7
[10,30]   [40,20,5] (0)   16114.1
[10,30]   [40,20,5] (5)   16072.9
[10,30]   [40,20,5] (10)   12876.5
[10,30]   [40,20,5] (15)   9229.98
[10,30]   [40,20,5] (20)   8165.27
[10,30]   [40,20,5] (25)   6628.84
[10,30]   [40,20,5] (30)   5941.73
[10,30]   [40,20,10] (0)   16005.6
[10,30]   [40,20,10] (5)   15987.4
[10,30]   [40,20,10] (10)   15611.2
[10,30]   [40,20,10] (15)   14665.3
[10,30]   [40,20,10] (20)   14741.6
[10,30]   [40,20,10] (25)   13749
[10,30]   [40,20,10] (30)   13727.4
[10,30]   [40,20,15] (0)   16053.7
[10,30]   [40,20,15] (5)   15970
[10,30]   [40,20,15] (10)   13551.8
[10,30]   [40,20,15] (15)   12224
[10,30]   [40,20,15] (20)   11921.4
[10,30]   [40,20,15] (25)   11661
[10,30]   [40,20,15] (30)   11666.4
[10,30]   [40,20,20] (0)   16059.5
[10,30]   [40,20,20] (5)   15993.2
[10,30]   [40,20,20] (10)   15954.2
[10,30]   [40,20,20] (15)   14654.1
[10,30]   [40,20,20] (20)   15316.9
[10,30]   [40,20,20] (25)   15407.5
[10,30]   [40,20,20] (30)   15200.9
[10,30]   [40,30,5] (0)   16657.4
[10,30]   [40,30,5] (5)   16569.1
[10,30]   [40,30,5] (10)   16469.3
[10,30]   [40,30,5] (15)   14377.5
[10,30]   [40,30,5] (20)   11012
[10,30]   [40,30,5] (25)   9094.65
[10,30]   [40,30,5] (30)   7812.77
[10,30]   [40,30,10] (0)   16650.7
[10,30]   [40,30,10] (5)   16696.4
[10,30]   [40,30,10] (10)   16705.3
[10,30]   [40,30,10] (15)   16079.2
[10,30]   [40,30,10] (20)   14909.5
[10,30]   [40,30,10] (25)   15255.3
[10,30]   [40,30,10] (30)   14583.8
[10,30]   [40,30,15] (0)   16533.8
[10,30]   [40,30,15] (5)   16678.7
[10,30]   [40,30,15] (10)   16056.7
[10,30]   [40,30,15] (15)   14742.4
[10,30]   [40,30,15] (20)   13446.3
[10,30]   [40,30,15] (25)   12775.9
[10,30]   [40,30,15] (30)   12503.5
[10,30]   [40,30,20] (0)   16710.8
[10,30]   [40,30,20] (5)   16560.7
[10,30]   [40,30,20] (10)   16695.8
[10,30]   [40,30,20] (15)   16587.7
[10,30]   [40,30,20] (20)   16311.3
[10,30]   [40,30,20] (25)   15957.6
[10,30]   [40,30,20] (30)   16081.2
[10,30]   [40,40,5] (0)   21398.4
[10,30]   [40,40,5] (5)   21447.4
[10,30]   [40,40,5] (10)   21406.5
[10,30]   [40,40,5] (15)   20823.6
[10,30]   [40,40,5] (20)   15264.1
[10,30]   [40,40,5] (25)   12473.1
[10,30]   [40,40,5] (30)   10362.9
[10,30]   [40,40,10] (0)   21307
[10,30]   [40,40,10] (5)   21418.1
[10,30]   [40,40,10] (10)   21407.4
[10,30]   [40,40,10] (15)   20521.2
[10,30]   [40,40,10] (20)   17083.5
[10,30]   [40,40,10] (25)   16371.8
[10,30]   [40,40,10] (30)   15796.3
[10,30]   [40,40,15] (0)   21434.2
[10,30]   [40,40,15] (5)   21398.5
[10,30]   [40,40,15] (10)   21397.5
[10,30]   [40,40,15] (15)   20371.2
[10,30]   [40,40,15] (20)   15548.3
[10,30]   [40,40,15] (25)   14427.2
[10,30]   [40,40,15] (30)   14006.7
[10,30]   [40,40,20] (0)   21425.5
[10,30]   [40,40,20] (5)   21442.9
[10,30]   [40,40,20] (10)   21337.7
[10,30]   [40,40,20] (15)   20827.8
[10,30]   [40,40,20] (20)   16875.8
[10,30]   [40,40,20] (25)   16507.6
[10,30]   [40,40,20] (30)   16574.6
[10,30]   [40,50,5] (0)   16281
[10,30]   [40,50,5] (5)   18767.1
[10,30]   [40,50,5] (10)   18862
[10,30]   [40,50,5] (15)   15147.9
[10,30]   [40,50,5] (20)   16554.4
[10,30]   [40,50,5] (25)   12973
[10,30]   [40,50,5] (30)   13838.4
[10,30]   [40,50,10] (0)   16902.8
[10,30]   [40,50,10] (5)   15436.4
[10,30]   [40,50,10] (10)   13067.3
[10,30]   [40,50,10] (15)   17261.3
[10,30]   [40,50,10] (20)   16692.2
[10,30]   [40,50,10] (25)   17002.8
[10,30]   [40,50,10] (30)   12916.2
[10,30]   [40,50,15] (0)   19184.2
[10,30]   [40,50,15] (5)   14707.3
[10,30]   [40,50,15] (10)   16822.9
[10,30]   [40,50,15] (15)   16892.3
[10,30]   [40,50,15] (20)   15501.7
[10,30]   [40,50,15] (25)   16019.2
[10,30]   [40,50,15] (30)   17157
[10,30]   [40,50,20] (0)   17104.7
[10,30]   [40,50,20] (5)   16982.8
[10,30]   [40,50,20] (10)   16902
[10,30]   [40,50,20] (15)   17187.7
[10,30]   [40,50,20] (20)   19042
[10,30]   [40,50,20] (25)   14808
[10,30]   [40,50,20] (30)   16861.2
[10,30]   [40,60,5] (0)   21929.1
[10,30]   [40,60,5] (5)   21722.7
[10,30]   [40,60,5] (10)   21704.4
[10,30]   [40,60,5] (15)   21818.3
[10,30]   [40,60,5] (20)   21646.4
[10,30]   [40,60,5] (25)   21965.2
[10,30]   [40,60,5] (30)   21650.3
[10,30]   [40,60,10] (0)   21785
[10,30]   [40,60,10] (5)   21616.9
[10,30]   [40,60,10] (10)   21632.5
[10,30]   [40,60,10] (15)   21874.2
[10,30]   [40,60,10] (20)   21652.4
[10,30]   [40,60,10] (25)   21902.2
[10,30]   [40,60,10] (30)   21578.7
[10,30]   [40,60,15] (0)   21473.5
[10,30]   [40,60,15] (5)   21751.6
[10,30]   [40,60,15] (10)   21656.6
[10,30]   [40,60,15] (15)   21724
[10,30]   [40,60,15] (20)   21739.2
[10,30]   [40,60,15] (25)   21670
[10,30]   [40,60,15] (30)   21785.7
[10,30]   [40,60,20] (0)   21783.2
[10,30]   [40,60,20] (5)   21515.9
[10,30]   [40,60,20] (10)   21692.8
[10,30]   [40,60,20] (15)   21811.4
[10,30]   [40,60,20] (20)   21707.7
[10,30]   [40,60,20] (25)   21687.9
[10,30]   [40,60,20] (30)   21870.3
[10,30]   [50,10,5] (0)   23959
[10,30]   [50,10,5] (5)   14856.6
[10,30]   [50,10,5] (10)   8778.54
[10,30]   [50,10,5] (15)   7404.3
[10,30]   [50,10,5] (20)   6455.23
[10,30]   [50,10,5] (25)   5696.16
[10,30]   [50,10,5] (30)   5320.86
[10,30]   [50,10,10] (0)   23647.6
[10,30]   [50,10,10] (5)   17467.5
[10,30]   [50,10,10] (10)   14715.2
[10,30]   [50,10,10] (15)   14163
[10,30]   [50,10,10] (20)   13588.4
[10,30]   [50,10,10] (25)   13360.6
[10,30]   [50,10,10] (30)   13043.4
[10,30]   [50,10,15] (0)   23724.3
[10,30]   [50,10,15] (5)   13621.8
[10,30]   [50,10,15] (10)   12481.6
[10,30]   [50,10,15] (15)   11673.3
[10,30]   [50,10,15] (20)   11628.3
[10,30]   [50,10,15] (25)   11286.1
[10,30]   [50,10,15] (30)   10715.2
[10,30]   [50,10,20] (0)   23519.9
[10,30]   [50,10,20] (5)   17174.2
[10,30]   [50,10,20] (10)   15021.1
[10,30]   [50,10,20] (15)   16187.3
[10,30]   [50,10,20] (20)   15501.2
[10,30]   [50,10,20] (25)   15301.8
[10,30]   [50,10,20] (30)   15162.4
[10,30]   [50,20,5] (0)   16750.7
[10,30]   [50,20,5] (5)   16701.3
[10,30]   [50,20,5] (10)   13634.9
[10,30]   [50,20,5] (15)   10626.3
[10,30]   [50,20,5] (20)   8513.48
[10,30]   [50,20,5] (25)   7163.24
[10,30]   [50,20,5] (30)   6452.28
[10,30]   [50,20,10] (0)   16662.3
[10,30]   [50,20,10] (5)   16716.4
[10,30]   [50,20,10] (10)   16124.5
[10,30]   [50,20,10] (15)   15571.2
[10,30]   [50,20,10] (20)   15009
[10,30]   [50,20,10] (25)   14370.9
[10,30]   [50,20,10] (30)   13860
[10,30]   [50,20,15] (0)   16705.8
[10,30]   [50,20,15] (5)   16681.4
[10,30]   [50,20,15] (10)   14357.9
[10,30]   [50,20,15] (15)   13290.3
[10,30]   [50,20,15] (20)   12538.6
[10,30]   [50,20,15] (25)   12466.6
[10,30]   [50,20,15] (30)   12035.1
[10,30]   [50,20,20] (0)   16650.4
[10,30]   [50,20,20] (5)   16591.4
[10,30]   [50,20,20] (10)   17000.7
[10,30]   [50,20,20] (15)   16331.6
[10,30]   [50,20,20] (20)   16071.7
[10,30]   [50,20,20] (25)   15723.6
[10,30]   [50,20,20] (30)   15678.6
[10,30]   [50,30,5] (0)   21322.8
[10,30]   [50,30,5] (5)   21348.8
[10,30]   [50,30,5] (10)   21285.3
[10,30]   [50,30,5] (15)   15886.9
[10,30]   [50,30,5] (20)   11983.8
[10,30]   [50,30,5] (25)   9552.58
[10,30]   [50,30,5] (30)   8010.68
[10,30]   [50,30,10] (0)   21394.4
[10,30]   [50,30,10] (5)   21349.3
[10,30]   [50,30,10] (10)   20561.7
[10,30]   [50,30,10] (15)   17465.4
[10,30]   [50,30,10] (20)   16307.2
[10,30]   [50,30,10] (25)   15506.7
[10,30]   [50,30,10] (30)   14830.9
[10,30]   [50,30,15] (0)   21342.9
[10,30]   [50,30,15] (5)   21150.2
[10,30]   [50,30,15] (10)   21313.6
[10,30]   [50,30,15] (15)   16026.1
[10,30]   [50,30,15] (20)   14094.4
[10,30]   [50,30,15] (25)   13295.2
[10,30]   [50,30,15] (30)   12938.8
[10,30]   [50,30,20] (0)   21426.1
[10,30]   [50,30,20] (5)   21237.2
[10,30]   [50,30,20] (10)   21031.2
[10,30]   [50,30,20] (15)   18706.9
[10,30]   [50,30,20] (20)   16891.8
[10,30]   [50,30,20] (25)   16464
[10,30]   [50,30,20] (30)   16260.8
[10,30]   [50,40,5] (0)   17540.9
[10,30]   [50,40,5] (5)   17494.8
[10,30]   [50,40,5] (10)   17338.3
[10,30]   [50,40,5] (15)   16927.9
[10,30]   [50,40,5] (20)   16006.4
[10,30]   [50,40,5] (25)   13284.2
[10,30]   [50,40,5] (30)   10428.3
[10,30]   [50,40,10] (0)   17532.8
[10,30]   [50,40,10] (5)   17454
[10,30]   [50,40,10] (10)   17483.1
[10,30]   [50,40,10] (15)   17281.8
[10,30]   [50,40,10] (20)   17327.5
[10,30]   [50,40,10] (25)   16871.3
[10,30]   [50,40,10] (30)   15996.1
[10,30]   [50,40,15] (0)   17590.7
[10,30]   [50,40,15] (5)   17439.9
[10,30]   [50,40,15] (10)   17593.6
[10,30]   [50,40,15] (15)   17101.3
[10,30]   [50,40,15] (20)   16076.9
[10,30]   [50,40,15] (25)   14639.7
[10,30]   [50,40,15] (30)   13816.6
[10,30]   [50,40,20] (0)   17546.1
[10,30]   [50,40,20] (5)   17523.7
[10,30]   [50,40,20] (10)   17361.4
[10,30]   [50,40,20] (15)   17363.4
[10,30]   [50,40,20] (20)   17397.3
[10,30]   [50,40,20] (25)   17036.6
[10,30]   [50,40,20] (30)   16790.9
[10,30]   [50,50,5] (0)   17851.4
[10,30]   [50,50,5] (5)   17903.1
[10,30]   [50,50,5] (10)   17875.5
[10,30]   [50,50,5] (15)   17952.1
[10,30]   [50,50,5] (20)   17526.8
[10,30]   [50,50,5] (25)   16308.9
[10,30]   [50,50,5] (30)   14116.7
[10,30]   [50,50,10] (0)   17840.7
[10,30]   [50,50,10] (5)   17878.4
[10,30]   [50,50,10] (10)   17750.5
[10,30]   [50,50,10] (15)   17844.9
[10,30]   [50,50,10] (20)   17847.1
[10,30]   [50,50,10] (25)   17828
[10,30]   [50,50,10] (30)   17290.6
[10,30]   [50,50,15] (0)   17921.9
[10,30]   [50,50,15] (5)   17774.1
[10,30]   [50,50,15] (10)   17946.3
[10,30]   [50,50,15] (15)   17890.9
[10,30]   [50,50,15] (20)   17114.3
[10,30]   [50,50,15] (25)   16405.9
[10,30]   [50,50,15] (30)   15645.1
[10,30]   [50,50,20] (0)   17901.8
[10,30]   [50,50,20] (5)   17729.8
[10,30]   [50,50,20] (10)   17764.5
[10,30]   [50,50,20] (15)   17839.4
[10,30]   [50,50,20] (20)   17677.4
[10,30]   [50,50,20] (25)   17774.9
[10,30]   [50,50,20] (30)   17554
[10,30]   [50,60,5] (0)   18457.8
[10,30]   [50,60,5] (5)   18365.2
[10,30]   [50,60,5] (10)   18622.9
[10,30]   [50,60,5] (15)   18597.9
[10,30]   [50,60,5] (20)   18085.4
[10,30]   [50,60,5] (25)   17975.1
[10,30]   [50,60,5] (30)   17387.6
[10,30]   [50,60,10] (0)   18207
[10,30]   [50,60,10] (5)   18295.7
[10,30]   [50,60,10] (10)   18958
[10,30]   [50,60,10] (15)   18571.4
[10,30]   [50,60,10] (20)   18480
[10,30]   [50,60,10] (25)   18423.8
[10,30]   [50,60,10] (30)   18454.9
[10,30]   [50,60,15] (0)   18094.3
[10,30]   [50,60,15] (5)   18083
[10,30]   [50,60,15] (10)   18508.5
[10,30]   [50,60,15] (15)   18232.2
[10,30]   [50,60,15] (20)   18711.6
[10,30]   [50,60,15] (25)   18572.4
[10,30]   [50,60,15] (30)   17601.3
[10,30]   [50,60,20] (0)   18279.6
[10,30]   [50,60,20] (5)   18378.9
[10,30]   [50,60,20] (10)   18238.7
[10,30]   [50,60,20] (15)   18470.8
[10,30]   [50,60,20] (20)   18486.9
[10,30]   [50,60,20] (25)   18754
[10,30]   [50,60,20] (30)   18813.7
[10,30]   [60,10,5] (0)   26443.1
[10,30]   [60,10,5] (5)   17694.2
[10,30]   [60,10,5] (10)   9741.84
[10,30]   [60,10,5] (15)   8127.62
[10,30]   [60,10,5] (20)   7026.5
[10,30]   [60,10,5] (25)   6313.32
[10,30]   [60,10,5] (30)   5804.18
[10,30]   [60,10,10] (0)   26645.8
[10,30]   [60,10,10] (5)   21221.6
[10,30]   [60,10,10] (10)   15419
[10,30]   [60,10,10] (15)   14652.2
[10,30]   [60,10,10] (20)   14266.1
[10,30]   [60,10,10] (25)   13789.4
[10,30]   [60,10,10] (30)   13661.6
[10,30]   [60,10,15] (0)   26464.8
[10,30]   [60,10,15] (5)   14934.7
[10,30]   [60,10,15] (10)   13045.5
[10,30]   [60,10,15] (15)   12257.2
[10,30]   [60,10,15] (20)   12310.1
[10,30]   [60,10,15] (25)   11772.6
[10,30]   [60,10,15] (30)   11547.4
[10,30]   [60,10,20] (0)   26410.7
[10,30]   [60,10,20] (5)   17137.5
[10,30]   [60,10,20] (10)   15956.2
[10,30]   [60,10,20] (15)   15847.2
[10,30]   [60,10,20] (20)   15699.2
[10,30]   [60,10,20] (25)   15582.2
[10,30]   [60,10,20] (30)   15454.8
[10,30]   [60,20,5] (0)   18972
[10,30]   [60,20,5] (5)   18934.2
[10,30]   [60,20,5] (10)   15483.9
[10,30]   [60,20,5] (15)   11326.6
[10,30]   [60,20,5] (20)   9099.29
[10,30]   [60,20,5] (25)   7806.31
[10,30]   [60,20,5] (30)   6969.07
[10,30]   [60,20,10] (0)   18813.4
[10,30]   [60,20,10] (5)   18857.3
[10,30]   [60,20,10] (10)   17266.1
[10,30]   [60,20,10] (15)   15911.2
[10,30]   [60,20,10] (20)   15302.3
[10,30]   [60,20,10] (25)   14811.7
[10,30]   [60,20,10] (30)   14378.7
[10,30]   [60,20,15] (0)   18732.5
[10,30]   [60,20,15] (5)   18757.1
[10,30]   [60,20,15] (10)   15128.2
[10,30]   [60,20,15] (15)   13766.3
[10,30]   [60,20,15] (20)   13000.4
[10,30]   [60,20,15] (25)   12990.8
[10,30]   [60,20,15] (30)   12559.2
[10,30]   [60,20,20] (0)   18842.5
[10,30]   [60,20,20] (5)   18783.6
[10,30]   [60,20,20] (10)   17027.5
[10,30]   [60,20,20] (15)   16441.3
[10,30]   [60,20,20] (20)   16333.9
[10,30]   [60,20,20] (25)   16187
[10,30]   [60,20,20] (30)   15907.8
[10,30]   [60,30,5] (0)   17521.9
[10,30]   [60,30,5] (5)   17474
[10,30]   [60,30,5] (10)   17060.3
[10,30]   [60,30,5] (15)   15609.2
[10,30]   [60,30,5] (20)   12343.4
[10,30]   [60,30,5] (25)   10037.8
[10,30]   [60,30,5] (30)   8625.31
[10,30]   [60,30,10] (0)   17502.2
[10,30]   [60,30,10] (5)   17562.9
[10,30]   [60,30,10] (10)   17156.7
[10,30]   [60,30,10] (15)   17284.7
[10,30]   [60,30,10] (20)   16404.4
[10,30]   [60,30,10] (25)   15678.2
[10,30]   [60,30,10] (30)   15185.8
[10,30]   [60,30,15] (0)   17443.7
[10,30]   [60,30,15] (5)   17356.6
[10,30]   [60,30,15] (10)   17334.2
[10,30]   [60,30,15] (15)   15963.8
[10,30]   [60,30,15] (20)   14613.8
[10,30]   [60,30,15] (25)   13762.6
[10,30]   [60,30,15] (30)   13574.9
[10,30]   [60,30,20] (0)   17368.6
[10,30]   [60,30,20] (5)   17312.6
[10,30]   [60,30,20] (10)   17393.8
[10,30]   [60,30,20] (15)   17220.1
[10,30]   [60,30,20] (20)   16966.6
[10,30]   [60,30,20] (25)   16730.8
[10,30]   [60,30,20] (30)   16610.6
[10,30]   [60,40,5] (0)   17900.4
[10,30]   [60,40,5] (5)   17897.6
[10,30]   [60,40,5] (10)   17847.2
[10,30]   [60,40,5] (15)   17627.7
[10,30]   [60,40,5] (20)   16217.2
[10,30]   [60,40,5] (25)   13534
[10,30]   [60,40,5] (30)   11020.9
[10,30]   [60,40,10] (0)   17897.8
[10,30]   [60,40,10] (5)   17908.8
[10,30]   [60,40,10] (10)   17750
[10,30]   [60,40,10] (15)   17862.1
[10,30]   [60,40,10] (20)   17797.1
[10,30]   [60,40,10] (25)   17108.1
[10,30]   [60,40,10] (30)   16457.3
[10,30]   [60,40,15] (0)   17793.6
[10,30]   [60,40,15] (5)   17904.5
[10,30]   [60,40,15] (10)   17827
[10,30]   [60,40,15] (15)   17643.7
[10,30]   [60,40,15] (20)   16511.6
[10,30]   [60,40,15] (25)   15266.6
[10,30]   [60,40,15] (30)   14324.5
[10,30]   [60,40,20] (0)   17802.9
[10,30]   [60,40,20] (5)   17652.4
[10,30]   [60,40,20] (10)   17699.1
[10,30]   [60,40,20] (15)   17891.3
[10,30]   [60,40,20] (20)   17882.6
[10,30]   [60,40,20] (25)   17459.9
[10,30]   [60,40,20] (30)   17449.7
[10,30]   [60,50,5] (0)   18086.1
[10,30]   [60,50,5] (5)   18093.4
[10,30]   [60,50,5] (10)   18025.3
[10,30]   [60,50,5] (15)   18146.4
[10,30]   [60,50,5] (20)   17705.2
[10,30]   [60,50,5] (25)   16759
[10,30]   [60,50,5] (30)   14588.6
[10,30]   [60,50,10] (0)   18063.1
[10,30]   [60,50,10] (5)   18107.2
[10,30]   [60,50,10] (10)   18086.8
[10,30]   [60,50,10] (15)   18105.9
[10,30]   [60,50,10] (20)   17951.1
[10,30]   [60,50,10] (25)   18017.7
[10,30]   [60,50,10] (30)   17563.8
[10,30]   [60,50,15] (0)   17950.6
[10,30]   [60,50,15] (5)   18150.7
[10,30]   [60,50,15] (10)   17985.5
[10,30]   [60,50,15] (15)   18153.4
[10,30]   [60,50,15] (20)   17928.1
[10,30]   [60,50,15] (25)   16846.5
[10,30]   [60,50,15] (30)   15833.5
[10,30]   [60,50,20] (0)   18151
[10,30]   [60,50,20] (5)   18103.4
[10,30]   [60,50,20] (10)   18142.3
[10,30]   [60,50,20] (15)   18048.2
[10,30]   [60,50,20] (20)   18035.1
[10,30]   [60,50,20] (25)   18141.6
[10,30]   [60,50,20] (30)   17766.4
[10,30]   [60,60,5] (0)   18400.2
[10,30]   [60,60,5] (5)   18433.2
[10,30]   [60,60,5] (10)   18230.2
[10,30]   [60,60,5] (15)   18328.4
[10,30]   [60,60,5] (20)   18307
[10,30]   [60,60,5] (25)   17994.5
[10,30]   [60,60,5] (30)   17253.8
[10,30]   [60,60,10] (0)   18418.6
[10,30]   [60,60,10] (5)   18333
[10,30]   [60,60,10] (10)   18384.7
[10,30]   [60,60,10] (15)   18152.8
[10,30]   [60,60,10] (20)   18444.7
[10,30]   [60,60,10] (25)   18456.9
[10,30]   [60,60,10] (30)   18286.2
[10,30]   [60,60,15] (0)   18353.6
[10,30]   [60,60,15] (5)   18215.8
[10,30]   [60,60,15] (10)   18322.6
[10,30]   [60,60,15] (15)   18452.5
[10,30]   [60,60,15] (20)   18267.6
[10,30]   [60,60,15] (25)   18326.7
[10,30]   [60,60,15] (30)   17082.9
[10,30]   [60,60,20] (0)   18323.2
[10,30]   [60,60,20] (5)   18239.3
[10,30]   [60,60,20] (10)   18434.4
[10,30]   [60,60,20] (15)   18357.5
[10,30]   [60,60,20] (20)   18293.6
[10,30]   [60,60,20] (25)   18258
[10,30]   [60,60,20] (30)   18276.3
