[10,10]   [10,10,5] (0)   66.4642
[10,10]   [10,10,5] (5)   43.8078
[10,10]   [10,10,5] (10)   47.2372
[10,10]   [10,10,5] (15)   58.6194
[10,10]   [10,10,5] (20)   69.9413
[10,10]   [10,10,5] (25)   81.0084
[10,10]   [10,10,5] (30)   92.4712
[10,10]   [10,10,10] (0)   70.9242
[10,10]   [10,10,10] (5)   55.8525
[10,10]   [10,10,10] (10)   63.1965
[10,10]   [10,10,10] (15)   71.8673
[10,10]   [10,10,10] (20)   80.8433
[10,10]   [10,10,10] (25)   89.5013
[10,10]   [10,10,10] (30)   98.2381
[10,10]   [10,10,15] (0)   68.496
[10,10]   [10,10,15] (5)   51.9631
[10,10]   [10,10,15] (10)   58.9805
[10,10]   [10,10,15] (15)   68.7942
[10,10]   [10,10,15] (20)   78.764
[10,10]   [10,10,15] (25)   88.7308
[10,10]   [10,10,15] (30)   98.7403
[10,10]   [10,10,20] (0)   67.0594
[10,10]   [10,10,20] (5)   62.7102
[10,10]   [10,10,20] (10)   70.842
[10,10]   [10,10,20] (15)   79.595
[10,10]   [10,10,20] (20)   88.2743
[10,10]   [10,10,20] (25)   97.0603
[10,10]   [10,10,20] (30)   105.764
[10,10]   [10,20,5] (0)   4523.83
[10,10]   [10,20,5] (5)   4432.51
[10,10]   [10,20,5] (10)   4567.98
[10,10]   [10,20,5] (15)   4338.02
[10,10]   [10,20,5] (20)   4578
[10,10]   [10,20,5] (25)   4468.2
[10,10]   [10,20,5] (30)   4391.41
[10,10]   [10,20,10] (0)   4490.24
[10,10]   [10,20,10] (5)   4483.68
[10,10]   [10,20,10] (10)   4435.46
[10,10]   [10,20,10] (15)   4410.53
[10,10]   [10,20,10] (20)   4351.44
[10,10]   [10,20,10] (25)   4395.74
[10,10]   [10,20,10] (30)   4383.4
[10,10]   [10,20,15] (0)   4316.83
[10,10]   [10,20,15] (5)   4492.51
[10,10]   [10,20,15] (10)   4441.54
[10,10]   [10,20,15] (15)   4452.66
[10,10]   [10,20,15] (20)   4462.33
[10,10]   [10,20,15] (25)   4357.5
[10,10]   [10,20,15] (30)   4416.87
[10,10]   [10,20,20] (0)   4448.92
[10,10]   [10,20,20] (5)   3903.45
[10,10]   [10,20,20] (10)   4528.37
[10,10]   [10,20,20] (15)   4401.21
[10,10]   [10,20,20] (20)   4337.95
[10,10]   [10,20,20] (25)   4339.32
[10,10]   [10,20,20] (30)   4382.23
[10,10]   [10,30,5] (0)   9593.51
[10,10]   [10,30,5] (5)   9578.49
[10,10]   [10,30,5] (10)   9500.55
[10,10]   [10,30,5] (15)   9486.51
[10,10]   [10,30,5] (20)   9446.58
[10,10]   [10,30,5] (25)   9497.14
[10,10]   [10,30,5] (30)   7957.65
[10,10]   [10,30,10] (0)   9304.88
[10,10]   [10,30,10] (5)   9423.9
[10,10]   [10,30,10] (10)   9467.99
[10,10]   [10,30,10] (15)   9397.63
[10,10]   [10,30,10] (20)   9300.21
[10,10]   [10,30,10] (25)   9411.93
[10,10]   [10,30,10] (30)   9442.46
[10,10]   [10,30,15] (0)   9583.36
[10,10]   [10,30,15] (5)   9157.01
[10,10]   [10,30,15] (10)   9581.25
[10,10]   [10,30,15] (15)   9320.94
[10,10]   [10,30,15] (20)   9418.76
[10,10]   [10,30,15] (25)   9349.47
[10,10]   [10,30,15] (30)   5278.18
[10,10]   [10,30,20] (0)   9513.86
[10,10]   [10,30,20] (5)   9505.32
[10,10]   [10,30,20] (10)   9673.8
[10,10]   [10,30,20] (15)   9285.71
[10,10]   [10,30,20] (20)   9508.4
[10,10]   [10,30,20] (25)   9377.09
[10,10]   [10,30,20] (30)   9171.93
[10,10]   [10,40,5] (0)   12505.4
[10,10]   [10,40,5] (5)   12690.5
[10,10]   [10,40,5] (10)   12488.1
[10,10]   [10,40,5] (15)   12496.1
[10,10]   [10,40,5] (20)   12825.9
[10,10]   [10,40,5] (25)   12417.3
[10,10]   [10,40,5] (30)   12505
[10,10]   [10,40,10] (0)   12610.1
[10,10]   [10,40,10] (5)   12339.2
[10,10]   [10,40,10] (10)   12553.6
[10,10]   [10,40,10] (15)   12528.6
[10,10]   [10,40,10] (20)   12298.2
[10,10]   [10,40,10] (25)   12354.9
[10,10]   [10,40,10] (30)   12735.2
[10,10]   [10,40,15] (0)   12560.4
[10,10]   [10,40,15] (5)   12430.2
[10,10]   [10,40,15] (10)   12260.4
[10,10]   [10,40,15] (15)   12472.3
[10,10]   [10,40,15] (20)   12343.9
[10,10]   [10,40,15] (25)   12827.6
[10,10]   [10,40,15] (30)   12401.7
[10,10]   [10,40,20] (0)   12635.7
[10,10]   [10,40,20] (5)   12173.9
[10,10]   [10,40,20] (10)   12369.5
[10,10]   [10,40,20] (15)   12666.6
[10,10]   [10,40,20] (20)   12194.7
[10,10]   [10,40,20] (25)   11400.8
[10,10]   [10,40,20] (30)   12289.1
[10,10]   [10,50,5] (0)   14138
[10,10]   [10,50,5] (5)   14727
[10,10]   [10,50,5] (10)   14177
[10,10]   [10,50,5] (15)   14476.4
[10,10]   [10,50,5] (20)   14511.2
[10,10]   [10,50,5] (25)   14553.7
[10,10]   [10,50,5] (30)   14399.2
[10,10]   [10,50,10] (0)   14540
[10,10]   [10,50,10] (5)   14175.5
[10,10]   [10,50,10] (10)   14437.1
[10,10]   [10,50,10] (15)   14207.6
[10,10]   [10,50,10] (20)   14319.5
[10,10]   [10,50,10] (25)   14295.8
[10,10]   [10,50,10] (30)   14292.6
[10,10]   [10,50,15] (0)   14440.3
[10,10]   [10,50,15] (5)   14297.3
[10,10]   [10,50,15] (10)   14356.1
[10,10]   [10,50,15] (15)   14520.2
[10,10]   [10,50,15] (20)   14294.1
[10,10]   [10,50,15] (25)   14588.2
[10,10]   [10,50,15] (30)   14411.1
[10,10]   [10,50,20] (0)   14357.3
[10,10]   [10,50,20] (5)   14463.2
[10,10]   [10,50,20] (10)   14101.7
[10,10]   [10,50,20] (15)   14408.5
[10,10]   [10,50,20] (20)   14342
[10,10]   [10,50,20] (25)   14254.7
[10,10]   [10,50,20] (30)   14472.4
[10,10]   [10,60,5] (0)   15944.3
[10,10]   [10,60,5] (5)   15973.7
[10,10]   [10,60,5] (10)   15814.4
[10,10]   [10,60,5] (15)   15533.6
[10,10]   [10,60,5] (20)   15772.2
[10,10]   [10,60,5] (25)   15919.7
[10,10]   [10,60,5] (30)   16012.1
[10,10]   [10,60,10] (0)   16076.7
[10,10]   [10,60,10] (5)   15698.1
[10,10]   [10,60,10] (10)   16100.9
[10,10]   [10,60,10] (15)   15892.3
[10,10]   [10,60,10] (20)   16003.9
[10,10]   [10,60,10] (25)   15548.8
[10,10]   [10,60,10] (30)   15954.6
[10,10]   [10,60,15] (0)   15855.1
[10,10]   [10,60,15] (5)   15934.6
[10,10]   [10,60,15] (10)   15970
[10,10]   [10,60,15] (15)   15936.1
[10,10]   [10,60,15] (20)   15830.3
[10,10]   [10,60,15] (25)   15730.8
[10,10]   [10,60,15] (30)   15654.2
[10,10]   [10,60,20] (0)   16081.8
[10,10]   [10,60,20] (5)   15607.5
[10,10]   [10,60,20] (10)   15971.1
[10,10]   [10,60,20] (15)   16089.5
[10,10]   [10,60,20] (20)   15679
[10,10]   [10,60,20] (25)   15702.3
[10,10]   [10,60,20] (30)   16088.7
[10,10]   [20,10,5] (0)   5967.53
[10,10]   [20,10,5] (5)   121.169
[10,10]   [20,10,5] (10)   45.142
[10,10]   [20,10,5] (15)   50.1965
[10,10]   [20,10,5] (20)   59.9291
[10,10]   [20,10,5] (25)   71.3155
[10,10]   [20,10,5] (30)   82.7089
[10,10]   [20,10,10] (0)   5763.4
[10,10]   [20,10,10] (5)   1297.07
[10,10]   [20,10,10] (10)   62.0145
[10,10]   [20,10,10] (15)   67.6191
[10,10]   [20,10,10] (20)   75.9974
[10,10]   [20,10,10] (25)   84.7701
[10,10]   [20,10,10] (30)   93.6084
[10,10]   [20,10,15] (0)   5938.89
[10,10]   [20,10,15] (5)   61.7386
[10,10]   [20,10,15] (10)   54.47
[10,10]   [20,10,15] (15)   61.0586
[10,10]   [20,10,15] (20)   70.4431
[10,10]   [20,10,15] (25)   80.3156
[10,10]   [20,10,15] (30)   90.4376
[10,10]   [20,10,20] (0)   6024.98
[10,10]   [20,10,20] (5)   87.558
[10,10]   [20,10,20] (10)   67.3562
[10,10]   [20,10,20] (15)   72.9505
[10,10]   [20,10,20] (20)   81.784
[10,10]   [20,10,20] (25)   90.4921
[10,10]   [20,10,20] (30)   99.3884
[10,10]   [20,20,5] (0)   75.3505
[10,10]   [20,20,5] (5)   69.9412
[10,10]   [20,20,5] (10)   56.574
[10,10]   [20,20,5] (15)   54.0541
[10,10]   [20,20,5] (20)   62.5793
[10,10]   [20,20,5] (25)   72.905
[10,10]   [20,20,5] (30)   83.3163
[10,10]   [20,20,10] (0)   69.7073
[10,10]   [20,20,10] (5)   69.6461
[10,10]   [20,20,10] (10)   64.1805
[10,10]   [20,20,10] (15)   68.375
[10,10]   [20,20,10] (20)   76.819
[10,10]   [20,20,10] (25)   85.5803
[10,10]   [20,20,10] (30)   94.3427
[10,10]   [20,20,15] (0)   71.0182
[10,10]   [20,20,15] (5)   71.6588
[10,10]   [20,20,15] (10)   59.8426
[10,10]   [20,20,15] (15)   63.6069
[10,10]   [20,20,15] (20)   72.4513
[10,10]   [20,20,15] (25)   82.1524
[10,10]   [20,20,15] (30)   91.7405
[10,10]   [20,20,20] (0)   71.3198
[10,10]   [20,20,20] (5)   70.8718
[10,10]   [20,20,20] (10)   64.6356
[10,10]   [20,20,20] (15)   71.7958
[10,10]   [20,20,20] (20)   80.2513
[10,10]   [20,20,20] (25)   88.8785
[10,10]   [20,20,20] (30)   97.5681
[10,10]   [20,30,5] (0)   496.646
[10,10]   [20,30,5] (5)   490.358
[10,10]   [20,30,5] (10)   440.625
[10,10]   [20,30,5] (15)   434.501
[10,10]   [20,30,5] (20)   446.343
[10,10]   [20,30,5] (25)   520.505
[10,10]   [20,30,5] (30)   424.262
[10,10]   [20,30,10] (0)   541.052
[10,10]   [20,30,10] (5)   490.46
[10,10]   [20,30,10] (10)   505.999
[10,10]   [20,30,10] (15)   454.725
[10,10]   [20,30,10] (20)   441.126
[10,10]   [20,30,10] (25)   491.983
[10,10]   [20,30,10] (30)   512.549
[10,10]   [20,30,15] (0)   499.437
[10,10]   [20,30,15] (5)   408.377
[10,10]   [20,30,15] (10)   458.282
[10,10]   [20,30,15] (15)   429.733
[10,10]   [20,30,15] (20)   432.716
[10,10]   [20,30,15] (25)   441.197
[10,10]   [20,30,15] (30)   455.764
[10,10]   [20,30,20] (0)   452.739
[10,10]   [20,30,20] (5)   443.126
[10,10]   [20,30,20] (10)   448.084
[10,10]   [20,30,20] (15)   474.222
[10,10]   [20,30,20] (20)   484.309
[10,10]   [20,30,20] (25)   540.115
[10,10]   [20,30,20] (30)   523.339
[10,10]   [20,40,5] (0)   4420.14
[10,10]   [20,40,5] (5)   4411.66
[10,10]   [20,40,5] (10)   4415.4
[10,10]   [20,40,5] (15)   4351.74
[10,10]   [20,40,5] (20)   4502.37
[10,10]   [20,40,5] (25)   4361.32
[10,10]   [20,40,5] (30)   4293.37
[10,10]   [20,40,10] (0)   4621.25
[10,10]   [20,40,10] (5)   4446.47
[10,10]   [20,40,10] (10)   4333.41
[10,10]   [20,40,10] (15)   4347.15
[10,10]   [20,40,10] (20)   4442.28
[10,10]   [20,40,10] (25)   4572.28
[10,10]   [20,40,10] (30)   4438.18
[10,10]   [20,40,15] (0)   4508.5
[10,10]   [20,40,15] (5)   4316.24
[10,10]   [20,40,15] (10)   4590.62
[10,10]   [20,40,15] (15)   4350.16
[10,10]   [20,40,15] (20)   4467.2
[10,10]   [20,40,15] (25)   4327.9
[10,10]   [20,40,15] (30)   4142.79
[10,10]   [20,40,20] (0)   4364.32
[10,10]   [20,40,20] (5)   4520.46
[10,10]   [20,40,20] (10)   4569.52
[10,10]   [20,40,20] (15)   4430.89
[10,10]   [20,40,20] (20)   4402.18
[10,10]   [20,40,20] (25)   4530.67
[10,10]   [20,40,20] (30)   4499.56
[10,10]   [20,50,5] (0)   7423.09
[10,10]   [20,50,5] (5)   7414.02
[10,10]   [20,50,5] (10)   7178.6
[10,10]   [20,50,5] (15)   7244.62
[10,10]   [20,50,5] (20)   7262.54
[10,10]   [20,50,5] (25)   7329.43
[10,10]   [20,50,5] (30)   7228.44
[10,10]   [20,50,10] (0)   7162.27
[10,10]   [20,50,10] (5)   7123.71
[10,10]   [20,50,10] (10)   7201.04
[10,10]   [20,50,10] (15)   7266.85
[10,10]   [20,50,10] (20)   7240.66
[10,10]   [20,50,10] (25)   7352.45
[10,10]   [20,50,10] (30)   7179.02
[10,10]   [20,50,15] (0)   7389.57
[10,10]   [20,50,15] (5)   7212.48
[10,10]   [20,50,15] (10)   7269.48
[10,10]   [20,50,15] (15)   7180.39
[10,10]   [20,50,15] (20)   7151.88
[10,10]   [20,50,15] (25)   7412.25
[10,10]   [20,50,15] (30)   7166.59
[10,10]   [20,50,20] (0)   7249.66
[10,10]   [20,50,20] (5)   7233.38
[10,10]   [20,50,20] (10)   7460.25
[10,10]   [20,50,20] (15)   7128.44
[10,10]   [20,50,20] (20)   7368.56
[10,10]   [20,50,20] (25)   7272.29
[10,10]   [20,50,20] (30)   7218.82
[10,10]   [20,60,5] (0)   9514.07
[10,10]   [20,60,5] (5)   9442.97
[10,10]   [20,60,5] (10)   9365.47
[10,10]   [20,60,5] (15)   9427.7
[10,10]   [20,60,5] (20)   9397.39
[10,10]   [20,60,5] (25)   9475.44
[10,10]   [20,60,5] (30)   9654.56
[10,10]   [20,60,10] (0)   9447.28
[10,10]   [20,60,10] (5)   9397.16
[10,10]   [20,60,10] (10)   9530.05
[10,10]   [20,60,10] (15)   9547.97
[10,10]   [20,60,10] (20)   9524.1
[10,10]   [20,60,10] (25)   9610.94
[10,10]   [20,60,10] (30)   9326.37
[10,10]   [20,60,15] (0)   9359.09
[10,10]   [20,60,15] (5)   9498.3
[10,10]   [20,60,15] (10)   9425.54
[10,10]   [20,60,15] (15)   9433.43
[10,10]   [20,60,15] (20)   9472.36
[10,10]   [20,60,15] (25)   9298.46
[10,10]   [20,60,15] (30)   9220.22
[10,10]   [20,60,20] (0)   9335.9
[10,10]   [20,60,20] (5)   9265.35
[10,10]   [20,60,20] (10)   9541.84
[10,10]   [20,60,20] (15)   9299.5
[10,10]   [20,60,20] (20)   9448.59
[10,10]   [20,60,20] (25)   9517.18
[10,10]   [20,60,20] (30)   9312.09
[10,10]   [30,10,5] (0)   8974.83
[10,10]   [30,10,5] (5)   3169.11
[10,10]   [30,10,5] (10)   48.4283
[10,10]   [30,10,5] (15)   51.3651
[10,10]   [30,10,5] (20)   57.2764
[10,10]   [30,10,5] (25)   65.062
[10,10]   [30,10,5] (30)   75.5465
[10,10]   [30,10,10] (0)   9106.33
[10,10]   [30,10,10] (5)   5028.35
[10,10]   [30,10,10] (10)   85.1605
[10,10]   [30,10,10] (15)   69.4904
[10,10]   [30,10,10] (20)   74.0547
[10,10]   [30,10,10] (25)   80.9458
[10,10]   [30,10,10] (30)   89.5136
[10,10]   [30,10,15] (0)   9203.89
[10,10]   [30,10,15] (5)   1021.39
[10,10]   [30,10,15] (10)   58.413
[10,10]   [30,10,15] (15)   62.4681
[10,10]   [30,10,15] (20)   67.4066
[10,10]   [30,10,15] (25)   75.1405
[10,10]   [30,10,15] (30)   84.3778
[10,10]   [30,10,20] (0)   9148.55
[10,10]   [30,10,20] (5)   1980.51
[10,10]   [30,10,20] (10)   71.0772
[10,10]   [30,10,20] (15)   73.592
[10,10]   [30,10,20] (20)   80.6303
[10,10]   [30,10,20] (25)   87.8468
[10,10]   [30,10,20] (30)   96.7592
[10,10]   [30,20,5] (0)   3235
[10,10]   [30,20,5] (5)   3448.69
[10,10]   [30,20,5] (10)   403.162
[10,10]   [30,20,5] (15)   55.0991
[10,10]   [30,20,5] (20)   58.6769
[10,10]   [30,20,5] (25)   65.7467
[10,10]   [30,20,5] (30)   76.0135
[10,10]   [30,20,10] (0)   3381.52
[10,10]   [30,20,10] (5)   3434.58
[10,10]   [30,20,10] (10)   1435.45
[10,10]   [30,20,10] (15)   70.8571
[10,10]   [30,20,10] (20)   74.7328
[10,10]   [30,20,10] (25)   81.7391
[10,10]   [30,20,10] (30)   90.3771
[10,10]   [30,20,15] (0)   3401.96
[10,10]   [30,20,15] (5)   3393.59
[10,10]   [30,20,15] (10)   84.6142
[10,10]   [30,20,15] (15)   63.6695
[10,10]   [30,20,15] (20)   68.6278
[10,10]   [30,20,15] (25)   75.9048
[10,10]   [30,20,15] (30)   85.3772
[10,10]   [30,20,20] (0)   3345.94
[10,10]   [30,20,20] (5)   3392.72
[10,10]   [30,20,20] (10)   164.568
[10,10]   [30,20,20] (15)   74.9102
[10,10]   [30,20,20] (20)   78.7027
[10,10]   [30,20,20] (25)   87.0302
[10,10]   [30,20,20] (30)   95.6834
[10,10]   [30,30,5] (0)   86.3417
[10,10]   [30,30,5] (5)   82.3581
[10,10]   [30,30,5] (10)   78.4695
[10,10]   [30,30,5] (15)   67.1419
[10,10]   [30,30,5] (20)   62.032
[10,10]   [30,30,5] (25)   67.4866
[10,10]   [30,30,5] (30)   77.0546
[10,10]   [30,30,10] (0)   83.414
[10,10]   [30,30,10] (5)   83.1608
[10,10]   [30,30,10] (10)   80.8706
[10,10]   [30,30,10] (15)   73.6169
[10,10]   [30,30,10] (20)   75.5168
[10,10]   [30,30,10] (25)   82.0439
[10,10]   [30,30,10] (30)   90.6731
[10,10]   [30,30,15] (0)   85.086
[10,10]   [30,30,15] (5)   86.5378
[10,10]   [30,30,15] (10)   83.9471
[10,10]   [30,30,15] (15)   69.3114
[10,10]   [30,30,15] (20)   70.05
[10,10]   [30,30,15] (25)   77.0435
[10,10]   [30,30,15] (30)   86.3191
[10,10]   [30,30,20] (0)   83.2743
[10,10]   [30,30,20] (5)   85.7518
[10,10]   [30,30,20] (10)   84.3377
[10,10]   [30,30,20] (15)   77.2713
[10,10]   [30,30,20] (20)   82.4512
[10,10]   [30,30,20] (25)   89.3479
[10,10]   [30,30,20] (30)   98.1687
[10,10]   [30,40,5] (0)   77.0869
[10,10]   [30,40,5] (5)   77.266
[10,10]   [30,40,5] (10)   76.9661
[10,10]   [30,40,5] (15)   75.5347
[10,10]   [30,40,5] (20)   73.8238
[10,10]   [30,40,5] (25)   75.0472
[10,10]   [30,40,5] (30)   83.3148
[10,10]   [30,40,10] (0)   76.8139
[10,10]   [30,40,10] (5)   76.9871
[10,10]   [30,40,10] (10)   77.24
[10,10]   [30,40,10] (15)   77.1648
[10,10]   [30,40,10] (20)   78.0884
[10,10]   [30,40,10] (25)   84.9071
[10,10]   [30,40,10] (30)   93.8418
[10,10]   [30,40,15] (0)   77.3435
[10,10]   [30,40,15] (5)   77.0831
[10,10]   [30,40,15] (10)   77.462
[10,10]   [30,40,15] (15)   76.1887
[10,10]   [30,40,15] (20)   76.6812
[10,10]   [30,40,15] (25)   82.2882
[10,10]   [30,40,15] (30)   91.4589
[10,10]   [30,40,20] (0)   78.0215
[10,10]   [30,40,20] (5)   77.1265
[10,10]   [30,40,20] (10)   77.0366
[10,10]   [30,40,20] (15)   77.2513
[10,10]   [30,40,20] (20)   81.4573
[10,10]   [30,40,20] (25)   90.5263
[10,10]   [30,40,20] (30)   98.6134
[10,10]   [30,50,5] (0)   2022.27
[10,10]   [30,50,5] (5)   1989.79
[10,10]   [30,50,5] (10)   1951.02
[10,10]   [30,50,5] (15)   2078.18
[10,10]   [30,50,5] (20)   1987.16
[10,10]   [30,50,5] (25)   1963.59
[10,10]   [30,50,5] (30)   1894.63
[10,10]   [30,50,10] (0)   1910.5
[10,10]   [30,50,10] (5)   2019.27
[10,10]   [30,50,10] (10)   2023.07
[10,10]   [30,50,10] (15)   1967.54
[10,10]   [30,50,10] (20)   1934.99
[10,10]   [30,50,10] (25)   1963.09
[10,10]   [30,50,10] (30)   1961.11
[10,10]   [30,50,15] (0)   1980.05
[10,10]   [30,50,15] (5)   1956.37
[10,10]   [30,50,15] (10)   1949.43
[10,10]   [30,50,15] (15)   1926.36
[10,10]   [30,50,15] (20)   2001.82
[10,10]   [30,50,15] (25)   2041.82
[10,10]   [30,50,15] (30)   1875.72
[10,10]   [30,50,20] (0)   1984.27
[10,10]   [30,50,20] (5)   1923.06
[10,10]   [30,50,20] (10)   1983.29
[10,10]   [30,50,20] (15)   2015.9
[10,10]   [30,50,20] (20)   1945.88
[10,10]   [30,50,20] (25)   1878.82
[10,10]   [30,50,20] (30)   1945.95
[10,10]   [30,60,5] (0)   4516.62
[10,10]   [30,60,5] (5)   4587.34
[10,10]   [30,60,5] (10)   4372.67
[10,10]   [30,60,5] (15)   4565.98
[10,10]   [30,60,5] (20)   4477.57
[10,10]   [30,60,5] (25)   4412.3
[10,10]   [30,60,5] (30)   4467.45
[10,10]   [30,60,10] (0)   4307.18
[10,10]   [30,60,10] (5)   4386.29
[10,10]   [30,60,10] (10)   4354.89
[10,10]   [30,60,10] (15)   4448
[10,10]   [30,60,10] (20)   4386.92
[10,10]   [30,60,10] (25)   4467.05
[10,10]   [30,60,10] (30)   4529.03
[10,10]   [30,60,15] (0)   4496.27
[10,10]   [30,60,15] (5)   4450.04
[10,10]   [30,60,15] (10)   4366.9
[10,10]   [30,60,15] (15)   4474.06
[10,10]   [30,60,15] (20)   4395.02
[10,10]   [30,60,15] (25)   4411.57
[10,10]   [30,60,15] (30)   4490
[10,10]   [30,60,20] (0)   4419.55
[10,10]   [30,60,20] (5)   4436.94
[10,10]   [30,60,20] (10)   4446.84
[10,10]   [30,60,20] (15)   4390.51
[10,10]   [30,60,20] (20)   4512.81
[10,10]   [30,60,20] (25)   4483.73
[10,10]   [30,60,20] (30)   4461.34
[10,10]   [40,10,5] (0)   10897.4
[10,10]   [40,10,5] (5)   5474.76
[10,10]   [40,10,5] (10)   58.6958
[10,10]   [40,10,5] (15)   54.5688
[10,10]   [40,10,5] (20)   59.4884
[10,10]   [40,10,5] (25)   65.1416
[10,10]   [40,10,5] (30)   71.8578
[10,10]   [40,10,10] (0)   11687.4
[10,10]   [40,10,10] (5)   7847.81
[10,10]   [40,10,10] (10)   2350.05
[10,10]   [40,10,10] (15)   77.4374
[10,10]   [40,10,10] (20)   77.2145
[10,10]   [40,10,10] (25)   81.2151
[10,10]   [40,10,10] (30)   86.6513
[10,10]   [40,10,15] (0)   11355.6
[10,10]   [40,10,15] (5)   3474.49
[10,10]   [40,10,15] (10)   72.3056
[10,10]   [40,10,15] (15)   66.0425
[10,10]   [40,10,15] (20)   69.3368
[10,10]   [40,10,15] (25)   74.6408
[10,10]   [40,10,15] (30)   80.7028
[10,10]   [40,10,20] (0)   11322
[10,10]   [40,10,20] (5)   4751.85
[10,10]   [40,10,20] (10)   79.6116
[10,10]   [40,10,20] (15)   77.5996
[10,10]   [40,10,20] (20)   80.8121
[10,10]   [40,10,20] (25)   84.0072
[10,10]   [40,10,20] (30)   91.5534
[10,10]   [40,20,5] (0)   6129.28
[10,10]   [40,20,5] (5)   5894.32
[10,10]   [40,20,5] (10)   2778.09
[10,10]   [40,20,5] (15)   59.2444
[10,10]   [40,20,5] (20)   60.9483
[10,10]   [40,20,5] (25)   66.3069
[10,10]   [40,20,5] (30)   72.8228
[10,10]   [40,20,10] (0)   5748.46
[10,10]   [40,20,10] (5)   5665.21
[10,10]   [40,20,10] (10)   4098
[10,10]   [40,20,10] (15)   160.122
[10,10]   [40,20,10] (20)   78.6772
[10,10]   [40,20,10] (25)   81.9967
[10,10]   [40,20,10] (30)   87.8031
[10,10]   [40,20,15] (0)   6103.28
[10,10]   [40,20,15] (5)   5808.96
[10,10]   [40,20,15] (10)   1603.39
[10,10]   [40,20,15] (15)   68.3299
[10,10]   [40,20,15] (20)   71.2574
[10,10]   [40,20,15] (25)   75.4719
[10,10]   [40,20,15] (30)   81.5679
[10,10]   [40,20,20] (0)   5670.74
[10,10]   [40,20,20] (5)   5879.07
[10,10]   [40,20,20] (10)   2369.1
[10,10]   [40,20,20] (15)   75.6867
[10,10]   [40,20,20] (20)   77.6217
[10,10]   [40,20,20] (25)   84.1019
[10,10]   [40,20,20] (30)   90.1861
[10,10]   [40,30,5] (0)   2362.13
[10,10]   [40,30,5] (5)   2388.47
[10,10]   [40,30,5] (10)   2439.56
[10,10]   [40,30,5] (15)   488.682
[10,10]   [40,30,5] (20)   65.1373
[10,10]   [40,30,5] (25)   67.3544
[10,10]   [40,30,5] (30)   73.3586
[10,10]   [40,30,10] (0)   2319.34
[10,10]   [40,30,10] (5)   2264.26
[10,10]   [40,30,10] (10)   2350.93
[10,10]   [40,30,10] (15)   1243.52
[10,10]   [40,30,10] (20)   80.7887
[10,10]   [40,30,10] (25)   82.8845
[10,10]   [40,30,10] (30)   88.4088
[10,10]   [40,30,15] (0)   2479.67
[10,10]   [40,30,15] (5)   2393.5
[10,10]   [40,30,15] (10)   2072.81
[10,10]   [40,30,15] (15)   119.257
[10,10]   [40,30,15] (20)   72.8828
[10,10]   [40,30,15] (25)   76.5779
[10,10]   [40,30,15] (30)   82.3747
[10,10]   [40,30,20] (0)   2335.5
[10,10]   [40,30,20] (5)   2434.63
[10,10]   [40,30,20] (10)   2316.91
[10,10]   [40,30,20] (15)   388.221
[10,10]   [40,30,20] (20)   83.0406
[10,10]   [40,30,20] (25)   85.634
[10,10]   [40,30,20] (30)   93.1564
[10,10]   [40,40,5] (0)   86.8746
[10,10]   [40,40,5] (5)   86.9093
[10,10]   [40,40,5] (10)   86.1423
[10,10]   [40,40,5] (15)   88.4024
[10,10]   [40,40,5] (20)   77.7471
[10,10]   [40,40,5] (25)   71.2174
[10,10]   [40,40,5] (30)   74.1817
[10,10]   [40,40,10] (0)   86.2338
[10,10]   [40,40,10] (5)   85.3946
[10,10]   [40,40,10] (10)   90.1809
[10,10]   [40,40,10] (15)   88.2186
[10,10]   [40,40,10] (20)   84.1299
[10,10]   [40,40,10] (25)   83.3104
[10,10]   [40,40,10] (30)   88.5558
[10,10]   [40,40,15] (0)   86.938
[10,10]   [40,40,15] (5)   87.418
[10,10]   [40,40,15] (10)   86.0874
[10,10]   [40,40,15] (15)   86.1334
[10,10]   [40,40,15] (20)   78.8956
[10,10]   [40,40,15] (25)   78.249
[10,10]   [40,40,15] (30)   83.2338
[10,10]   [40,40,20] (0)   88.8572
[10,10]   [40,40,20] (5)   91.0521
[10,10]   [40,40,20] (10)   88.4089
[10,10]   [40,40,20] (15)   86.3218
[10,10]   [40,40,20] (20)   81.7008
[10,10]   [40,40,20] (25)   85.2108
[10,10]   [40,40,20] (30)   90.8936
[10,10]   [40,50,5] (0)   84.062
[10,10]   [40,50,5] (5)   83.9072
[10,10]   [40,50,5] (10)   84.1283
[10,10]   [40,50,5] (15)   84.0398
[10,10]   [40,50,5] (20)   82.5403
[10,10]   [40,50,5] (25)   81.1218
[10,10]   [40,50,5] (30)   79.2837
[10,10]   [40,50,10] (0)   84.2201
[10,10]   [40,50,10] (5)   84.0122
[10,10]   [40,50,10] (10)   83.8511
[10,10]   [40,50,10] (15)   84.0699
[10,10]   [40,50,10] (20)   83.8238
[10,10]   [40,50,10] (25)   84.8372
[10,10]   [40,50,10] (30)   89.0999
[10,10]   [40,50,15] (0)   84.0677
[10,10]   [40,50,15] (5)   84.0862
[10,10]   [40,50,15] (10)   83.9878
[10,10]   [40,50,15] (15)   84.2586
[10,10]   [40,50,15] (20)   82.8947
[10,10]   [40,50,15] (25)   82.8388
[10,10]   [40,50,15] (30)   86.2259
[10,10]   [40,50,20] (0)   84.173
[10,10]   [40,50,20] (5)   84.2174
[10,10]   [40,50,20] (10)   84.1367
[10,10]   [40,50,20] (15)   84.1989
[10,10]   [40,50,20] (20)   84.0622
[10,10]   [40,50,20] (25)   86.4336
[10,10]   [40,50,20] (30)   93.8132
[10,10]   [40,60,5] (0)   479.513
[10,10]   [40,60,5] (5)   438.618
[10,10]   [40,60,5] (10)   446.037
[10,10]   [40,60,5] (15)   468.282
[10,10]   [40,60,5] (20)   499.992
[10,10]   [40,60,5] (25)   428.103
[10,10]   [40,60,5] (30)   453.487
[10,10]   [40,60,10] (0)   417.262
[10,10]   [40,60,10] (5)   448.297
[10,10]   [40,60,10] (10)   445.453
[10,10]   [40,60,10] (15)   473.977
[10,10]   [40,60,10] (20)   546.6
[10,10]   [40,60,10] (25)   448.558
[10,10]   [40,60,10] (30)   490.698
[10,10]   [40,60,15] (0)   513.581
[10,10]   [40,60,15] (5)   439.678
[10,10]   [40,60,15] (10)   474.35
[10,10]   [40,60,15] (15)   506.35
[10,10]   [40,60,15] (20)   496.164
[10,10]   [40,60,15] (25)   494.679
[10,10]   [40,60,15] (30)   507.2
[10,10]   [40,60,20] (0)   422.845
[10,10]   [40,60,20] (5)   417.563
[10,10]   [40,60,20] (10)   469.979
[10,10]   [40,60,20] (15)   457.223
[10,10]   [40,60,20] (20)   485.856
[10,10]   [40,60,20] (25)   461.719
[10,10]   [40,60,20] (30)   473.983
[10,10]   [50,10,5] (0)   12746.7
[10,10]   [50,10,5] (5)   7545.41
[10,10]   [50,10,5] (10)   527.77
[10,10]   [50,10,5] (15)   59.6051
[10,10]   [50,10,5] (20)   62.7719
[10,10]   [50,10,5] (25)   67.7018
[10,10]   [50,10,5] (30)   73.5474
[10,10]   [50,10,10] (0)   12207.2
[10,10]   [50,10,10] (5)   9706.82
[10,10]   [50,10,10] (10)   4738.47
[10,10]   [50,10,10] (15)   908.106
[10,10]   [50,10,10] (20)   83.6375
[10,10]   [50,10,10] (25)   84.957
[10,10]   [50,10,10] (30)   88.6229
[10,10]   [50,10,15] (0)   12872.1
[10,10]   [50,10,15] (5)   5548.96
[10,10]   [50,10,15] (10)   1100.23
[10,10]   [50,10,15] (15)   71.7322
[10,10]   [50,10,15] (20)   73.379
[10,10]   [50,10,15] (25)   77.3573
[10,10]   [50,10,15] (30)   81.9727
[10,10]   [50,10,20] (0)   13809.4
[10,10]   [50,10,20] (5)   7110.26
[10,10]   [50,10,20] (10)   1796.09
[10,10]   [50,10,20] (15)   182.655
[10,10]   [50,10,20] (20)   87.2147
[10,10]   [50,10,20] (25)   88.793
[10,10]   [50,10,20] (30)   93.9983
[10,10]   [50,20,5] (0)   7744.91
[10,10]   [50,20,5] (5)   7521.85
[10,10]   [50,20,5] (10)   5027.57
[10,10]   [50,20,5] (15)   87.6558
[10,10]   [50,20,5] (20)   64.5314
[10,10]   [50,20,5] (25)   69.0055
[10,10]   [50,20,5] (30)   74.5433
[10,10]   [50,20,10] (0)   7705.16
[10,10]   [50,20,10] (5)   7759.43
[10,10]   [50,20,10] (10)   5760.14
[10,10]   [50,20,10] (15)   2165.16
[10,10]   [50,20,10] (20)   90.8384
[10,10]   [50,20,10] (25)   86.5328
[10,10]   [50,20,10] (30)   89.9747
[10,10]   [50,20,15] (0)   7674.18
[10,10]   [50,20,15] (5)   8013.95
[10,10]   [50,20,15] (10)   3930.27
[10,10]   [50,20,15] (15)   96.9498
[10,10]   [50,20,15] (20)   76.0359
[10,10]   [50,20,15] (25)   78.3601
[10,10]   [50,20,15] (30)   82.9954
[10,10]   [50,20,20] (0)   7738.32
[10,10]   [50,20,20] (5)   7581.99
[10,10]   [50,20,20] (10)   4878.53
[10,10]   [50,20,20] (15)   95.2995
[10,10]   [50,20,20] (20)   87.1624
[10,10]   [50,20,20] (25)   89.5405
[10,10]   [50,20,20] (30)   92.3729
[10,10]   [50,30,5] (0)   4251.97
[10,10]   [50,30,5] (5)   4286.33
[10,10]   [50,30,5] (10)   4306.89
[10,10]   [50,30,5] (15)   2377.19
[10,10]   [50,30,5] (20)   72.5659
[10,10]   [50,30,5] (25)   69.9227
[10,10]   [50,30,5] (30)   74.9447
[10,10]   [50,30,10] (0)   4404.42
[10,10]   [50,30,10] (5)   4423.14
[10,10]   [50,30,10] (10)   4299.41
[10,10]   [50,30,10] (15)   3315.37
[10,10]   [50,30,10] (20)   298.985
[10,10]   [50,30,10] (25)   88.1942
[10,10]   [50,30,10] (30)   90.7396
[10,10]   [50,30,15] (0)   4372.58
[10,10]   [50,30,15] (5)   4234.91
[10,10]   [50,30,15] (10)   3857.45
[10,10]   [50,30,15] (15)   1716.34
[10,10]   [50,30,15] (20)   78.4253
[10,10]   [50,30,15] (25)   80.2851
[10,10]   [50,30,15] (30)   83.822
[10,10]   [50,30,20] (0)   4247
[10,10]   [50,30,20] (5)   4243.56
[10,10]   [50,30,20] (10)   4226.29
[10,10]   [50,30,20] (15)   2318.66
[10,10]   [50,30,20] (20)   91.3144
[10,10]   [50,30,20] (25)   91.0136
[10,10]   [50,30,20] (30)   96.2503
[10,10]   [50,40,5] (0)   1802.27
[10,10]   [50,40,5] (5)   1809.36
[10,10]   [50,40,5] (10)   1693.43
[10,10]   [50,40,5] (15)   1611.98
[10,10]   [50,40,5] (20)   512.772
[10,10]   [50,40,5] (25)   75.5258
[10,10]   [50,40,5] (30)   75.7432
[10,10]   [50,40,10] (0)   1737.63
[10,10]   [50,40,10] (5)   1756.04
[10,10]   [50,40,10] (10)   1789.6
[10,10]   [50,40,10] (15)   1766.96
[10,10]   [50,40,10] (20)   1059.55
[10,10]   [50,40,10] (25)   91.8443
[10,10]   [50,40,10] (30)   91.3365
[10,10]   [50,40,15] (0)   1809.71
[10,10]   [50,40,15] (5)   1741.14
[10,10]   [50,40,15] (10)   1718.9
[10,10]   [50,40,15] (15)   1530.92
[10,10]   [50,40,15] (20)   172.828
[10,10]   [50,40,15] (25)   82.1403
[10,10]   [50,40,15] (30)   84.9568
[10,10]   [50,40,20] (0)   1740.69
[10,10]   [50,40,20] (5)   1814.47
[10,10]   [50,40,20] (10)   1818.68
[10,10]   [50,40,20] (15)   1791.98
[10,10]   [50,40,20] (20)   551.965
[10,10]   [50,40,20] (25)   92.5016
[10,10]   [50,40,20] (30)   93.6592
[10,10]   [50,50,5] (0)   103.194
[10,10]   [50,50,5] (5)   102.837
[10,10]   [50,50,5] (10)   100.58
[10,10]   [50,50,5] (15)   99.8663
[10,10]   [50,50,5] (20)   98.8274
[10,10]   [50,50,5] (25)   87.0041
[10,10]   [50,50,5] (30)   80.4865
[10,10]   [50,50,10] (0)   104.836
[10,10]   [50,50,10] (5)   101.057
[10,10]   [50,50,10] (10)   99.8465
[10,10]   [50,50,10] (15)   101.09
[10,10]   [50,50,10] (20)   98.8372
[10,10]   [50,50,10] (25)   92.5794
[10,10]   [50,50,10] (30)   91.9065
[10,10]   [50,50,15] (0)   102.573
[10,10]   [50,50,15] (5)   100.925
[10,10]   [50,50,15] (10)   103.132
[10,10]   [50,50,15] (15)   103.409
[10,10]   [50,50,15] (20)   98.0535
[10,10]   [50,50,15] (25)   88.669
[10,10]   [50,50,15] (30)   86.8002
[10,10]   [50,50,20] (0)   102.797
[10,10]   [50,50,20] (5)   102.977
[10,10]   [50,50,20] (10)   100.435
[10,10]   [50,50,20] (15)   102.17
[10,10]   [50,50,20] (20)   99.9276
[10,10]   [50,50,20] (25)   95.7446
[10,10]   [50,50,20] (30)   97.271
[10,10]   [50,60,5] (0)   92.4194
[10,10]   [50,60,5] (5)   92.5489
[10,10]   [50,60,5] (10)   92.6748
[10,10]   [50,60,5] (15)   92.6493
[10,10]   [50,60,5] (20)   92.6211
[10,10]   [50,60,5] (25)   91.1366
[10,10]   [50,60,5] (30)   89.7555
[10,10]   [50,60,10] (0)   92.6804
[10,10]   [50,60,10] (5)   92.6184
[10,10]   [50,60,10] (10)   92.9076
[10,10]   [50,60,10] (15)   92.5912
[10,10]   [50,60,10] (20)   92.5347
[10,10]   [50,60,10] (25)   92.5423
[10,10]   [50,60,10] (30)   93.1954
[10,10]   [50,60,15] (0)   92.5142
[10,10]   [50,60,15] (5)   92.5812
[10,10]   [50,60,15] (10)   92.6809
[10,10]   [50,60,15] (15)   92.6974
[10,10]   [50,60,15] (20)   92.8535
[10,10]   [50,60,15] (25)   91.4536
[10,10]   [50,60,15] (30)   91.1637
[10,10]   [50,60,20] (0)   92.7802
[10,10]   [50,60,20] (5)   92.7907
[10,10]   [50,60,20] (10)   92.7209
[10,10]   [50,60,20] (15)   92.4521
[10,10]   [50,60,20] (20)   92.6708
[10,10]   [50,60,20] (25)   92.5775
[10,10]   [50,60,20] (30)   93.9869
[10,10]   [60,10,5] (0)   14056.1
[10,10]   [60,10,5] (5)   8785.94
[10,10]   [60,10,5] (10)   2443.71
[10,10]   [60,10,5] (15)   67.5246
[10,10]   [60,10,5] (20)   67.2183
[10,10]   [60,10,5] (25)   71.3761
[10,10]   [60,10,5] (30)   76.1394
[10,10]   [60,10,10] (0)   13314.8
[10,10]   [60,10,10] (5)   11114.4
[10,10]   [60,10,10] (10)   6372.28
[10,10]   [60,10,10] (15)   2685.5
[10,10]   [60,10,10] (20)   182.838
[10,10]   [60,10,10] (25)   90.4415
[10,10]   [60,10,10] (30)   92.6493
[10,10]   [60,10,15] (0)   13317.5
[10,10]   [60,10,15] (5)   7238.85
[10,10]   [60,10,15] (10)   3128.78
[10,10]   [60,10,15] (15)   84.6855
[10,10]   [60,10,15] (20)   79.0051
[10,10]   [60,10,15] (25)   81.3218
[10,10]   [60,10,15] (30)   85.1357
[10,10]   [60,10,20] (0)   13475.3
[10,10]   [60,10,20] (5)   9088.81
[10,10]   [60,10,20] (10)   3630.49
[10,10]   [60,10,20] (15)   1944.24
[10,10]   [60,10,20] (20)   91.625
[10,10]   [60,10,20] (25)   90.9538
[10,10]   [60,10,20] (30)   95.5387
[10,10]   [60,20,5] (0)   9126.86
[10,10]   [60,20,5] (5)   9048.46
[10,10]   [60,20,5] (10)   6260.82
[10,10]   [60,20,5] (15)   987.926
[10,10]   [60,20,5] (20)   70.4352
[10,10]   [60,20,5] (25)   72.7477
[10,10]   [60,20,5] (30)   77.5015
[10,10]   [60,20,10] (0)   8994.14
[10,10]   [60,20,10] (5)   8867.39
[10,10]   [60,20,10] (10)   7581.49
[10,10]   [60,20,10] (15)   3773.57
[10,10]   [60,20,10] (20)   1033.75
[10,10]   [60,20,10] (25)   94.5984
[10,10]   [60,20,10] (30)   94.602
[10,10]   [60,20,15] (0)   9093.57
[10,10]   [60,20,15] (5)   8770.62
[10,10]   [60,20,15] (10)   5297.48
[10,10]   [60,20,15] (15)   1144.82
[10,10]   [60,20,15] (20)   83.1631
[10,10]   [60,20,15] (25)   82.8689
[10,10]   [60,20,15] (30)   86.7057
[10,10]   [60,20,20] (0)   9079.26
[10,10]   [60,20,20] (5)   9237.34
[10,10]   [60,20,20] (10)   6351.96
[10,10]   [60,20,20] (15)   1527.06
[10,10]   [60,20,20] (20)   313.86
[10,10]   [60,20,20] (25)   93.1451
[10,10]   [60,20,20] (30)   93.4248
[10,10]   [60,30,5] (0)   5996.28
[10,10]   [60,30,5] (5)   6008.21
[10,10]   [60,30,5] (10)   5563.96
[10,10]   [60,30,5] (15)   3892.83
[10,10]   [60,30,5] (20)   161.304
[10,10]   [60,30,5] (25)   74.1065
[10,10]   [60,30,5] (30)   78.375
[10,10]   [60,30,10] (0)   5842.82
[10,10]   [60,30,10] (5)   6122.96
[10,10]   [60,30,10] (10)   6156.87
[10,10]   [60,30,10] (15)   4927.63
[10,10]   [60,30,10] (20)   2153.2
[10,10]   [60,30,10] (25)   107.413
[10,10]   [60,30,10] (30)   95.9069
[10,10]   [60,30,15] (0)   5886.61
[10,10]   [60,30,15] (5)   5881.28
[10,10]   [60,30,15] (10)   5733.22
[10,10]   [60,30,15] (15)   3409.67
[10,10]   [60,30,15] (20)   129.867
[10,10]   [60,30,15] (25)   85.7123
[10,10]   [60,30,15] (30)   87.4815
[10,10]   [60,30,20] (0)   5966
[10,10]   [60,30,20] (5)   6009.19
[10,10]   [60,30,20] (10)   5926.82
[10,10]   [60,30,20] (15)   4055.32
[10,10]   [60,30,20] (20)   161.236
[10,10]   [60,30,20] (25)   96.8078
[10,10]   [60,30,20] (30)   98.2266
[10,10]   [60,40,5] (0)   3387.88
[10,10]   [60,40,5] (5)   3453.57
[10,10]   [60,40,5] (10)   3429.89
[10,10]   [60,40,5] (15)   3318.01
[10,10]   [60,40,5] (20)   2102.93
[10,10]   [60,40,5] (25)   88.6372
[10,10]   [60,40,5] (30)   79.0355
[10,10]   [60,40,10] (0)   3323.68
[10,10]   [60,40,10] (5)   3408.73
[10,10]   [60,40,10] (10)   3364.21
[10,10]   [60,40,10] (15)   3483.3
[10,10]   [60,40,10] (20)   2795.07
[10,10]   [60,40,10] (25)   408.079
[10,10]   [60,40,10] (30)   97.8689
[10,10]   [60,40,15] (0)   3405.96
[10,10]   [60,40,15] (5)   3393.38
[10,10]   [60,40,15] (10)   3416.64
[10,10]   [60,40,15] (15)   3250.98
[10,10]   [60,40,15] (20)   1570.11
[10,10]   [60,40,15] (25)   91.2453
[10,10]   [60,40,15] (30)   88.8367
[10,10]   [60,40,20] (0)   3373.02
[10,10]   [60,40,20] (5)   3358.56
[10,10]   [60,40,20] (10)   3600.15
[10,10]   [60,40,20] (15)   3399.6
[10,10]   [60,40,20] (20)   2096.29
[10,10]   [60,40,20] (25)   101.142
[10,10]   [60,40,20] (30)   94.8728
[10,10]   [60,50,5] (0)   1414.14
[10,10]   [60,50,5] (5)   1386.45
[10,10]   [60,50,5] (10)   1489.96
[10,10]   [60,50,5] (15)   1468.96
[10,10]   [60,50,5] (20)   1299.95
[10,10]   [60,50,5] (25)   528.098
[10,10]   [60,50,5] (30)   86.5877
[10,10]   [60,50,10] (0)   1435.21
[10,10]   [60,50,10] (5)   1397.56
[10,10]   [60,50,10] (10)   1388.55
[10,10]   [60,50,10] (15)   1420.46
[10,10]   [60,50,10] (20)   1378.43
[10,10]   [60,50,10] (25)   929.898
[10,10]   [60,50,10] (30)   104.283
[10,10]   [60,50,15] (0)   1455.08
[10,10]   [60,50,15] (5)   1396.53
[10,10]   [60,50,15] (10)   1424.38
[10,10]   [60,50,15] (15)   1441.76
[10,10]   [60,50,15] (20)   1247.41
[10,10]   [60,50,15] (25)   235.18
[10,10]   [60,50,15] (30)   92.1231
[10,10]   [60,50,20] (0)   1436.35
[10,10]   [60,50,20] (5)   1424.87
[10,10]   [60,50,20] (10)   1369.09
[10,10]   [60,50,20] (15)   1391.6
[10,10]   [60,50,20] (20)   1396.24
[10,10]   [60,50,20] (25)   573.305
[10,10]   [60,50,20] (30)   102.014
[10,10]   [60,60,5] (0)   104.349
[10,10]   [60,60,5] (5)   107.693
[10,10]   [60,60,5] (10)   105.234
[10,10]   [60,60,5] (15)   103.727
[10,10]   [60,60,5] (20)   106.583
[10,10]   [60,60,5] (25)   107.352
[10,10]   [60,60,5] (30)   95.9951
[10,10]   [60,60,10] (0)   104.899
[10,10]   [60,60,10] (5)   102.979
[10,10]   [60,60,10] (10)   105.265
[10,10]   [60,60,10] (15)   107.56
[10,10]   [60,60,10] (20)   104.003
[10,10]   [60,60,10] (25)   107.165
[10,10]   [60,60,10] (30)   102.338
[10,10]   [60,60,15] (0)   106.623
[10,10]   [60,60,15] (5)   105.632
[10,10]   [60,60,15] (10)   103.939
[10,10]   [60,60,15] (15)   104.875
[10,10]   [60,60,15] (20)   105.159
[10,10]   [60,60,15] (25)   101.469
[10,10]   [60,60,15] (30)   98.0092
[10,10]   [60,60,20] (0)   109.661
[10,10]   [60,60,20] (5)   107.487
[10,10]   [60,60,20] (10)   104.598
[10,10]   [60,60,20] (15)   108.544
[10,10]   [60,60,20] (20)   108.26
[10,10]   [60,60,20] (25)   103.716
[10,10]   [60,60,20] (30)   99.8577
