[90,50]   [10,10,5] (0)   101.355
[90,50]   [10,10,5] (5)   71.0683
[90,50]   [10,10,5] (10)   67.3934
[90,50]   [10,10,5] (15)   77.2612
[90,50]   [10,10,5] (20)   87.1111
[90,50]   [10,10,5] (25)   96.8741
[90,50]   [10,10,5] (30)   106.858
[90,50]   [10,10,10] (0)   100.563
[90,50]   [10,10,10] (5)   80.7697
[90,50]   [10,10,10] (10)   85.2614
[90,50]   [10,10,10] (15)   94.2884
[90,50]   [10,10,10] (20)   102.684
[90,50]   [10,10,10] (25)   111.778
[90,50]   [10,10,10] (30)   120.459
[90,50]   [10,10,15] (0)   99.3316
[90,50]   [10,10,15] (5)   83.1246
[90,50]   [10,10,15] (10)   89.541
[90,50]   [10,10,15] (15)   98.0018
[90,50]   [10,10,15] (20)   107.027
[90,50]   [10,10,15] (25)   115.785
[90,50]   [10,10,15] (30)   125.125
[90,50]   [10,10,20] (0)   101.632
[90,50]   [10,10,20] (5)   93.0793
[90,50]   [10,10,20] (10)   100.273
[90,50]   [10,10,20] (15)   109.022
[90,50]   [10,10,20] (20)   116.845
[90,50]   [10,10,20] (25)   125.907
[90,50]   [10,10,20] (30)   134.666
[90,50]   [10,20,5] (0)   8450.46
[90,50]   [10,20,5] (5)   8466.23
[90,50]   [10,20,5] (10)   8482.62
[90,50]   [10,20,5] (15)   8598.57
[90,50]   [10,20,5] (20)   8499.65
[90,50]   [10,20,5] (25)   7895.65
[90,50]   [10,20,5] (30)   7581.56
[90,50]   [10,20,10] (0)   8466.23
[90,50]   [10,20,10] (5)   8514.45
[90,50]   [10,20,10] (10)   8459.87
[90,50]   [10,20,10] (15)   8370.37
[90,50]   [10,20,10] (20)   8643.56
[90,50]   [10,20,10] (25)   8402.14
[90,50]   [10,20,10] (30)   8501.88
[90,50]   [10,20,15] (0)   8509.93
[90,50]   [10,20,15] (5)   8609.37
[90,50]   [10,20,15] (10)   8386.41
[90,50]   [10,20,15] (15)   8585.37
[90,50]   [10,20,15] (20)   8487.44
[90,50]   [10,20,15] (25)   7833.72
[90,50]   [10,20,15] (30)   6971
[90,50]   [10,20,20] (0)   8434.8
[90,50]   [10,20,20] (5)   8376.68
[90,50]   [10,20,20] (10)   8514.01
[90,50]   [10,20,20] (15)   8580.76
[90,50]   [10,20,20] (20)   8469.85
[90,50]   [10,20,20] (25)   8487.9
[90,50]   [10,20,20] (30)   8417.4
[90,50]   [10,30,5] (0)   18293.7
[90,50]   [10,30,5] (5)   18232.7
[90,50]   [10,30,5] (10)   18230.4
[90,50]   [10,30,5] (15)   18164.2
[90,50]   [10,30,5] (20)   18363.1
[90,50]   [10,30,5] (25)   17895.3
[90,50]   [10,30,5] (30)   16434.7
[90,50]   [10,30,10] (0)   18129.1
[90,50]   [10,30,10] (5)   18178.9
[90,50]   [10,30,10] (10)   18221.8
[90,50]   [10,30,10] (15)   18261.5
[90,50]   [10,30,10] (20)   18219.5
[90,50]   [10,30,10] (25)   18036.9
[90,50]   [10,30,10] (30)   18288.1
[90,50]   [10,30,15] (0)   18282
[90,50]   [10,30,15] (5)   18251.2
[90,50]   [10,30,15] (10)   18238.5
[90,50]   [10,30,15] (15)   18143.9
[90,50]   [10,30,15] (20)   18245
[90,50]   [10,30,15] (25)   18256.8
[90,50]   [10,30,15] (30)   16640.4
[90,50]   [10,30,20] (0)   18358.2
[90,50]   [10,30,20] (5)   18246.2
[90,50]   [10,30,20] (10)   18363.8
[90,50]   [10,30,20] (15)   18143
[90,50]   [10,30,20] (20)   18223.9
[90,50]   [10,30,20] (25)   18204.9
[90,50]   [10,30,20] (30)   18244.3
[90,50]   [10,40,5] (0)   27601.3
[90,50]   [10,40,5] (5)   27390.2
[90,50]   [10,40,5] (10)   27729.5
[90,50]   [10,40,5] (15)   27835.5
[90,50]   [10,40,5] (20)   27707.3
[90,50]   [10,40,5] (25)   27564.7
[90,50]   [10,40,5] (30)   27626.3
[90,50]   [10,40,10] (0)   27669.9
[90,50]   [10,40,10] (5)   27749
[90,50]   [10,40,10] (10)   27743.8
[90,50]   [10,40,10] (15)   27810.5
[90,50]   [10,40,10] (20)   27793
[90,50]   [10,40,10] (25)   27642.3
[90,50]   [10,40,10] (30)   27647.6
[90,50]   [10,40,15] (0)   27596.5
[90,50]   [10,40,15] (5)   27553.6
[90,50]   [10,40,15] (10)   27709.2
[90,50]   [10,40,15] (15)   27814.2
[90,50]   [10,40,15] (20)   27556.2
[90,50]   [10,40,15] (25)   27760.3
[90,50]   [10,40,15] (30)   27806.3
[90,50]   [10,40,20] (0)   27668.1
[90,50]   [10,40,20] (5)   27643.5
[90,50]   [10,40,20] (10)   27828.8
[90,50]   [10,40,20] (15)   27590.7
[90,50]   [10,40,20] (20)   27741
[90,50]   [10,40,20] (25)   27774.9
[90,50]   [10,40,20] (30)   27777.7
[90,50]   [10,50,5] (0)   35500.7
[90,50]   [10,50,5] (5)   35474.5
[90,50]   [10,50,5] (10)   35476.1
[90,50]   [10,50,5] (15)   35549.5
[90,50]   [10,50,5] (20)   35483.5
[90,50]   [10,50,5] (25)   35482.1
[90,50]   [10,50,5] (30)   35335.1
[90,50]   [10,50,10] (0)   35554.8
[90,50]   [10,50,10] (5)   35536.7
[90,50]   [10,50,10] (10)   35528.2
[90,50]   [10,50,10] (15)   35548.7
[90,50]   [10,50,10] (20)   35547
[90,50]   [10,50,10] (25)   35523.5
[90,50]   [10,50,10] (30)   35528.6
[90,50]   [10,50,15] (0)   35513.7
[90,50]   [10,50,15] (5)   35568.6
[90,50]   [10,50,15] (10)   35521.1
[90,50]   [10,50,15] (15)   35528.7
[90,50]   [10,50,15] (20)   35565
[90,50]   [10,50,15] (25)   35522
[90,50]   [10,50,15] (30)   35489.2
[90,50]   [10,50,20] (0)   35444.3
[90,50]   [10,50,20] (5)   35530.1
[90,50]   [10,50,20] (10)   35499.7
[90,50]   [10,50,20] (15)   35523.9
[90,50]   [10,50,20] (20)   35520.6
[90,50]   [10,50,20] (25)   35512.8
[90,50]   [10,50,20] (30)   35534.1
[90,50]   [10,60,5] (0)   46297.4
[90,50]   [10,60,5] (5)   46327.1
[90,50]   [10,60,5] (10)   46355
[90,50]   [10,60,5] (15)   46344.7
[90,50]   [10,60,5] (20)   46324.9
[90,50]   [10,60,5] (25)   46381.3
[90,50]   [10,60,5] (30)   46278.9
[90,50]   [10,60,10] (0)   46314.1
[90,50]   [10,60,10] (5)   46308.1
[90,50]   [10,60,10] (10)   46367
[90,50]   [10,60,10] (15)   46311.1
[90,50]   [10,60,10] (20)   46359
[90,50]   [10,60,10] (25)   46263.5
[90,50]   [10,60,10] (30)   46348.1
[90,50]   [10,60,15] (0)   46375.9
[90,50]   [10,60,15] (5)   46266.7
[90,50]   [10,60,15] (10)   46331.3
[90,50]   [10,60,15] (15)   46295.1
[90,50]   [10,60,15] (20)   46306.7
[90,50]   [10,60,15] (25)   46295.3
[90,50]   [10,60,15] (30)   46274.7
[90,50]   [10,60,20] (0)   46308.2
[90,50]   [10,60,20] (5)   46315.6
[90,50]   [10,60,20] (10)   46313.3
[90,50]   [10,60,20] (15)   46252.1
[90,50]   [10,60,20] (20)   46296.4
[90,50]   [10,60,20] (25)   46335.9
[90,50]   [10,60,20] (30)   46264.2
[90,50]   [20,10,5] (0)   7814.33
[90,50]   [20,10,5] (5)   1858.8
[90,50]   [20,10,5] (10)   70.5942
[90,50]   [20,10,5] (15)   71.9693
[90,50]   [20,10,5] (20)   80.9811
[90,50]   [20,10,5] (25)   90.9982
[90,50]   [20,10,5] (30)   100.704
[90,50]   [20,10,10] (0)   7766.88
[90,50]   [20,10,10] (5)   1660.01
[90,50]   [20,10,10] (10)   91.4136
[90,50]   [20,10,10] (15)   92.9913
[90,50]   [20,10,10] (20)   101.299
[90,50]   [20,10,10] (25)   109.667
[90,50]   [20,10,10] (30)   117.654
[90,50]   [20,10,15] (0)   7709.6
[90,50]   [20,10,15] (5)   122.308
[90,50]   [20,10,15] (10)   95.5442
[90,50]   [20,10,15] (15)   101.057
[90,50]   [20,10,15] (20)   109.093
[90,50]   [20,10,15] (25)   117.153
[90,50]   [20,10,15] (30)   125.45
[90,50]   [20,10,20] (0)   7718.17
[90,50]   [20,10,20] (5)   146.675
[90,50]   [20,10,20] (10)   108.803
[90,50]   [20,10,20] (15)   114.068
[90,50]   [20,10,20] (20)   121.871
[90,50]   [20,10,20] (25)   129.885
[90,50]   [20,10,20] (30)   137.754
[90,50]   [20,20,5] (0)   140.77
[90,50]   [20,20,5] (5)   133.175
[90,50]   [20,20,5] (10)   122.733
[90,50]   [20,20,5] (15)   107.549
[90,50]   [20,20,5] (20)   114.166
[90,50]   [20,20,5] (25)   122.787
[90,50]   [20,20,5] (30)   130.397
[90,50]   [20,20,10] (0)   134.679
[90,50]   [20,20,10] (5)   133.878
[90,50]   [20,20,10] (10)   126.817
[90,50]   [20,20,10] (15)   122.501
[90,50]   [20,20,10] (20)   129.995
[90,50]   [20,20,10] (25)   137.276
[90,50]   [20,20,10] (30)   145.314
[90,50]   [20,20,15] (0)   133.514
[90,50]   [20,20,15] (5)   133.344
[90,50]   [20,20,15] (10)   124.038
[90,50]   [20,20,15] (15)   125.35
[90,50]   [20,20,15] (20)   132.021
[90,50]   [20,20,15] (25)   140.212
[90,50]   [20,20,15] (30)   147.844
[90,50]   [20,20,20] (0)   133.015
[90,50]   [20,20,20] (5)   134.469
[90,50]   [20,20,20] (10)   128.862
[90,50]   [20,20,20] (15)   133.252
[90,50]   [20,20,20] (20)   140.971
[90,50]   [20,20,20] (25)   148.329
[90,50]   [20,20,20] (30)   156.201
[90,50]   [20,30,5] (0)   6290.62
[90,50]   [20,30,5] (5)   6240.71
[90,50]   [20,30,5] (10)   6339.14
[90,50]   [20,30,5] (15)   6361.77
[90,50]   [20,30,5] (20)   6288.71
[90,50]   [20,30,5] (25)   6368.48
[90,50]   [20,30,5] (30)   5586.29
[90,50]   [20,30,10] (0)   6247.79
[90,50]   [20,30,10] (5)   6197.54
[90,50]   [20,30,10] (10)   6200.18
[90,50]   [20,30,10] (15)   6202.69
[90,50]   [20,30,10] (20)   6308.54
[90,50]   [20,30,10] (25)   6210.57
[90,50]   [20,30,10] (30)   6308.48
[90,50]   [20,30,15] (0)   6216.46
[90,50]   [20,30,15] (5)   6316.29
[90,50]   [20,30,15] (10)   6232.53
[90,50]   [20,30,15] (15)   6280.11
[90,50]   [20,30,15] (20)   6300.71
[90,50]   [20,30,15] (25)   6195.16
[90,50]   [20,30,15] (30)   5559.01
[90,50]   [20,30,20] (0)   6367.5
[90,50]   [20,30,20] (5)   6291.92
[90,50]   [20,30,20] (10)   6192.9
[90,50]   [20,30,20] (15)   6276.62
[90,50]   [20,30,20] (20)   6231.54
[90,50]   [20,30,20] (25)   6219.06
[90,50]   [20,30,20] (30)   6389.83
[90,50]   [20,40,5] (0)   15969
[90,50]   [20,40,5] (5)   15806.7
[90,50]   [20,40,5] (10)   16033
[90,50]   [20,40,5] (15)   15821.3
[90,50]   [20,40,5] (20)   15949.4
[90,50]   [20,40,5] (25)   15880.1
[90,50]   [20,40,5] (30)   15849.9
[90,50]   [20,40,10] (0)   15965.1
[90,50]   [20,40,10] (5)   15854.3
[90,50]   [20,40,10] (10)   15941.2
[90,50]   [20,40,10] (15)   15923.3
[90,50]   [20,40,10] (20)   15910.2
[90,50]   [20,40,10] (25)   16079.6
[90,50]   [20,40,10] (30)   15797.6
[90,50]   [20,40,15] (0)   15846.2
[90,50]   [20,40,15] (5)   15941.5
[90,50]   [20,40,15] (10)   15916.7
[90,50]   [20,40,15] (15)   15850.1
[90,50]   [20,40,15] (20)   15982.3
[90,50]   [20,40,15] (25)   15942.4
[90,50]   [20,40,15] (30)   15861.8
[90,50]   [20,40,20] (0)   15906.5
[90,50]   [20,40,20] (5)   15914.5
[90,50]   [20,40,20] (10)   15897
[90,50]   [20,40,20] (15)   16063.1
[90,50]   [20,40,20] (20)   15929.4
[90,50]   [20,40,20] (25)   15889.6
[90,50]   [20,40,20] (30)   15765.3
[90,50]   [20,50,5] (0)   32408.1
[90,50]   [20,50,5] (5)   32653.1
[90,50]   [20,50,5] (10)   32453.6
[90,50]   [20,50,5] (15)   32648.2
[90,50]   [20,50,5] (20)   32600.9
[90,50]   [20,50,5] (25)   32464.3
[90,50]   [20,50,5] (30)   32676.8
[90,50]   [20,50,10] (0)   32532.6
[90,50]   [20,50,10] (5)   32574.7
[90,50]   [20,50,10] (10)   32399.4
[90,50]   [20,50,10] (15)   32490.4
[90,50]   [20,50,10] (20)   32432.2
[90,50]   [20,50,10] (25)   32543.1
[90,50]   [20,50,10] (30)   32625.3
[90,50]   [20,50,15] (0)   32364.7
[90,50]   [20,50,15] (5)   32347.7
[90,50]   [20,50,15] (10)   32585.5
[90,50]   [20,50,15] (15)   32618.6
[90,50]   [20,50,15] (20)   32680.5
[90,50]   [20,50,15] (25)   32464.8
[90,50]   [20,50,15] (30)   32483.9
[90,50]   [20,50,20] (0)   32591.3
[90,50]   [20,50,20] (5)   32471.2
[90,50]   [20,50,20] (10)   32255.5
[90,50]   [20,50,20] (15)   32704.7
[90,50]   [20,50,20] (20)   32367.4
[90,50]   [20,50,20] (25)   32491.8
[90,50]   [20,50,20] (30)   32523.1
[90,50]   [20,60,5] (0)   31085.9
[90,50]   [20,60,5] (5)   31257.9
[90,50]   [20,60,5] (10)   31137.1
[90,50]   [20,60,5] (15)   31100.4
[90,50]   [20,60,5] (20)   31075.6
[90,50]   [20,60,5] (25)   31247.2
[90,50]   [20,60,5] (30)   31332.9
[90,50]   [20,60,10] (0)   31060.8
[90,50]   [20,60,10] (5)   31163.5
[90,50]   [20,60,10] (10)   31158.2
[90,50]   [20,60,10] (15)   31124.5
[90,50]   [20,60,10] (20)   31216.3
[90,50]   [20,60,10] (25)   31264.9
[90,50]   [20,60,10] (30)   31320.1
[90,50]   [20,60,15] (0)   31110.9
[90,50]   [20,60,15] (5)   31289.5
[90,50]   [20,60,15] (10)   31260.4
[90,50]   [20,60,15] (15)   31219.8
[90,50]   [20,60,15] (20)   31270.8
[90,50]   [20,60,15] (25)   31215.3
[90,50]   [20,60,15] (30)   31296.3
[90,50]   [20,60,20] (0)   31201.9
[90,50]   [20,60,20] (5)   31146.8
[90,50]   [20,60,20] (10)   31267.8
[90,50]   [20,60,20] (15)   31183.3
[90,50]   [20,60,20] (20)   31146.1
[90,50]   [20,60,20] (25)   31327.1
[90,50]   [20,60,20] (30)   31260.5
[90,50]   [30,10,5] (0)   14695.1
[90,50]   [30,10,5] (5)   7455.93
[90,50]   [30,10,5] (10)   90.2152
[90,50]   [30,10,5] (15)   79.3323
[90,50]   [30,10,5] (20)   81.1885
[90,50]   [30,10,5] (25)   88.4611
[90,50]   [30,10,5] (30)   98.5221
[90,50]   [30,10,10] (0)   14729.6
[90,50]   [30,10,10] (5)   7710.53
[90,50]   [30,10,10] (10)   125.435
[90,50]   [30,10,10] (15)   100.896
[90,50]   [30,10,10] (20)   101.844
[90,50]   [30,10,10] (25)   108.235
[90,50]   [30,10,10] (30)   116.726
[90,50]   [30,10,15] (0)   14703.4
[90,50]   [30,10,15] (5)   3956.46
[90,50]   [30,10,15] (10)   109.251
[90,50]   [30,10,15] (15)   108.289
[90,50]   [30,10,15] (20)   111.065
[90,50]   [30,10,15] (25)   117.786
[90,50]   [30,10,15] (30)   126.674
[90,50]   [30,10,20] (0)   14695.6
[90,50]   [30,10,20] (5)   3398.22
[90,50]   [30,10,20] (10)   115.574
[90,50]   [30,10,20] (15)   116.341
[90,50]   [30,10,20] (20)   124.016
[90,50]   [30,10,20] (25)   131.371
[90,50]   [30,10,20] (30)   139.42
[90,50]   [30,20,5] (0)   6669.74
[90,50]   [30,20,5] (5)   6596.67
[90,50]   [30,20,5] (10)   4494.06
[90,50]   [30,20,5] (15)   116.823
[90,50]   [30,20,5] (20)   100.645
[90,50]   [30,20,5] (25)   103.475
[90,50]   [30,20,5] (30)   112.367
[90,50]   [30,20,10] (0)   6581.54
[90,50]   [30,20,10] (5)   6582.27
[90,50]   [30,20,10] (10)   4853.16
[90,50]   [30,20,10] (15)   130.032
[90,50]   [30,20,10] (20)   119.889
[90,50]   [30,20,10] (25)   124.765
[90,50]   [30,20,10] (30)   132.718
[90,50]   [30,20,15] (0)   6684.13
[90,50]   [30,20,15] (5)   6638.75
[90,50]   [30,20,15] (10)   3498.92
[90,50]   [30,20,15] (15)   128.01
[90,50]   [30,20,15] (20)   127.058
[90,50]   [30,20,15] (25)   132.811
[90,50]   [30,20,15] (30)   140.883
[90,50]   [30,20,20] (0)   6587.44
[90,50]   [30,20,20] (5)   6643.53
[90,50]   [30,20,20] (10)   3546.93
[90,50]   [30,20,20] (15)   137.224
[90,50]   [30,20,20] (20)   138.07
[90,50]   [30,20,20] (25)   145.202
[90,50]   [30,20,20] (30)   153.215
[90,50]   [30,30,5] (0)   173.959
[90,50]   [30,30,5] (5)   172.702
[90,50]   [30,30,5] (10)   173.712
[90,50]   [30,30,5] (15)   162.195
[90,50]   [30,30,5] (20)   137.101
[90,50]   [30,30,5] (25)   133.354
[90,50]   [30,30,5] (30)   141.368
[90,50]   [30,30,10] (0)   172.328
[90,50]   [30,30,10] (5)   174.051
[90,50]   [30,30,10] (10)   174.054
[90,50]   [30,30,10] (15)   164.056
[90,50]   [30,30,10] (20)   148.982
[90,50]   [30,30,10] (25)   152.442
[90,50]   [30,30,10] (30)   160.116
[90,50]   [30,30,15] (0)   174.338
[90,50]   [30,30,15] (5)   173.751
[90,50]   [30,30,15] (10)   174.596
[90,50]   [30,30,15] (15)   160.982
[90,50]   [30,30,15] (20)   150.926
[90,50]   [30,30,15] (25)   156.477
[90,50]   [30,30,15] (30)   164.022
[90,50]   [30,30,20] (0)   174.579
[90,50]   [30,30,20] (5)   174.232
[90,50]   [30,30,20] (10)   175.991
[90,50]   [30,30,20] (15)   165.342
[90,50]   [30,30,20] (20)   159.895
[90,50]   [30,30,20] (25)   165.908
[90,50]   [30,30,20] (30)   173.303
[90,50]   [30,40,5] (0)   5325.55
[90,50]   [30,40,5] (5)   5333.32
[90,50]   [30,40,5] (10)   5383.86
[90,50]   [30,40,5] (15)   5355.75
[90,50]   [30,40,5] (20)   5442.9
[90,50]   [30,40,5] (25)   5254.61
[90,50]   [30,40,5] (30)   5445.2
[90,50]   [30,40,10] (0)   5373.12
[90,50]   [30,40,10] (5)   5420.69
[90,50]   [30,40,10] (10)   5510.53
[90,50]   [30,40,10] (15)   5388.67
[90,50]   [30,40,10] (20)   5357.47
[90,50]   [30,40,10] (25)   5426.94
[90,50]   [30,40,10] (30)   5320.33
[90,50]   [30,40,15] (0)   5425.55
[90,50]   [30,40,15] (5)   5306.56
[90,50]   [30,40,15] (10)   5461.49
[90,50]   [30,40,15] (15)   5315.86
[90,50]   [30,40,15] (20)   5426.39
[90,50]   [30,40,15] (25)   5522.04
[90,50]   [30,40,15] (30)   5317.14
[90,50]   [30,40,20] (0)   5385.82
[90,50]   [30,40,20] (5)   5367.77
[90,50]   [30,40,20] (10)   5401.48
[90,50]   [30,40,20] (15)   5470.16
[90,50]   [30,40,20] (20)   5310.96
[90,50]   [30,40,20] (25)   5294.12
[90,50]   [30,40,20] (30)   5538.79
[90,50]   [30,50,5] (0)   12375.4
[90,50]   [30,50,5] (5)   12250
[90,50]   [30,50,5] (10)   12189.3
[90,50]   [30,50,5] (15)   12098.1
[90,50]   [30,50,5] (20)   12280.4
[90,50]   [30,50,5] (25)   12216.5
[90,50]   [30,50,5] (30)   12376.2
[90,50]   [30,50,10] (0)   12465
[90,50]   [30,50,10] (5)   12263.9
[90,50]   [30,50,10] (10)   12253.6
[90,50]   [30,50,10] (15)   12211
[90,50]   [30,50,10] (20)   12243.8
[90,50]   [30,50,10] (25)   12314.5
[90,50]   [30,50,10] (30)   12205.8
[90,50]   [30,50,15] (0)   12225.9
[90,50]   [30,50,15] (5)   12363.6
[90,50]   [30,50,15] (10)   12240.8
[90,50]   [30,50,15] (15)   12165
[90,50]   [30,50,15] (20)   12309
[90,50]   [30,50,15] (25)   12287.1
[90,50]   [30,50,15] (30)   12170.1
[90,50]   [30,50,20] (0)   12340.3
[90,50]   [30,50,20] (5)   12067.4
[90,50]   [30,50,20] (10)   12290.5
[90,50]   [30,50,20] (15)   12397.5
[90,50]   [30,50,20] (20)   12140
[90,50]   [30,50,20] (25)   12285.8
[90,50]   [30,50,20] (30)   12158.6
[90,50]   [30,60,5] (0)   20047.2
[90,50]   [30,60,5] (5)   19821
[90,50]   [30,60,5] (10)   19843.5
[90,50]   [30,60,5] (15)   19914.8
[90,50]   [30,60,5] (20)   19977.9
[90,50]   [30,60,5] (25)   19957.8
[90,50]   [30,60,5] (30)   20014.1
[90,50]   [30,60,10] (0)   19864.8
[90,50]   [30,60,10] (5)   19923
[90,50]   [30,60,10] (10)   20067.8
[90,50]   [30,60,10] (15)   20028.8
[90,50]   [30,60,10] (20)   19976.7
[90,50]   [30,60,10] (25)   19985.4
[90,50]   [30,60,10] (30)   19769.7
[90,50]   [30,60,15] (0)   20021.1
[90,50]   [30,60,15] (5)   19831
[90,50]   [30,60,15] (10)   19972.1
[90,50]   [30,60,15] (15)   20085
[90,50]   [30,60,15] (20)   20078.5
[90,50]   [30,60,15] (25)   20109.7
[90,50]   [30,60,15] (30)   19963
[90,50]   [30,60,20] (0)   19867.1
[90,50]   [30,60,20] (5)   20011.6
[90,50]   [30,60,20] (10)   20010.9
[90,50]   [30,60,20] (15)   19912
[90,50]   [30,60,20] (20)   19750.4
[90,50]   [30,60,20] (25)   19948.5
[90,50]   [30,60,20] (30)   19729.8
[90,50]   [40,10,5] (0)   20927.7
[90,50]   [40,10,5] (5)   13198
[90,50]   [40,10,5] (10)   145.878
[90,50]   [40,10,5] (15)   90.2123
[90,50]   [40,10,5] (20)   88.5451
[90,50]   [40,10,5] (25)   90.7728
[90,50]   [40,10,5] (30)   96.6671
[90,50]   [40,10,10] (0)   20810.7
[90,50]   [40,10,10] (5)   13274.9
[90,50]   [40,10,10] (10)   3974.12
[90,50]   [40,10,10] (15)   116.841
[90,50]   [40,10,10] (20)   110.561
[90,50]   [40,10,10] (25)   110.973
[90,50]   [40,10,10] (30)   116.332
[90,50]   [40,10,15] (0)   20960.7
[90,50]   [40,10,15] (5)   9710.53
[90,50]   [40,10,15] (10)   1516.88
[90,50]   [40,10,15] (15)   120.749
[90,50]   [40,10,15] (20)   118.541
[90,50]   [40,10,15] (25)   121.344
[90,50]   [40,10,15] (30)   127.312
[90,50]   [40,10,20] (0)   20812.4
[90,50]   [40,10,20] (5)   8647.34
[90,50]   [40,10,20] (10)   141.423
[90,50]   [40,10,20] (15)   132.956
[90,50]   [40,10,20] (20)   133.257
[90,50]   [40,10,20] (25)   136.661
[90,50]   [40,10,20] (30)   143.121
[90,50]   [40,20,5] (0)   12903.5
[90,50]   [40,20,5] (5)   12874.1
[90,50]   [40,20,5] (10)   10252.5
[90,50]   [40,20,5] (15)   331.171
[90,50]   [40,20,5] (20)   111.599
[90,50]   [40,20,5] (25)   104.368
[90,50]   [40,20,5] (30)   106.408
[90,50]   [40,20,10] (0)   12784.8
[90,50]   [40,20,10] (5)   12875.6
[90,50]   [40,20,10] (10)   10713.5
[90,50]   [40,20,10] (15)   1881.37
[90,50]   [40,20,10] (20)   131.582
[90,50]   [40,20,10] (25)   126.082
[90,50]   [40,20,10] (30)   129.108
[90,50]   [40,20,15] (0)   12883.5
[90,50]   [40,20,15] (5)   12871.5
[90,50]   [40,20,15] (10)   9224.77
[90,50]   [40,20,15] (15)   155.141
[90,50]   [40,20,15] (20)   135.63
[90,50]   [40,20,15] (25)   133.955
[90,50]   [40,20,15] (30)   138.408
[90,50]   [40,20,20] (0)   12835.1
[90,50]   [40,20,20] (5)   12868.6
[90,50]   [40,20,20] (10)   9459.47
[90,50]   [40,20,20] (15)   150.885
[90,50]   [40,20,20] (20)   142.982
[90,50]   [40,20,20] (25)   146.721
[90,50]   [40,20,20] (30)   152.795
[90,50]   [40,30,5] (0)   6223.25
[90,50]   [40,30,5] (5)   6190.87
[90,50]   [40,30,5] (10)   6194.73
[90,50]   [40,30,5] (15)   4556.21
[90,50]   [40,30,5] (20)   162.259
[90,50]   [40,30,5] (25)   130.141
[90,50]   [40,30,5] (30)   125.27
[90,50]   [40,30,10] (0)   6276.23
[90,50]   [40,30,10] (5)   6246.07
[90,50]   [40,30,10] (10)   6239.77
[90,50]   [40,30,10] (15)   4791.96
[90,50]   [40,30,10] (20)   171.993
[90,50]   [40,30,10] (25)   149.979
[90,50]   [40,30,10] (30)   149.893
[90,50]   [40,30,15] (0)   6151.82
[90,50]   [40,30,15] (5)   6177.97
[90,50]   [40,30,15] (10)   6202.44
[90,50]   [40,30,15] (15)   3832.47
[90,50]   [40,30,15] (20)   162.337
[90,50]   [40,30,15] (25)   154.081
[90,50]   [40,30,15] (30)   157.432
[90,50]   [40,30,20] (0)   6159.04
[90,50]   [40,30,20] (5)   6248.47
[90,50]   [40,30,20] (10)   6251.91
[90,50]   [40,30,20] (15)   3816.78
[90,50]   [40,30,20] (20)   169.289
[90,50]   [40,30,20] (25)   166.169
[90,50]   [40,30,20] (30)   171.039
[90,50]   [40,40,5] (0)   206.316
[90,50]   [40,40,5] (5)   205.029
[90,50]   [40,40,5] (10)   207.9
[90,50]   [40,40,5] (15)   208.82
[90,50]   [40,40,5] (20)   205.003
[90,50]   [40,40,5] (25)   182.403
[90,50]   [40,40,5] (30)   165.714
[90,50]   [40,40,10] (0)   205.276
[90,50]   [40,40,10] (5)   206.71
[90,50]   [40,40,10] (10)   205.109
[90,50]   [40,40,10] (15)   206.141
[90,50]   [40,40,10] (20)   203.773
[90,50]   [40,40,10] (25)   187.01
[90,50]   [40,40,10] (30)   184.262
[90,50]   [40,40,15] (0)   206.514
[90,50]   [40,40,15] (5)   204.333
[90,50]   [40,40,15] (10)   206.431
[90,50]   [40,40,15] (15)   207.141
[90,50]   [40,40,15] (20)   203.401
[90,50]   [40,40,15] (25)   185.963
[90,50]   [40,40,15] (30)   186.195
[90,50]   [40,40,20] (0)   204.982
[90,50]   [40,40,20] (5)   205.115
[90,50]   [40,40,20] (10)   206.179
[90,50]   [40,40,20] (15)   207.148
[90,50]   [40,40,20] (20)   202.739
[90,50]   [40,40,20] (25)   190.317
[90,50]   [40,40,20] (30)   193.748
[90,50]   [40,50,5] (0)   3035.36
[90,50]   [40,50,5] (5)   3090.3
[90,50]   [40,50,5] (10)   2996.74
[90,50]   [40,50,5] (15)   2934.68
[90,50]   [40,50,5] (20)   2910.73
[90,50]   [40,50,5] (25)   2949.81
[90,50]   [40,50,5] (30)   2964.9
[90,50]   [40,50,10] (0)   3034.05
[90,50]   [40,50,10] (5)   3056.2
[90,50]   [40,50,10] (10)   3061.12
[90,50]   [40,50,10] (15)   3129.21
[90,50]   [40,50,10] (20)   3080.83
[90,50]   [40,50,10] (25)   2992.63
[90,50]   [40,50,10] (30)   2867.91
[90,50]   [40,50,15] (0)   3258.49
[90,50]   [40,50,15] (5)   3055.32
[90,50]   [40,50,15] (10)   2998.83
[90,50]   [40,50,15] (15)   3006.39
[90,50]   [40,50,15] (20)   3040.1
[90,50]   [40,50,15] (25)   2929.85
[90,50]   [40,50,15] (30)   2977.03
[90,50]   [40,50,20] (0)   2978.17
[90,50]   [40,50,20] (5)   3009.87
[90,50]   [40,50,20] (10)   2963.48
[90,50]   [40,50,20] (15)   3090.86
[90,50]   [40,50,20] (20)   3016.48
[90,50]   [40,50,20] (25)   3112.66
[90,50]   [40,50,20] (30)   2994.66
[90,50]   [40,60,5] (0)   10673.1
[90,50]   [40,60,5] (5)   10619.4
[90,50]   [40,60,5] (10)   10902.7
[90,50]   [40,60,5] (15)   10674.9
[90,50]   [40,60,5] (20)   10757.7
[90,50]   [40,60,5] (25)   10689.7
[90,50]   [40,60,5] (30)   10696.4
[90,50]   [40,60,10] (0)   10843.8
[90,50]   [40,60,10] (5)   10717.3
[90,50]   [40,60,10] (10)   10884.9
[90,50]   [40,60,10] (15)   10609
[90,50]   [40,60,10] (20)   10754.5
[90,50]   [40,60,10] (25)   10811.3
[90,50]   [40,60,10] (30)   10764.8
[90,50]   [40,60,15] (0)   10673.8
[90,50]   [40,60,15] (5)   10901.2
[90,50]   [40,60,15] (10)   10836.6
[90,50]   [40,60,15] (15)   10828.2
[90,50]   [40,60,15] (20)   10826.9
[90,50]   [40,60,15] (25)   10768.9
[90,50]   [40,60,15] (30)   10729.5
[90,50]   [40,60,20] (0)   10726.4
[90,50]   [40,60,20] (5)   10897.7
[90,50]   [40,60,20] (10)   10831.5
[90,50]   [40,60,20] (15)   10590.7
[90,50]   [40,60,20] (20)   10872.7
[90,50]   [40,60,20] (25)   10680
[90,50]   [40,60,20] (30)   10752.1
[90,50]   [50,10,5] (0)   26732.3
[90,50]   [50,10,5] (5)   17971.9
[90,50]   [50,10,5] (10)   3150.4
[90,50]   [50,10,5] (15)   105.18
[90,50]   [50,10,5] (20)   96.5508
[90,50]   [50,10,5] (25)   98.0142
[90,50]   [50,10,5] (30)   101.55
[90,50]   [50,10,10] (0)   26750.4
[90,50]   [50,10,10] (5)   18596
[90,50]   [50,10,10] (10)   8538.04
[90,50]   [50,10,10] (15)   1925.27
[90,50]   [50,10,10] (20)   126.711
[90,50]   [50,10,10] (25)   120.627
[90,50]   [50,10,10] (30)   120.455
[90,50]   [50,10,15] (0)   26951.8
[90,50]   [50,10,15] (5)   14961.5
[90,50]   [50,10,15] (10)   6458.41
[90,50]   [50,10,15] (15)   328.757
[90,50]   [50,10,15] (20)   132.218
[90,50]   [50,10,15] (25)   129.512
[90,50]   [50,10,15] (30)   130.507
[90,50]   [50,10,20] (0)   26758.4
[90,50]   [50,10,20] (5)   14584.6
[90,50]   [50,10,20] (10)   4287.86
[90,50]   [50,10,20] (15)   2489.19
[90,50]   [50,10,20] (20)   146.012
[90,50]   [50,10,20] (25)   143.096
[90,50]   [50,10,20] (30)   145.585
[90,50]   [50,20,5] (0)   20675.6
[90,50]   [50,20,5] (5)   20613.9
[90,50]   [50,20,5] (10)   16322.9
[90,50]   [50,20,5] (15)   4192.09
[90,50]   [50,20,5] (20)   130.664
[90,50]   [50,20,5] (25)   114.146
[90,50]   [50,20,5] (30)   110.633
[90,50]   [50,20,10] (0)   20608.1
[90,50]   [50,20,10] (5)   20594.3
[90,50]   [50,20,10] (10)   17233.8
[90,50]   [50,20,10] (15)   6920.68
[90,50]   [50,20,10] (20)   738.328
[90,50]   [50,20,10] (25)   141.34
[90,50]   [50,20,10] (30)   134.106
[90,50]   [50,20,15] (0)   20655.8
[90,50]   [50,20,15] (5)   20626
[90,50]   [50,20,15] (10)   15774.2
[90,50]   [50,20,15] (15)   3767.62
[90,50]   [50,20,15] (20)   175.741
[90,50]   [50,20,15] (25)   143.072
[90,50]   [50,20,15] (30)   141.428
[90,50]   [50,20,20] (0)   20666.7
[90,50]   [50,20,20] (5)   20644.7
[90,50]   [50,20,20] (10)   16423.1
[90,50]   [50,20,20] (15)   1519.3
[90,50]   [50,20,20] (20)   172.238
[90,50]   [50,20,20] (25)   158.048
[90,50]   [50,20,20] (30)   156.856
[90,50]   [50,30,5] (0)   12015.4
[90,50]   [50,30,5] (5)   12101.9
[90,50]   [50,30,5] (10)   12057.3
[90,50]   [50,30,5] (15)   10389
[90,50]   [50,30,5] (20)   2164.04
[90,50]   [50,30,5] (25)   144.491
[90,50]   [50,30,5] (30)   128.433
[90,50]   [50,30,10] (0)   12075.7
[90,50]   [50,30,10] (5)   12010.9
[90,50]   [50,30,10] (10)   12049
[90,50]   [50,30,10] (15)   10824.7
[90,50]   [50,30,10] (20)   3665.7
[90,50]   [50,30,10] (25)   170.028
[90,50]   [50,30,10] (30)   153.097
[90,50]   [50,30,15] (0)   12044.7
[90,50]   [50,30,15] (5)   12054.3
[90,50]   [50,30,15] (10)   12036.1
[90,50]   [50,30,15] (15)   9765.16
[90,50]   [50,30,15] (20)   812.119
[90,50]   [50,30,15] (25)   165.479
[90,50]   [50,30,15] (30)   157.414
[90,50]   [50,30,20] (0)   12024.1
[90,50]   [50,30,20] (5)   12002.5
[90,50]   [50,30,20] (10)   11986.4
[90,50]   [50,30,20] (15)   10100.6
[90,50]   [50,30,20] (20)   217.082
[90,50]   [50,30,20] (25)   170.906
[90,50]   [50,30,20] (30)   170.166
[90,50]   [50,40,5] (0)   5779.25
[90,50]   [50,40,5] (5)   5806.43
[90,50]   [50,40,5] (10)   5718.64
[90,50]   [50,40,5] (15)   5719
[90,50]   [50,40,5] (20)   5435.46
[90,50]   [50,40,5] (25)   1080.49
[90,50]   [50,40,5] (30)   168.255
[90,50]   [50,40,10] (0)   5709.14
[90,50]   [50,40,10] (5)   5731.03
[90,50]   [50,40,10] (10)   5722.06
[90,50]   [50,40,10] (15)   5737.19
[90,50]   [50,40,10] (20)   5341.41
[90,50]   [50,40,10] (25)   1579.29
[90,50]   [50,40,10] (30)   186.279
[90,50]   [50,40,15] (0)   5714.78
[90,50]   [50,40,15] (5)   5755.07
[90,50]   [50,40,15] (10)   5747.69
[90,50]   [50,40,15] (15)   5768.14
[90,50]   [50,40,15] (20)   5078.06
[90,50]   [50,40,15] (25)   258.751
[90,50]   [50,40,15] (30)   183.501
[90,50]   [50,40,20] (0)   5839.23
[90,50]   [50,40,20] (5)   5784.73
[90,50]   [50,40,20] (10)   5814.1
[90,50]   [50,40,20] (15)   5687.52
[90,50]   [50,40,20] (20)   5032.7
[90,50]   [50,40,20] (25)   243.397
[90,50]   [50,40,20] (30)   193.778
[90,50]   [50,50,5] (0)   770.651
[90,50]   [50,50,5] (5)   886.511
[90,50]   [50,50,5] (10)   740.315
[90,50]   [50,50,5] (15)   734.967
[90,50]   [50,50,5] (20)   814.195
[90,50]   [50,50,5] (25)   816.781
[90,50]   [50,50,5] (30)   219.607
[90,50]   [50,50,10] (0)   676.265
[90,50]   [50,50,10] (5)   774.71
[90,50]   [50,50,10] (10)   750.322
[90,50]   [50,50,10] (15)   822.713
[90,50]   [50,50,10] (20)   859.121
[90,50]   [50,50,10] (25)   684.159
[90,50]   [50,50,10] (30)   224.417
[90,50]   [50,50,15] (0)   749.134
[90,50]   [50,50,15] (5)   739.805
[90,50]   [50,50,15] (10)   778.196
[90,50]   [50,50,15] (15)   670.479
[90,50]   [50,50,15] (20)   719.164
[90,50]   [50,50,15] (25)   687.282
[90,50]   [50,50,15] (30)   217.721
[90,50]   [50,50,20] (0)   788.939
[90,50]   [50,50,20] (5)   701.174
[90,50]   [50,50,20] (10)   869.091
[90,50]   [50,50,20] (15)   728.83
[90,50]   [50,50,20] (20)   767.074
[90,50]   [50,50,20] (25)   488.126
[90,50]   [50,50,20] (30)   221.351
[90,50]   [50,60,5] (0)   1639.04
[90,50]   [50,60,5] (5)   1698.59
[90,50]   [50,60,5] (10)   1761.46
[90,50]   [50,60,5] (15)   1702.49
[90,50]   [50,60,5] (20)   1636.64
[90,50]   [50,60,5] (25)   1783.13
[90,50]   [50,60,5] (30)   1744.69
[90,50]   [50,60,10] (0)   1749.49
[90,50]   [50,60,10] (5)   1621.6
[90,50]   [50,60,10] (10)   1649.77
[90,50]   [50,60,10] (15)   1646.23
[90,50]   [50,60,10] (20)   1630.5
[90,50]   [50,60,10] (25)   1415.36
[90,50]   [50,60,10] (30)   1693.27
[90,50]   [50,60,15] (0)   1651.8
[90,50]   [50,60,15] (5)   1574.45
[90,50]   [50,60,15] (10)   1847.5
[90,50]   [50,60,15] (15)   1642.75
[90,50]   [50,60,15] (20)   1466.32
[90,50]   [50,60,15] (25)   1651.14
[90,50]   [50,60,15] (30)   1668.53
[90,50]   [50,60,20] (0)   1564.62
[90,50]   [50,60,20] (5)   1611.75
[90,50]   [50,60,20] (10)   1709
[90,50]   [50,60,20] (15)   1750.53
[90,50]   [50,60,20] (20)   1682.43
[90,50]   [50,60,20] (25)   1613.02
[90,50]   [50,60,20] (30)   1624.91
[90,50]   [60,10,5] (0)   34157.1
[90,50]   [60,10,5] (5)   22561.6
[90,50]   [60,10,5] (10)   6219.07
[90,50]   [60,10,5] (15)   133.881
[90,50]   [60,10,5] (20)   105.42
[90,50]   [60,10,5] (25)   104.084
[90,50]   [60,10,5] (30)   107.241
[90,50]   [60,10,10] (0)   34555.6
[90,50]   [60,10,10] (5)   23540.6
[90,50]   [60,10,10] (10)   12522.9
[90,50]   [60,10,10] (15)   5399.12
[90,50]   [60,10,10] (20)   594.027
[90,50]   [60,10,10] (25)   133.516
[90,50]   [60,10,10] (30)   128.127
[90,50]   [60,10,15] (0)   34539.9
[90,50]   [60,10,15] (5)   19680.3
[90,50]   [60,10,15] (10)   10575.6
[90,50]   [60,10,15] (15)   3684.83
[90,50]   [60,10,15] (20)   159.982
[90,50]   [60,10,15] (25)   140.686
[90,50]   [60,10,15] (30)   137.58
[90,50]   [60,10,20] (0)   34157
[90,50]   [60,10,20] (5)   19951.7
[90,50]   [60,10,20] (10)   8612.98
[90,50]   [60,10,20] (15)   6763.98
[90,50]   [60,10,20] (20)   179.193
[90,50]   [60,10,20] (25)   154.494
[90,50]   [60,10,20] (30)   153.852
[90,50]   [60,20,5] (0)   24084.5
[90,50]   [60,20,5] (5)   24022.9
[90,50]   [60,20,5] (10)   20663.3
[90,50]   [60,20,5] (15)   7403.06
[90,50]   [60,20,5] (20)   180.781
[90,50]   [60,20,5] (25)   123.86
[90,50]   [60,20,5] (30)   117.051
[90,50]   [60,20,10] (0)   24000.4
[90,50]   [60,20,10] (5)   23976.7
[90,50]   [60,20,10] (10)   21538
[90,50]   [60,20,10] (15)   11216.5
[90,50]   [60,20,10] (20)   4348.15
[90,50]   [60,20,10] (25)   181.873
[90,50]   [60,20,10] (30)   146.02
[90,50]   [60,20,15] (0)   24073.3
[90,50]   [60,20,15] (5)   23972.5
[90,50]   [60,20,15] (10)   19768.9
[90,50]   [60,20,15] (15)   7857.3
[90,50]   [60,20,15] (20)   3128.02
[90,50]   [60,20,15] (25)   159.67
[90,50]   [60,20,15] (30)   150.887
[90,50]   [60,20,20] (0)   24046.4
[90,50]   [60,20,20] (5)   24020
[90,50]   [60,20,20] (10)   20602.8
[90,50]   [60,20,20] (15)   6199.88
[90,50]   [60,20,20] (20)   3508.48
[90,50]   [60,20,20] (25)   190.409
[90,50]   [60,20,20] (30)   162.607
[90,50]   [60,30,5] (0)   17215.5
[90,50]   [60,30,5] (5)   17196.7
[90,50]   [60,30,5] (10)   17220.7
[90,50]   [60,30,5] (15)   15206.4
[90,50]   [60,30,5] (20)   5771.97
[90,50]   [60,30,5] (25)   168.86
[90,50]   [60,30,5] (30)   136.838
[90,50]   [60,30,10] (0)   17195
[90,50]   [60,30,10] (5)   17224.4
[90,50]   [60,30,10] (10)   17295
[90,50]   [60,30,10] (15)   15904.9
[90,50]   [60,30,10] (20)   8169.41
[90,50]   [60,30,10] (25)   1792.11
[90,50]   [60,30,10] (30)   168.846
[90,50]   [60,30,15] (0)   17252.6
[90,50]   [60,30,15] (5)   17242
[90,50]   [60,30,15] (10)   17199.5
[90,50]   [60,30,15] (15)   14657.6
[90,50]   [60,30,15] (20)   5047.46
[90,50]   [60,30,15] (25)   271.327
[90,50]   [60,30,15] (30)   167.502
[90,50]   [60,30,20] (0)   17233.2
[90,50]   [60,30,20] (5)   17204.9
[90,50]   [60,30,20] (10)   17185.8
[90,50]   [60,30,20] (15)   15151.5
[90,50]   [60,30,20] (20)   3558.44
[90,50]   [60,30,20] (25)   214.34
[90,50]   [60,30,20] (30)   182.979
[90,50]   [60,40,5] (0)   11064.2
[90,50]   [60,40,5] (5)   11050.1
[90,50]   [60,40,5] (10)   10989.8
[90,50]   [60,40,5] (15)   11003.7
[90,50]   [60,40,5] (20)   10379
[90,50]   [60,40,5] (25)   5094.21
[90,50]   [60,40,5] (30)   188.101
[90,50]   [60,40,10] (0)   11014.6
[90,50]   [60,40,10] (5)   11050.9
[90,50]   [60,40,10] (10)   11083
[90,50]   [60,40,10] (15)   11084
[90,50]   [60,40,10] (20)   10610.7
[90,50]   [60,40,10] (25)   6098.73
[90,50]   [60,40,10] (30)   260.149
[90,50]   [60,40,15] (0)   10960.7
[90,50]   [60,40,15] (5)   11064.5
[90,50]   [60,40,15] (10)   11120.5
[90,50]   [60,40,15] (15)   10953.4
[90,50]   [60,40,15] (20)   9963.77
[90,50]   [60,40,15] (25)   3839.44
[90,50]   [60,40,15] (30)   203.219
[90,50]   [60,40,20] (0)   10994.1
[90,50]   [60,40,20] (5)   10995.1
[90,50]   [60,40,20] (10)   11086.3
[90,50]   [60,40,20] (15)   10972.8
[90,50]   [60,40,20] (20)   10205.3
[90,50]   [60,40,20] (25)   3077.17
[90,50]   [60,40,20] (30)   203.464
[90,50]   [60,50,5] (0)   6030.89
[90,50]   [60,50,5] (5)   6026.02
[90,50]   [60,50,5] (10)   6020.36
[90,50]   [60,50,5] (15)   5987
[90,50]   [60,50,5] (20)   5986.63
[90,50]   [60,50,5] (25)   5793.42
[90,50]   [60,50,5] (30)   2583.32
[90,50]   [60,50,10] (0)   5972.17
[90,50]   [60,50,10] (5)   5956.95
[90,50]   [60,50,10] (10)   6024.07
[90,50]   [60,50,10] (15)   5917.51
[90,50]   [60,50,10] (20)   6011.22
[90,50]   [60,50,10] (25)   5754.87
[90,50]   [60,50,10] (30)   3290.89
[90,50]   [60,50,15] (0)   6028.06
[90,50]   [60,50,15] (5)   5938.36
[90,50]   [60,50,15] (10)   6041.48
[90,50]   [60,50,15] (15)   5840.65
[90,50]   [60,50,15] (20)   5929.52
[90,50]   [60,50,15] (25)   5618.43
[90,50]   [60,50,15] (30)   1616.21
[90,50]   [60,50,20] (0)   6132.8
[90,50]   [60,50,20] (5)   6020.48
[90,50]   [60,50,20] (10)   6046.16
[90,50]   [60,50,20] (15)   6039.78
[90,50]   [60,50,20] (20)   5994.07
[90,50]   [60,50,20] (25)   5622.23
[90,50]   [60,50,20] (30)   1157.6
[90,50]   [60,60,5] (0)   1047.5
[90,50]   [60,60,5] (5)   1037.14
[90,50]   [60,60,5] (10)   985.101
[90,50]   [60,60,5] (15)   1009.67
[90,50]   [60,60,5] (20)   1011.79
[90,50]   [60,60,5] (25)   986.576
[90,50]   [60,60,5] (30)   995.393
[90,50]   [60,60,10] (0)   1054.63
[90,50]   [60,60,10] (5)   1030.76
[90,50]   [60,60,10] (10)   969.435
[90,50]   [60,60,10] (15)   985.918
[90,50]   [60,60,10] (20)   1048.22
[90,50]   [60,60,10] (25)   1019.9
[90,50]   [60,60,10] (30)   957.41
[90,50]   [60,60,15] (0)   1027.58
[90,50]   [60,60,15] (5)   1049.73
[90,50]   [60,60,15] (10)   1001.32
[90,50]   [60,60,15] (15)   1072.79
[90,50]   [60,60,15] (20)   990.05
[90,50]   [60,60,15] (25)   1106.26
[90,50]   [60,60,15] (30)   1008.06
[90,50]   [60,60,20] (0)   1035.01
[90,50]   [60,60,20] (5)   1009.58
[90,50]   [60,60,20] (10)   993.009
[90,50]   [60,60,20] (15)   1059.25
[90,50]   [60,60,20] (20)   1010.09
[90,50]   [60,60,20] (25)   1008.47
[90,50]   [60,60,20] (30)   887.058
