[30,50]   [10,10,5] (0)   4016.51
[30,50]   [10,10,5] (5)   1782.55
[30,50]   [10,10,5] (10)   762.136
[30,50]   [10,10,5] (15)   817.672
[30,50]   [10,10,5] (20)   817.584
[30,50]   [10,10,5] (25)   888.137
[30,50]   [10,10,5] (30)   888.267
[30,50]   [10,10,10] (0)   4101.55
[30,50]   [10,10,10] (5)   4036.41
[30,50]   [10,10,10] (10)   4077.19
[30,50]   [10,10,10] (15)   4086.16
[30,50]   [10,10,10] (20)   3962.46
[30,50]   [10,10,10] (25)   4063.25
[30,50]   [10,10,10] (30)   4033.41
[30,50]   [10,10,15] (0)   4061.66
[30,50]   [10,10,15] (5)   2717.06
[30,50]   [10,10,15] (10)   2789.96
[30,50]   [10,10,15] (15)   2713.31
[30,50]   [10,10,15] (20)   2812.26
[30,50]   [10,10,15] (25)   2814.62
[30,50]   [10,10,15] (30)   2778.03
[30,50]   [10,10,20] (0)   4006.42
[30,50]   [10,10,20] (5)   4337.01
[30,50]   [10,10,20] (10)   4359.71
[30,50]   [10,10,20] (15)   4376.76
[30,50]   [10,10,20] (20)   4246.19
[30,50]   [10,10,20] (25)   4385.35
[30,50]   [10,10,20] (30)   4241.45
[30,50]   [10,20,5] (0)   13133.1
[30,50]   [10,20,5] (5)   13268.2
[30,50]   [10,20,5] (10)   13021.3
[30,50]   [10,20,5] (15)   13269.2
[30,50]   [10,20,5] (20)   13311.7
[30,50]   [10,20,5] (25)   12535.7
[30,50]   [10,20,5] (30)   12268
[30,50]   [10,20,10] (0)   13213
[30,50]   [10,20,10] (5)   13101.8
[30,50]   [10,20,10] (10)   13167.9
[30,50]   [10,20,10] (15)   13177.2
[30,50]   [10,20,10] (20)   13004.7
[30,50]   [10,20,10] (25)   13140.8
[30,50]   [10,20,10] (30)   13278.2
[30,50]   [10,20,15] (0)   13089
[30,50]   [10,20,15] (5)   13204.3
[30,50]   [10,20,15] (10)   13139.2
[30,50]   [10,20,15] (15)   13219.1
[30,50]   [10,20,15] (20)   13087.8
[30,50]   [10,20,15] (25)   9944.64
[30,50]   [10,20,15] (30)   8304.37
[30,50]   [10,20,20] (0)   13333.9
[30,50]   [10,20,20] (5)   13235.1
[30,50]   [10,20,20] (10)   13345.4
[30,50]   [10,20,20] (15)   13250.2
[30,50]   [10,20,20] (20)   13233.9
[30,50]   [10,20,20] (25)   13304
[30,50]   [10,20,20] (30)   13265.9
[30,50]   [10,30,5] (0)   22989.4
[30,50]   [10,30,5] (5)   23151.3
[30,50]   [10,30,5] (10)   23309.2
[30,50]   [10,30,5] (15)   23257.8
[30,50]   [10,30,5] (20)   23082.4
[30,50]   [10,30,5] (25)   23174.6
[30,50]   [10,30,5] (30)   22513
[30,50]   [10,30,10] (0)   23069.6
[30,50]   [10,30,10] (5)   23128.3
[30,50]   [10,30,10] (10)   23067.7
[30,50]   [10,30,10] (15)   23142.8
[30,50]   [10,30,10] (20)   23103.1
[30,50]   [10,30,10] (25)   23134.7
[30,50]   [10,30,10] (30)   25949.7
[30,50]   [10,30,15] (0)   23185.2
[30,50]   [10,30,15] (5)   23110.1
[30,50]   [10,30,15] (10)   23195.9
[30,50]   [10,30,15] (15)   22928.1
[30,50]   [10,30,15] (20)   23163.9
[30,50]   [10,30,15] (25)   23095.9
[30,50]   [10,30,15] (30)   20036.1
[30,50]   [10,30,20] (0)   23130.3
[30,50]   [10,30,20] (5)   23246.1
[30,50]   [10,30,20] (10)   23064.4
[30,50]   [10,30,20] (15)   23178.1
[30,50]   [10,30,20] (20)   23204.1
[30,50]   [10,30,20] (25)   23076.3
[30,50]   [10,30,20] (30)   22951.8
[30,50]   [10,40,5] (0)   31544.5
[30,50]   [10,40,5] (5)   31661.1
[30,50]   [10,40,5] (10)   31580.4
[30,50]   [10,40,5] (15)   31622.1
[30,50]   [10,40,5] (20)   31812.5
[30,50]   [10,40,5] (25)   31585.2
[30,50]   [10,40,5] (30)   31479
[30,50]   [10,40,10] (0)   31710.5
[30,50]   [10,40,10] (5)   31569.6
[30,50]   [10,40,10] (10)   31565.9
[30,50]   [10,40,10] (15)   31540.9
[30,50]   [10,40,10] (20)   31498.3
[30,50]   [10,40,10] (25)   31505.9
[30,50]   [10,40,10] (30)   31521.2
[30,50]   [10,40,15] (0)   31683.8
[30,50]   [10,40,15] (5)   31547.8
[30,50]   [10,40,15] (10)   31586.6
[30,50]   [10,40,15] (15)   31579.3
[30,50]   [10,40,15] (20)   31543.3
[30,50]   [10,40,15] (25)   31551.6
[30,50]   [10,40,15] (30)   31563.4
[30,50]   [10,40,20] (0)   31551
[30,50]   [10,40,20] (5)   31501.8
[30,50]   [10,40,20] (10)   31616.3
[30,50]   [10,40,20] (15)   31581.4
[30,50]   [10,40,20] (20)   31604.6
[30,50]   [10,40,20] (25)   31596.7
[30,50]   [10,40,20] (30)   31510
[30,50]   [10,50,5] (0)   38904.2
[30,50]   [10,50,5] (5)   38811.9
[30,50]   [10,50,5] (10)   38721.6
[30,50]   [10,50,5] (15)   38766.5
[30,50]   [10,50,5] (20)   38723.6
[30,50]   [10,50,5] (25)   38828.5
[30,50]   [10,50,5] (30)   38818.8
[30,50]   [10,50,10] (0)   38797.3
[30,50]   [10,50,10] (5)   38711.8
[30,50]   [10,50,10] (10)   38940.2
[30,50]   [10,50,10] (15)   38782.3
[30,50]   [10,50,10] (20)   38924.3
[30,50]   [10,50,10] (25)   38591.8
[30,50]   [10,50,10] (30)   38804.5
[30,50]   [10,50,15] (0)   38717.2
[30,50]   [10,50,15] (5)   38963.6
[30,50]   [10,50,15] (10)   38850.4
[30,50]   [10,50,15] (15)   38786.9
[30,50]   [10,50,15] (20)   38767.4
[30,50]   [10,50,15] (25)   38614.3
[30,50]   [10,50,15] (30)   38797.2
[30,50]   [10,50,20] (0)   38812.6
[30,50]   [10,50,20] (5)   38847.6
[30,50]   [10,50,20] (10)   38822.1
[30,50]   [10,50,20] (15)   38890.2
[30,50]   [10,50,20] (20)   38777
[30,50]   [10,50,20] (25)   38796.8
[30,50]   [10,50,20] (30)   38869.7
[30,50]   [10,60,5] (0)   44623.7
[30,50]   [10,60,5] (5)   44609.2
[30,50]   [10,60,5] (10)   44645.8
[30,50]   [10,60,5] (15)   44533.1
[30,50]   [10,60,5] (20)   44547.8
[30,50]   [10,60,5] (25)   44595.9
[30,50]   [10,60,5] (30)   44570
[30,50]   [10,60,10] (0)   44580.7
[30,50]   [10,60,10] (5)   44601.4
[30,50]   [10,60,10] (10)   44559.5
[30,50]   [10,60,10] (15)   44504.2
[30,50]   [10,60,10] (20)   44701.2
[30,50]   [10,60,10] (25)   44662.9
[30,50]   [10,60,10] (30)   44438.9
[30,50]   [10,60,15] (0)   44546.8
[30,50]   [10,60,15] (5)   44659.9
[30,50]   [10,60,15] (10)   44537.8
[30,50]   [10,60,15] (15)   44700.3
[30,50]   [10,60,15] (20)   44635.6
[30,50]   [10,60,15] (25)   44597.3
[30,50]   [10,60,15] (30)   44650.1
[30,50]   [10,60,20] (0)   44537.9
[30,50]   [10,60,20] (5)   44552.3
[30,50]   [10,60,20] (10)   44629.1
[30,50]   [10,60,20] (15)   44591
[30,50]   [10,60,20] (20)   44669.1
[30,50]   [10,60,20] (25)   44530.8
[30,50]   [10,60,20] (30)   44582.2
[30,50]   [20,10,5] (0)   10239.1
[30,50]   [20,10,5] (5)   2726.4
[30,50]   [20,10,5] (10)   579.133
[30,50]   [20,10,5] (15)   117.041
[30,50]   [20,10,5] (20)   121.001
[30,50]   [20,10,5] (25)   123.333
[30,50]   [20,10,5] (30)   144.615
[30,50]   [20,10,10] (0)   9997.38
[30,50]   [20,10,10] (5)   5143.6
[30,50]   [20,10,10] (10)   4869.76
[30,50]   [20,10,10] (15)   4806.9
[30,50]   [20,10,10] (20)   4820.51
[30,50]   [20,10,10] (25)   4779.65
[30,50]   [20,10,10] (30)   4793.92
[30,50]   [20,10,15] (0)   10203.6
[30,50]   [20,10,15] (5)   3508.4
[30,50]   [20,10,15] (10)   3178.54
[30,50]   [20,10,15] (15)   2981.42
[30,50]   [20,10,15] (20)   3099.81
[30,50]   [20,10,15] (25)   3137.23
[30,50]   [20,10,15] (30)   3086.1
[30,50]   [20,10,20] (0)   10183.8
[30,50]   [20,10,20] (5)   5599.29
[30,50]   [20,10,20] (10)   5859.95
[30,50]   [20,10,20] (15)   5775.81
[30,50]   [20,10,20] (20)   5823.31
[30,50]   [20,10,20] (25)   5736.89
[30,50]   [20,10,20] (30)   5788.87
[30,50]   [20,20,5] (0)   6377.94
[30,50]   [20,20,5] (5)   6439.45
[30,50]   [20,20,5] (10)   4640.11
[30,50]   [20,20,5] (15)   2708.68
[30,50]   [20,20,5] (20)   2494.55
[30,50]   [20,20,5] (25)   2484.77
[30,50]   [20,20,5] (30)   2416.06
[30,50]   [20,20,10] (0)   6486.22
[30,50]   [20,20,10] (5)   6348.34
[30,50]   [20,20,10] (10)   6214.45
[30,50]   [20,20,10] (15)   5944.39
[30,50]   [20,20,10] (20)   6016.32
[30,50]   [20,20,10] (25)   5978.67
[30,50]   [20,20,10] (30)   6120.74
[30,50]   [20,20,15] (0)   6508.86
[30,50]   [20,20,15] (5)   6600.28
[30,50]   [20,20,15] (10)   4739.04
[30,50]   [20,20,15] (15)   4420.86
[30,50]   [20,20,15] (20)   4462.05
[30,50]   [20,20,15] (25)   4471.59
[30,50]   [20,20,15] (30)   4679.66
[30,50]   [20,20,20] (0)   6410.91
[30,50]   [20,20,20] (5)   6488.59
[30,50]   [20,20,20] (10)   6505.72
[30,50]   [20,20,20] (15)   6442.64
[30,50]   [20,20,20] (20)   6468.88
[30,50]   [20,20,20] (25)   6502.12
[30,50]   [20,20,20] (30)   6477.06
[30,50]   [20,30,5] (0)   12668.6
[30,50]   [20,30,5] (5)   12604.3
[30,50]   [20,30,5] (10)   12643.2
[30,50]   [20,30,5] (15)   12800.5
[30,50]   [20,30,5] (20)   12585.4
[30,50]   [20,30,5] (25)   12512.9
[30,50]   [20,30,5] (30)   11454.6
[30,50]   [20,30,10] (0)   12596.8
[30,50]   [20,30,10] (5)   12596.1
[30,50]   [20,30,10] (10)   12570.5
[30,50]   [20,30,10] (15)   12453.9
[30,50]   [20,30,10] (20)   12616.2
[30,50]   [20,30,10] (25)   12515.5
[30,50]   [20,30,10] (30)   12588.6
[30,50]   [20,30,15] (0)   12691.2
[30,50]   [20,30,15] (5)   12647.7
[30,50]   [20,30,15] (10)   12585.7
[30,50]   [20,30,15] (15)   12567.1
[30,50]   [20,30,15] (20)   12512.9
[30,50]   [20,30,15] (25)   12403.9
[30,50]   [20,30,15] (30)   10399
[30,50]   [20,30,20] (0)   12662.3
[30,50]   [20,30,20] (5)   12671
[30,50]   [20,30,20] (10)   12640.5
[30,50]   [20,30,20] (15)   12663.5
[30,50]   [20,30,20] (20)   12423.8
[30,50]   [20,30,20] (25)   12632.1
[30,50]   [20,30,20] (30)   12481.5
[30,50]   [20,40,5] (0)   20965.4
[30,50]   [20,40,5] (5)   21014.8
[30,50]   [20,40,5] (10)   21229.5
[30,50]   [20,40,5] (15)   21132.6
[30,50]   [20,40,5] (20)   21163.6
[30,50]   [20,40,5] (25)   21041.7
[30,50]   [20,40,5] (30)   21193.4
[30,50]   [20,40,10] (0)   21280.9
[30,50]   [20,40,10] (5)   21163.7
[30,50]   [20,40,10] (10)   21237.9
[30,50]   [20,40,10] (15)   21210.5
[30,50]   [20,40,10] (20)   21025.6
[30,50]   [20,40,10] (25)   21020.2
[30,50]   [20,40,10] (30)   21326.9
[30,50]   [20,40,15] (0)   21131.2
[30,50]   [20,40,15] (5)   21165.7
[30,50]   [20,40,15] (10)   21182.4
[30,50]   [20,40,15] (15)   21182.4
[30,50]   [20,40,15] (20)   21032.2
[30,50]   [20,40,15] (25)   21219.5
[30,50]   [20,40,15] (30)   21099.3
[30,50]   [20,40,20] (0)   21073.7
[30,50]   [20,40,20] (5)   21346.1
[30,50]   [20,40,20] (10)   21097.3
[30,50]   [20,40,20] (15)   21074.4
[30,50]   [20,40,20] (20)   21117.5
[30,50]   [20,40,20] (25)   21139.8
[30,50]   [20,40,20] (30)   21022.2
[30,50]   [20,50,5] (0)   28585.7
[30,50]   [20,50,5] (5)   28571.9
[30,50]   [20,50,5] (10)   28362.6
[30,50]   [20,50,5] (15)   28352.6
[30,50]   [20,50,5] (20)   28487.5
[30,50]   [20,50,5] (25)   28497.2
[30,50]   [20,50,5] (30)   28282
[30,50]   [20,50,10] (0)   28468
[30,50]   [20,50,10] (5)   28515.2
[30,50]   [20,50,10] (10)   28467.1
[30,50]   [20,50,10] (15)   28420.2
[30,50]   [20,50,10] (20)   28372.3
[30,50]   [20,50,10] (25)   28457.8
[30,50]   [20,50,10] (30)   28582.5
[30,50]   [20,50,15] (0)   28503.6
[30,50]   [20,50,15] (5)   28418.3
[30,50]   [20,50,15] (10)   28515.5
[30,50]   [20,50,15] (15)   28431.3
[30,50]   [20,50,15] (20)   28199.3
[30,50]   [20,50,15] (25)   28579.2
[30,50]   [20,50,15] (30)   28292.2
[30,50]   [20,50,20] (0)   28452.5
[30,50]   [20,50,20] (5)   28480.6
[30,50]   [20,50,20] (10)   28401.9
[30,50]   [20,50,20] (15)   28582.7
[30,50]   [20,50,20] (20)   28294.3
[30,50]   [20,50,20] (25)   28470.2
[30,50]   [20,50,20] (30)   28572.7
[30,50]   [20,60,5] (0)   42053.5
[30,50]   [20,60,5] (5)   42129.3
[30,50]   [20,60,5] (10)   42075.1
[30,50]   [20,60,5] (15)   42037.6
[30,50]   [20,60,5] (20)   42007
[30,50]   [20,60,5] (25)   42140.5
[30,50]   [20,60,5] (30)   42007.1
[30,50]   [20,60,10] (0)   41770
[30,50]   [20,60,10] (5)   41998.4
[30,50]   [20,60,10] (10)   41779.8
[30,50]   [20,60,10] (15)   42115.8
[30,50]   [20,60,10] (20)   42029.4
[30,50]   [20,60,10] (25)   41972.8
[30,50]   [20,60,10] (30)   42070.9
[30,50]   [20,60,15] (0)   41778.5
[30,50]   [20,60,15] (5)   42055.9
[30,50]   [20,60,15] (10)   41822.4
[30,50]   [20,60,15] (15)   42126.5
[30,50]   [20,60,15] (20)   42124.7
[30,50]   [20,60,15] (25)   42111.6
[30,50]   [20,60,15] (30)   42012.9
[30,50]   [20,60,20] (0)   41832.2
[30,50]   [20,60,20] (5)   41809.1
[30,50]   [20,60,20] (10)   42103.1
[30,50]   [20,60,20] (15)   41861.7
[30,50]   [20,60,20] (20)   41837.2
[30,50]   [20,60,20] (25)   41773.1
[30,50]   [20,60,20] (30)   41921.6
[30,50]   [30,10,5] (0)   23576.5
[30,50]   [30,10,5] (5)   9088.83
[30,50]   [30,10,5] (10)   1500.24
[30,50]   [30,10,5] (15)   355.695
[30,50]   [30,10,5] (20)   112.103
[30,50]   [30,10,5] (25)   107.476
[30,50]   [30,10,5] (30)   116.721
[30,50]   [30,10,10] (0)   23231.1
[30,50]   [30,10,10] (5)   10166.1
[30,50]   [30,10,10] (10)   5591.34
[30,50]   [30,10,10] (15)   5277.77
[30,50]   [30,10,10] (20)   5200.49
[30,50]   [30,10,10] (25)   5089.86
[30,50]   [30,10,10] (30)   5046.48
[30,50]   [30,10,15] (0)   23531.5
[30,50]   [30,10,15] (5)   5094.66
[30,50]   [30,10,15] (10)   4232.11
[30,50]   [30,10,15] (15)   3814.36
[30,50]   [30,10,15] (20)   3720.1
[30,50]   [30,10,15] (25)   3619.33
[30,50]   [30,10,15] (30)   3622.7
[30,50]   [30,10,20] (0)   23484.1
[30,50]   [30,10,20] (5)   6479.44
[30,50]   [30,10,20] (10)   6325.68
[30,50]   [30,10,20] (15)   6299.19
[30,50]   [30,10,20] (20)   6444.64
[30,50]   [30,10,20] (25)   6431.41
[30,50]   [30,10,20] (30)   6403.15
[30,50]   [30,20,5] (0)   8158.03
[30,50]   [30,20,5] (5)   8169.28
[30,50]   [30,20,5] (10)   5285.44
[30,50]   [30,20,5] (15)   2784.42
[30,50]   [30,20,5] (20)   1167.81
[30,50]   [30,20,5] (25)   730.911
[30,50]   [30,20,5] (30)   740.795
[30,50]   [30,20,10] (0)   8189.44
[30,50]   [30,20,10] (5)   8209.05
[30,50]   [30,20,10] (10)   7033.65
[30,50]   [30,20,10] (15)   6506.72
[30,50]   [30,20,10] (20)   6085.77
[30,50]   [30,20,10] (25)   5889.37
[30,50]   [30,20,10] (30)   6061.97
[30,50]   [30,20,15] (0)   8041.48
[30,50]   [30,20,15] (5)   8112.06
[30,50]   [30,20,15] (10)   5796.72
[30,50]   [30,20,15] (15)   4912.57
[30,50]   [30,20,15] (20)   4570.06
[30,50]   [30,20,15] (25)   4537.71
[30,50]   [30,20,15] (30)   4593.02
[30,50]   [30,20,20] (0)   8145.55
[30,50]   [30,20,20] (5)   8075.42
[30,50]   [30,20,20] (10)   7376.24
[30,50]   [30,20,20] (15)   7082.23
[30,50]   [30,20,20] (20)   7105.98
[30,50]   [30,20,20] (25)   7115.18
[30,50]   [30,20,20] (30)   7096.21
[30,50]   [30,30,5] (0)   8043.74
[30,50]   [30,30,5] (5)   8040.38
[30,50]   [30,30,5] (10)   7985
[30,50]   [30,30,5] (15)   6844.89
[30,50]   [30,30,5] (20)   4170.66
[30,50]   [30,30,5] (25)   3165.17
[30,50]   [30,30,5] (30)   3181.14
[30,50]   [30,30,10] (0)   8078.11
[30,50]   [30,30,10] (5)   8075.93
[30,50]   [30,30,10] (10)   8027.49
[30,50]   [30,30,10] (15)   7916.22
[30,50]   [30,30,10] (20)   7487.84
[30,50]   [30,30,10] (25)   7268.78
[30,50]   [30,30,10] (30)   7157.26
[30,50]   [30,30,15] (0)   8053.18
[30,50]   [30,30,15] (5)   8182.87
[30,50]   [30,30,15] (10)   7946.24
[30,50]   [30,30,15] (15)   7101.69
[30,50]   [30,30,15] (20)   6462.69
[30,50]   [30,30,15] (25)   6176.04
[30,50]   [30,30,15] (30)   6255.22
[30,50]   [30,30,20] (0)   8064.26
[30,50]   [30,30,20] (5)   7976.23
[30,50]   [30,30,20] (10)   8013.92
[30,50]   [30,30,20] (15)   7981.64
[30,50]   [30,30,20] (20)   7893.26
[30,50]   [30,30,20] (25)   7846.4
[30,50]   [30,30,20] (30)   7867.17
[30,50]   [30,40,5] (0)   11787.4
[30,50]   [30,40,5] (5)   11870
[30,50]   [30,40,5] (10)   11930.1
[30,50]   [30,40,5] (15)   11883.8
[30,50]   [30,40,5] (20)   11716.3
[30,50]   [30,40,5] (25)   11918
[30,50]   [30,40,5] (30)   11823.1
[30,50]   [30,40,10] (0)   11972.9
[30,50]   [30,40,10] (5)   11854.6
[30,50]   [30,40,10] (10)   12033.1
[30,50]   [30,40,10] (15)   11876.7
[30,50]   [30,40,10] (20)   11746.9
[30,50]   [30,40,10] (25)   11892.9
[30,50]   [30,40,10] (30)   11879.1
[30,50]   [30,40,15] (0)   11604.8
[30,50]   [30,40,15] (5)   11897
[30,50]   [30,40,15] (10)   11907.7
[30,50]   [30,40,15] (15)   12037.6
[30,50]   [30,40,15] (20)   12065.2
[30,50]   [30,40,15] (25)   11979.9
[30,50]   [30,40,15] (30)   11451.7
[30,50]   [30,40,20] (0)   11805.6
[30,50]   [30,40,20] (5)   11997.1
[30,50]   [30,40,20] (10)   11769.7
[30,50]   [30,40,20] (15)   11874.7
[30,50]   [30,40,20] (20)   11882.3
[30,50]   [30,40,20] (25)   11968.3
[30,50]   [30,40,20] (30)   11692.1
[30,50]   [30,50,5] (0)   36658.7
[30,50]   [30,50,5] (5)   36423.8
[30,50]   [30,50,5] (10)   36572.6
[30,50]   [30,50,5] (15)   36742.6
[30,50]   [30,50,5] (20)   36404
[30,50]   [30,50,5] (25)   36588.5
[30,50]   [30,50,5] (30)   36636.7
[30,50]   [30,50,10] (0)   36635.3
[30,50]   [30,50,10] (5)   36693.9
[30,50]   [30,50,10] (10)   36878.7
[30,50]   [30,50,10] (15)   36672
[30,50]   [30,50,10] (20)   36766.8
[30,50]   [30,50,10] (25)   36642.9
[30,50]   [30,50,10] (30)   36240.4
[30,50]   [30,50,15] (0)   36535.9
[30,50]   [30,50,15] (5)   36743.9
[30,50]   [30,50,15] (10)   36738.8
[30,50]   [30,50,15] (15)   37021.9
[30,50]   [30,50,15] (20)   36582.5
[30,50]   [30,50,15] (25)   36712.2
[30,50]   [30,50,15] (30)   36725.1
[30,50]   [30,50,20] (0)   36893.3
[30,50]   [30,50,20] (5)   36501.2
[30,50]   [30,50,20] (10)   36579.7
[30,50]   [30,50,20] (15)   36799.1
[30,50]   [30,50,20] (20)   36487.8
[30,50]   [30,50,20] (25)   36717.1
[30,50]   [30,50,20] (30)   36271.9
[30,50]   [30,60,5] (0)   25726.1
[30,50]   [30,60,5] (5)   25581.2
[30,50]   [30,60,5] (10)   25541.8
[30,50]   [30,60,5] (15)   25835.3
[30,50]   [30,60,5] (20)   25625.1
[30,50]   [30,60,5] (25)   25716.1
[30,50]   [30,60,5] (30)   25539.4
[30,50]   [30,60,10] (0)   25459.7
[30,50]   [30,60,10] (5)   25716.4
[30,50]   [30,60,10] (10)   25580
[30,50]   [30,60,10] (15)   25498.1
[30,50]   [30,60,10] (20)   25741.4
[30,50]   [30,60,10] (25)   25526.1
[30,50]   [30,60,10] (30)   25791
[30,50]   [30,60,15] (0)   25721.2
[30,50]   [30,60,15] (5)   25663.1
[30,50]   [30,60,15] (10)   25786
[30,50]   [30,60,15] (15)   25627.4
[30,50]   [30,60,15] (20)   25567.7
[30,50]   [30,60,15] (25)   25508.5
[30,50]   [30,60,15] (30)   25667.5
[30,50]   [30,60,20] (0)   25539.6
[30,50]   [30,60,20] (5)   25467.2
[30,50]   [30,60,20] (10)   25843.1
[30,50]   [30,60,20] (15)   25533.6
[30,50]   [30,60,20] (20)   25608.8
[30,50]   [30,60,20] (25)   25570.8
[30,50]   [30,60,20] (30)   25518.5
[30,50]   [40,10,5] (0)   25449.8
[30,50]   [40,10,5] (5)   15461.2
[30,50]   [40,10,5] (10)   2069.06
[30,50]   [40,10,5] (15)   856.741
[30,50]   [40,10,5] (20)   264.814
[30,50]   [40,10,5] (25)   119.291
[30,50]   [40,10,5] (30)   113.994
[30,50]   [40,10,10] (0)   25451.1
[30,50]   [40,10,10] (5)   16290.9
[30,50]   [40,10,10] (10)   6296.55
[30,50]   [40,10,10] (15)   5801.47
[30,50]   [40,10,10] (20)   5502.36
[30,50]   [40,10,10] (25)   5424.73
[30,50]   [40,10,10] (30)   5403.95
[30,50]   [40,10,15] (0)   25416.1
[30,50]   [40,10,15] (5)   10750.4
[30,50]   [40,10,15] (10)   4934.37
[30,50]   [40,10,15] (15)   4244.29
[30,50]   [40,10,15] (20)   4524.58
[30,50]   [40,10,15] (25)   4230.97
[30,50]   [40,10,15] (30)   4045.51
[30,50]   [40,10,20] (0)   25600.9
[30,50]   [40,10,20] (5)   10873.3
[30,50]   [40,10,20] (10)   7100.45
[30,50]   [40,10,20] (15)   6927.78
[30,50]   [40,10,20] (20)   7054.19
[30,50]   [40,10,20] (25)   6919.7
[30,50]   [40,10,20] (30)   6825.21
[30,50]   [40,20,5] (0)   15467.7
[30,50]   [40,20,5] (5)   15400.5
[30,50]   [40,20,5] (10)   11522.5
[30,50]   [40,20,5] (15)   3225.35
[30,50]   [40,20,5] (20)   1771.05
[30,50]   [40,20,5] (25)   784.926
[30,50]   [40,20,5] (30)   371.2
[30,50]   [40,20,10] (0)   15224.2
[30,50]   [40,20,10] (5)   15354.5
[30,50]   [40,20,10] (10)   12581.4
[30,50]   [40,20,10] (15)   6902.53
[30,50]   [40,20,10] (20)   6455.79
[30,50]   [40,20,10] (25)   6248.77
[30,50]   [40,20,10] (30)   6017.85
[30,50]   [40,20,15] (0)   15452.2
[30,50]   [40,20,15] (5)   15482.3
[30,50]   [40,20,15] (10)   9712.53
[30,50]   [40,20,15] (15)   5505.67
[30,50]   [40,20,15] (20)   4967.69
[30,50]   [40,20,15] (25)   4731.75
[30,50]   [40,20,15] (30)   4703.41
[30,50]   [40,20,20] (0)   15420.5
[30,50]   [40,20,20] (5)   15229
[30,50]   [40,20,20] (10)   10230.2
[30,50]   [40,20,20] (15)   7880.66
[30,50]   [40,20,20] (20)   7840.1
[30,50]   [40,20,20] (25)   7556.6
[30,50]   [40,20,20] (30)   7575.88
[30,50]   [40,30,5] (0)   8547.69
[30,50]   [40,30,5] (5)   8610.29
[30,50]   [40,30,5] (10)   8653.84
[30,50]   [40,30,5] (15)   7511.96
[30,50]   [40,30,5] (20)   4610.89
[30,50]   [40,30,5] (25)   2794.28
[30,50]   [40,30,5] (30)   1798.28
[30,50]   [40,30,10] (0)   8546.58
[30,50]   [40,30,10] (5)   8661.34
[30,50]   [40,30,10] (10)   8575.11
[30,50]   [40,30,10] (15)   8675.04
[30,50]   [40,30,10] (20)   7620.96
[30,50]   [40,30,10] (25)   7214.3
[30,50]   [40,30,10] (30)   6885.19
[30,50]   [40,30,15] (0)   8592.58
[30,50]   [40,30,15] (5)   8589.02
[30,50]   [40,30,15] (10)   8693.52
[30,50]   [40,30,15] (15)   7770.58
[30,50]   [40,30,15] (20)   6408.03
[30,50]   [40,30,15] (25)   6045
[30,50]   [40,30,15] (30)   5795.93
[30,50]   [40,30,20] (0)   8572.59
[30,50]   [40,30,20] (5)   8696.2
[30,50]   [40,30,20] (10)   8688.55
[30,50]   [40,30,20] (15)   8522.44
[30,50]   [40,30,20] (20)   8228.43
[30,50]   [40,30,20] (25)   8115.02
[30,50]   [40,30,20] (30)   8047.81
[30,50]   [40,40,5] (0)   10649.7
[30,50]   [40,40,5] (5)   10699.9
[30,50]   [40,40,5] (10)   10661.2
[30,50]   [40,40,5] (15)   10590.9
[30,50]   [40,40,5] (20)   8290.7
[30,50]   [40,40,5] (25)   6394.89
[30,50]   [40,40,5] (30)   4290.87
[30,50]   [40,40,10] (0)   10700.4
[30,50]   [40,40,10] (5)   10670.2
[30,50]   [40,40,10] (10)   10657.7
[30,50]   [40,40,10] (15)   10731.4
[30,50]   [40,40,10] (20)   9154.08
[30,50]   [40,40,10] (25)   8772.52
[30,50]   [40,40,10] (30)   8171.69
[30,50]   [40,40,15] (0)   10720.2
[30,50]   [40,40,15] (5)   10791.4
[30,50]   [40,40,15] (10)   10829.4
[30,50]   [40,40,15] (15)   10721.2
[30,50]   [40,40,15] (20)   8362.96
[30,50]   [40,40,15] (25)   7783.15
[30,50]   [40,40,15] (30)   7449.4
[30,50]   [40,40,20] (0)   10729.1
[30,50]   [40,40,20] (5)   10791.3
[30,50]   [40,40,20] (10)   10834.4
[30,50]   [40,40,20] (15)   10631.3
[30,50]   [40,40,20] (20)   9299.15
[30,50]   [40,40,20] (25)   8887.94
[30,50]   [40,40,20] (30)   9014.25
[30,50]   [40,50,5] (0)   11954.3
[30,50]   [40,50,5] (5)   12042.5
[30,50]   [40,50,5] (10)   11781.8
[30,50]   [40,50,5] (15)   11840.9
[30,50]   [40,50,5] (20)   11647
[30,50]   [40,50,5] (25)   11772.4
[30,50]   [40,50,5] (30)   12059.6
[30,50]   [40,50,10] (0)   11953.2
[30,50]   [40,50,10] (5)   11797
[30,50]   [40,50,10] (10)   12061.1
[30,50]   [40,50,10] (15)   11897.8
[30,50]   [40,50,10] (20)   11696.9
[30,50]   [40,50,10] (25)   11881
[30,50]   [40,50,10] (30)   11886.6
[30,50]   [40,50,15] (0)   11754.6
[30,50]   [40,50,15] (5)   11719.7
[30,50]   [40,50,15] (10)   11943
[30,50]   [40,50,15] (15)   11731.3
[30,50]   [40,50,15] (20)   11935.5
[30,50]   [40,50,15] (25)   11815.6
[30,50]   [40,50,15] (30)   11892.3
[30,50]   [40,50,20] (0)   12199.8
[30,50]   [40,50,20] (5)   11790.9
[30,50]   [40,50,20] (10)   12026
[30,50]   [40,50,20] (15)   11755.8
[30,50]   [40,50,20] (20)   11704.2
[30,50]   [40,50,20] (25)   11727
[30,50]   [40,50,20] (30)   11737
[30,50]   [40,60,5] (0)   18292.1
[30,50]   [40,60,5] (5)   18259.6
[30,50]   [40,60,5] (10)   18198.3
[30,50]   [40,60,5] (15)   18034.4
[30,50]   [40,60,5] (20)   18203.4
[30,50]   [40,60,5] (25)   18297.3
[30,50]   [40,60,5] (30)   18181.8
[30,50]   [40,60,10] (0)   18181.9
[30,50]   [40,60,10] (5)   18038.9
[30,50]   [40,60,10] (10)   18291.8
[30,50]   [40,60,10] (15)   18268.8
[30,50]   [40,60,10] (20)   18110.9
[30,50]   [40,60,10] (25)   18070.8
[30,50]   [40,60,10] (30)   18064.4
[30,50]   [40,60,15] (0)   18132.5
[30,50]   [40,60,15] (5)   18114.5
[30,50]   [40,60,15] (10)   17849.4
[30,50]   [40,60,15] (15)   17899.1
[30,50]   [40,60,15] (20)   18165.2
[30,50]   [40,60,15] (25)   18474.3
[30,50]   [40,60,15] (30)   18180.8
[30,50]   [40,60,20] (0)   18131.4
[30,50]   [40,60,20] (5)   18220.5
[30,50]   [40,60,20] (10)   18283.1
[30,50]   [40,60,20] (15)   18076.8
[30,50]   [40,60,20] (20)   18101.9
[30,50]   [40,60,20] (25)   18041.6
[30,50]   [40,60,20] (30)   17961.4
[30,50]   [50,10,5] (0)   30977.9
[30,50]   [50,10,5] (5)   20357.5
[30,50]   [50,10,5] (10)   3274.64
[30,50]   [50,10,5] (15)   1516.34
[30,50]   [50,10,5] (20)   694.035
[30,50]   [50,10,5] (25)   215.745
[30,50]   [50,10,5] (30)   132.837
[30,50]   [50,10,10] (0)   31410.9
[30,50]   [50,10,10] (5)   22531.2
[30,50]   [50,10,10] (10)   10316.5
[30,50]   [50,10,10] (15)   6523.27
[30,50]   [50,10,10] (20)   6124.61
[30,50]   [50,10,10] (25)   5842.38
[30,50]   [50,10,10] (30)   5646.4
[30,50]   [50,10,15] (0)   31294.7
[30,50]   [50,10,15] (5)   16244.8
[30,50]   [50,10,15] (10)   6943.15
[30,50]   [50,10,15] (15)   5001.7
[30,50]   [50,10,15] (20)   4857.58
[30,50]   [50,10,15] (25)   4730.58
[30,50]   [50,10,15] (30)   4208.9
[30,50]   [50,10,20] (0)   31611.9
[30,50]   [50,10,20] (5)   16744.1
[30,50]   [50,10,20] (10)   7154.34
[30,50]   [50,10,20] (15)   7656.26
[30,50]   [50,10,20] (20)   7386.32
[30,50]   [50,10,20] (25)   7302.49
[30,50]   [50,10,20] (30)   7418.63
[30,50]   [50,20,5] (0)   21529.9
[30,50]   [50,20,5] (5)   21489.8
[30,50]   [50,20,5] (10)   16938.6
[30,50]   [50,20,5] (15)   4182.65
[30,50]   [50,20,5] (20)   2258.23
[30,50]   [50,20,5] (25)   1315.22
[30,50]   [50,20,5] (30)   555.411
[30,50]   [50,20,10] (0)   21431.2
[30,50]   [50,20,10] (5)   21374.6
[30,50]   [50,20,10] (10)   18372.4
[30,50]   [50,20,10] (15)   7614.27
[30,50]   [50,20,10] (20)   7031.8
[30,50]   [50,20,10] (25)   6607.89
[30,50]   [50,20,10] (30)   6312.55
[30,50]   [50,20,15] (0)   21587.5
[30,50]   [50,20,15] (5)   21371.1
[30,50]   [50,20,15] (10)   15775.4
[30,50]   [50,20,15] (15)   6331.14
[30,50]   [50,20,15] (20)   5840.26
[30,50]   [50,20,15] (25)   5385.09
[30,50]   [50,20,15] (30)   5153.35
[30,50]   [50,20,20] (0)   21678
[30,50]   [50,20,20] (5)   21595.4
[30,50]   [50,20,20] (10)   16951.4
[30,50]   [50,20,20] (15)   8318.86
[30,50]   [50,20,20] (20)   8232.59
[30,50]   [50,20,20] (25)   8145.39
[30,50]   [50,20,20] (30)   7959.42
[30,50]   [50,30,5] (0)   14960.9
[30,50]   [50,30,5] (5)   15205.3
[30,50]   [50,30,5] (10)   15220.5
[30,50]   [50,30,5] (15)   10900.7
[30,50]   [50,30,5] (20)   5458.01
[30,50]   [50,30,5] (25)   3210.38
[30,50]   [50,30,5] (30)   1914.75
[30,50]   [50,30,10] (0)   15134.2
[30,50]   [50,30,10] (5)   15165.2
[30,50]   [50,30,10] (10)   15146.4
[30,50]   [50,30,10] (15)   11971.4
[30,50]   [50,30,10] (20)   8381.08
[30,50]   [50,30,10] (25)   7722.75
[30,50]   [50,30,10] (30)   7218.68
[30,50]   [50,30,15] (0)   15029.9
[30,50]   [50,30,15] (5)   15088.4
[30,50]   [50,30,15] (10)   15103
[30,50]   [50,30,15] (15)   10299.1
[30,50]   [50,30,15] (20)   7069.75
[30,50]   [50,30,15] (25)   6646.04
[30,50]   [50,30,15] (30)   6177.8
[30,50]   [50,30,20] (0)   15252.2
[30,50]   [50,30,20] (5)   15252.4
[30,50]   [50,30,20] (10)   15072.5
[30,50]   [50,30,20] (15)   10596
[30,50]   [50,30,20] (20)   8536.98
[30,50]   [50,30,20] (25)   8444.85
[30,50]   [50,30,20] (30)   8447.16
[30,50]   [50,40,5] (0)   9893.07
[30,50]   [50,40,5] (5)   9824.52
[30,50]   [50,40,5] (10)   9843.72
[30,50]   [50,40,5] (15)   9628.24
[30,50]   [50,40,5] (20)   9028.55
[30,50]   [50,40,5] (25)   6797.85
[30,50]   [50,40,5] (30)   4361.15
[30,50]   [50,40,10] (0)   9782.66
[30,50]   [50,40,10] (5)   9904.6
[30,50]   [50,40,10] (10)   9832.53
[30,50]   [50,40,10] (15)   9681.04
[30,50]   [50,40,10] (20)   9671.23
[30,50]   [50,40,10] (25)   9003.45
[30,50]   [50,40,10] (30)   8252.41
[30,50]   [50,40,15] (0)   9760.28
[30,50]   [50,40,15] (5)   9766.91
[30,50]   [50,40,15] (10)   9819.04
[30,50]   [50,40,15] (15)   9781.02
[30,50]   [50,40,15] (20)   9122.58
[30,50]   [50,40,15] (25)   7936.94
[30,50]   [50,40,15] (30)   7346.66
[30,50]   [50,40,20] (0)   9957.28
[30,50]   [50,40,20] (5)   9941.98
[30,50]   [50,40,20] (10)   10195.2
[30,50]   [50,40,20] (15)   9863.97
[30,50]   [50,40,20] (20)   9680.32
[30,50]   [50,40,20] (25)   9539.13
[30,50]   [50,40,20] (30)   9295.14
[30,50]   [50,50,5] (0)   10369
[30,50]   [50,50,5] (5)   10298.2
[30,50]   [50,50,5] (10)   10362.3
[30,50]   [50,50,5] (15)   10415.1
[30,50]   [50,50,5] (20)   10403.3
[30,50]   [50,50,5] (25)   9710.25
[30,50]   [50,50,5] (30)   8441.35
[30,50]   [50,50,10] (0)   10473.4
[30,50]   [50,50,10] (5)   10447.3
[30,50]   [50,50,10] (10)   10631.4
[30,50]   [50,50,10] (15)   10507.5
[30,50]   [50,50,10] (20)   10569.2
[30,50]   [50,50,10] (25)   10394.9
[30,50]   [50,50,10] (30)   9864.52
[30,50]   [50,50,15] (0)   10391.1
[30,50]   [50,50,15] (5)   10548.4
[30,50]   [50,50,15] (10)   10531.8
[30,50]   [50,50,15] (15)   10472.7
[30,50]   [50,50,15] (20)   10276.4
[30,50]   [50,50,15] (25)   9777.42
[30,50]   [50,50,15] (30)   9066.14
[30,50]   [50,50,20] (0)   10513
[30,50]   [50,50,20] (5)   10379.9
[30,50]   [50,50,20] (10)   10530
[30,50]   [50,50,20] (15)   10521.9
[30,50]   [50,50,20] (20)   10416.5
[30,50]   [50,50,20] (25)   10543
[30,50]   [50,50,20] (30)   10119.9
[30,50]   [50,60,5] (0)   11571.6
[30,50]   [50,60,5] (5)   11944
[30,50]   [50,60,5] (10)   10622.3
[30,50]   [50,60,5] (15)   11840.1
[30,50]   [50,60,5] (20)   11974.9
[30,50]   [50,60,5] (25)   11846.7
[30,50]   [50,60,5] (30)   11867.1
[30,50]   [50,60,10] (0)   11538.1
[30,50]   [50,60,10] (5)   11799.8
[30,50]   [50,60,10] (10)   11900.7
[30,50]   [50,60,10] (15)   11873.8
[30,50]   [50,60,10] (20)   11677.2
[30,50]   [50,60,10] (25)   12087.6
[30,50]   [50,60,10] (30)   12039.3
[30,50]   [50,60,15] (0)   11763.3
[30,50]   [50,60,15] (5)   11855.9
[30,50]   [50,60,15] (10)   11632
[30,50]   [50,60,15] (15)   12134.4
[30,50]   [50,60,15] (20)   12138.2
[30,50]   [50,60,15] (25)   11885.1
[30,50]   [50,60,15] (30)   11852.6
[30,50]   [50,60,20] (0)   12052.9
[30,50]   [50,60,20] (5)   12205.8
[30,50]   [50,60,20] (10)   12035.7
[30,50]   [50,60,20] (15)   11705.3
[30,50]   [50,60,20] (20)   12061.4
[30,50]   [50,60,20] (25)   11740.4
[30,50]   [50,60,20] (30)   11752.8
[30,50]   [60,10,5] (0)   36181.5
[30,50]   [60,10,5] (5)   24674.3
[30,50]   [60,10,5] (10)   7226.42
[30,50]   [60,10,5] (15)   2053.65
[30,50]   [60,10,5] (20)   1156.98
[30,50]   [60,10,5] (25)   495.141
[30,50]   [60,10,5] (30)   190.853
[30,50]   [60,10,10] (0)   35950.1
[30,50]   [60,10,10] (5)   27608.6
[30,50]   [60,10,10] (10)   15123.9
[30,50]   [60,10,10] (15)   7060.16
[30,50]   [60,10,10] (20)   6660.65
[30,50]   [60,10,10] (25)   6290.83
[30,50]   [60,10,10] (30)   6117.9
[30,50]   [60,10,15] (0)   36454
[30,50]   [60,10,15] (5)   21969.7
[30,50]   [60,10,15] (10)   11868
[30,50]   [60,10,15] (15)   5659.56
[30,50]   [60,10,15] (20)   5524.25
[30,50]   [60,10,15] (25)   5084.58
[30,50]   [60,10,15] (30)   4902.37
[30,50]   [60,10,20] (0)   36484.7
[30,50]   [60,10,20] (5)   22658.5
[30,50]   [60,10,20] (10)   9938.35
[30,50]   [60,10,20] (15)   8506.71
[30,50]   [60,10,20] (20)   8059.97
[30,50]   [60,10,20] (25)   8000.02
[30,50]   [60,10,20] (30)   8043.33
[30,50]   [60,20,5] (0)   31374.3
[30,50]   [60,20,5] (5)   31051
[30,50]   [60,20,5] (10)   23455.7
[30,50]   [60,20,5] (15)   8161.45
[30,50]   [60,20,5] (20)   2829.96
[30,50]   [60,20,5] (25)   1680.17
[30,50]   [60,20,5] (30)   978.507
[30,50]   [60,20,10] (0)   30851.4
[30,50]   [60,20,10] (5)   31333.1
[30,50]   [60,20,10] (10)   25596.1
[30,50]   [60,20,10] (15)   12661.9
[30,50]   [60,20,10] (20)   7636.33
[30,50]   [60,20,10] (25)   7150.79
[30,50]   [60,20,10] (30)   6708.53
[30,50]   [60,20,15] (0)   31309.9
[30,50]   [60,20,15] (5)   31245.8
[30,50]   [60,20,15] (10)   22538.9
[30,50]   [60,20,15] (15)   8361.01
[30,50]   [60,20,15] (20)   6289.96
[30,50]   [60,20,15] (25)   5855.7
[30,50]   [60,20,15] (30)   5623.88
[30,50]   [60,20,20] (0)   31336.8
[30,50]   [60,20,20] (5)   30978.8
[30,50]   [60,20,20] (10)   24837.2
[30,50]   [60,20,20] (15)   8987.48
[30,50]   [60,20,20] (20)   8697.1
[30,50]   [60,20,20] (25)   8644.21
[30,50]   [60,20,20] (30)   8391.19
[30,50]   [60,30,5] (0)   18789.8
[30,50]   [60,30,5] (5)   18915.1
[30,50]   [60,30,5] (10)   18258.3
[30,50]   [60,30,5] (15)   16492.1
[30,50]   [60,30,5] (20)   6019.77
[30,50]   [60,30,5] (25)   3681.88
[30,50]   [60,30,5] (30)   2397
[30,50]   [60,30,10] (0)   18799.3
[30,50]   [60,30,10] (5)   18884.6
[30,50]   [60,30,10] (10)   18795.8
[30,50]   [60,30,10] (15)   17386.2
[30,50]   [60,30,10] (20)   9241.13
[30,50]   [60,30,10] (25)   8129.49
[30,50]   [60,30,10] (30)   7613.88
[30,50]   [60,30,15] (0)   18624
[30,50]   [60,30,15] (5)   18714.8
[30,50]   [60,30,15] (10)   18680.4
[30,50]   [60,30,15] (15)   15752.8
[30,50]   [60,30,15] (20)   7657.13
[30,50]   [60,30,15] (25)   7135.23
[30,50]   [60,30,15] (30)   6379.4
[30,50]   [60,30,20] (0)   18595.8
[30,50]   [60,30,20] (5)   18603
[30,50]   [60,30,20] (10)   18785
[30,50]   [60,30,20] (15)   16524.3
[30,50]   [60,30,20] (20)   9395.53
[30,50]   [60,30,20] (25)   8924.62
[30,50]   [60,30,20] (30)   8857.49
[30,50]   [60,40,5] (0)   11459.9
[30,50]   [60,40,5] (5)   11575.5
[30,50]   [60,40,5] (10)   11620.2
[30,50]   [60,40,5] (15)   11460.7
[30,50]   [60,40,5] (20)   10650.5
[30,50]   [60,40,5] (25)   7357.36
[30,50]   [60,40,5] (30)   4851.9
[30,50]   [60,40,10] (0)   11255.1
[30,50]   [60,40,10] (5)   11553
[30,50]   [60,40,10] (10)   11390
[30,50]   [60,40,10] (15)   11525.9
[30,50]   [60,40,10] (20)   10900.8
[30,50]   [60,40,10] (25)   9720.08
[30,50]   [60,40,10] (30)   8732.58
[30,50]   [60,40,15] (0)   11505.9
[30,50]   [60,40,15] (5)   11490.2
[30,50]   [60,40,15] (10)   11658.7
[30,50]   [60,40,15] (15)   11573.1
[30,50]   [60,40,15] (20)   10037.8
[30,50]   [60,40,15] (25)   8667.04
[30,50]   [60,40,15] (30)   7751.3
[30,50]   [60,40,20] (0)   11598.2
[30,50]   [60,40,20] (5)   11566.6
[30,50]   [60,40,20] (10)   11529.5
[30,50]   [60,40,20] (15)   11356.6
[30,50]   [60,40,20] (20)   10383.2
[30,50]   [60,40,20] (25)   9916.39
[30,50]   [60,40,20] (30)   9646.54
[30,50]   [60,50,5] (0)   10934.9
[30,50]   [60,50,5] (5)   11070.6
[30,50]   [60,50,5] (10)   10919.6
[30,50]   [60,50,5] (15)   10955.1
[30,50]   [60,50,5] (20)   11005.8
[30,50]   [60,50,5] (25)   10360
[30,50]   [60,50,5] (30)   8691.67
[30,50]   [60,50,10] (0)   10871.6
[30,50]   [60,50,10] (5)   10989.1
[30,50]   [60,50,10] (10)   10947.2
[30,50]   [60,50,10] (15)   10740.5
[30,50]   [60,50,10] (20)   10967.7
[30,50]   [60,50,10] (25)   11047.3
[30,50]   [60,50,10] (30)   10433.3
[30,50]   [60,50,15] (0)   10802
[30,50]   [60,50,15] (5)   11024.5
[30,50]   [60,50,15] (10)   10896.5
[30,50]   [60,50,15] (15)   11024.3
[30,50]   [60,50,15] (20)   10737.4
[30,50]   [60,50,15] (25)   10375
[30,50]   [60,50,15] (30)   9446.61
[30,50]   [60,50,20] (0)   10926.8
[30,50]   [60,50,20] (5)   11139
[30,50]   [60,50,20] (10)   11087.8
[30,50]   [60,50,20] (15)   10935.2
[30,50]   [60,50,20] (20)   11151.9
[30,50]   [60,50,20] (25)   10882.3
[30,50]   [60,50,20] (30)   10485.2
[30,50]   [60,60,5] (0)   11468.5
[30,50]   [60,60,5] (5)   11314.7
[30,50]   [60,60,5] (10)   11585
[30,50]   [60,60,5] (15)   11493.5
[30,50]   [60,60,5] (20)   11435.8
[30,50]   [60,60,5] (25)   11498.2
[30,50]   [60,60,5] (30)   10799.2
[30,50]   [60,60,10] (0)   11361.8
[30,50]   [60,60,10] (5)   11466.1
[30,50]   [60,60,10] (10)   11402.1
[30,50]   [60,60,10] (15)   11498.8
[30,50]   [60,60,10] (20)   11526.3
[30,50]   [60,60,10] (25)   11357.8
[30,50]   [60,60,10] (30)   11286.4
[30,50]   [60,60,15] (0)   11335
[30,50]   [60,60,15] (5)   11426.3
[30,50]   [60,60,15] (10)   11550.7
[30,50]   [60,60,15] (15)   11453
[30,50]   [60,60,15] (20)   11219.4
[30,50]   [60,60,15] (25)   11239.7
[30,50]   [60,60,15] (30)   11125
[30,50]   [60,60,20] (0)   11388.3
[30,50]   [60,60,20] (5)   11504.8
[30,50]   [60,60,20] (10)   11292
[30,50]   [60,60,20] (15)   11501
[30,50]   [60,60,20] (20)   11489.7
[30,50]   [60,60,20] (25)   11415.3
[30,50]   [60,60,20] (30)   11453.4
