[60,50]   [10,10,5] (0)   98.8903
[60,50]   [10,10,5] (5)   74.3683
[60,50]   [10,10,5] (10)   71.8717
[60,50]   [10,10,5] (15)   81.7242
[60,50]   [10,10,5] (20)   91.5457
[60,50]   [10,10,5] (25)   101.564
[60,50]   [10,10,5] (30)   111.448
[60,50]   [10,10,10] (0)   99.6093
[60,50]   [10,10,10] (5)   83.714
[60,50]   [10,10,10] (10)   89.0299
[60,50]   [10,10,10] (15)   97.5467
[60,50]   [10,10,10] (20)   106.244
[60,50]   [10,10,10] (25)   114.772
[60,50]   [10,10,10] (30)   123.989
[60,50]   [10,10,15] (0)   98.4518
[60,50]   [10,10,15] (5)   85.9418
[60,50]   [10,10,15] (10)   92.4904
[60,50]   [10,10,15] (15)   101.578
[60,50]   [10,10,15] (20)   110.409
[60,50]   [10,10,15] (25)   119.248
[60,50]   [10,10,15] (30)   128.419
[60,50]   [10,10,20] (0)   97.3578
[60,50]   [10,10,20] (5)   94.864
[60,50]   [10,10,20] (10)   102.358
[60,50]   [10,10,20] (15)   110.945
[60,50]   [10,10,20] (20)   119.853
[60,50]   [10,10,20] (25)   128.058
[60,50]   [10,10,20] (30)   136.587
[60,50]   [10,20,5] (0)   8162.91
[60,50]   [10,20,5] (5)   8196.69
[60,50]   [10,20,5] (10)   8186.49
[60,50]   [10,20,5] (15)   8311.58
[60,50]   [10,20,5] (20)   8276.1
[60,50]   [10,20,5] (25)   8043
[60,50]   [10,20,5] (30)   7376.3
[60,50]   [10,20,10] (0)   8098.99
[60,50]   [10,20,10] (5)   8131.48
[60,50]   [10,20,10] (10)   8271.14
[60,50]   [10,20,10] (15)   8266.57
[60,50]   [10,20,10] (20)   8255.99
[60,50]   [10,20,10] (25)   8270.67
[60,50]   [10,20,10] (30)   8299.33
[60,50]   [10,20,15] (0)   8114.19
[60,50]   [10,20,15] (5)   8101.18
[60,50]   [10,20,15] (10)   8181.66
[60,50]   [10,20,15] (15)   8196.18
[60,50]   [10,20,15] (20)   8343.85
[60,50]   [10,20,15] (25)   7607.01
[60,50]   [10,20,15] (30)   6461.85
[60,50]   [10,20,20] (0)   8248.54
[60,50]   [10,20,20] (5)   8239.6
[60,50]   [10,20,20] (10)   8201.22
[60,50]   [10,20,20] (15)   8285.08
[60,50]   [10,20,20] (20)   8234.8
[60,50]   [10,20,20] (25)   8242.69
[60,50]   [10,20,20] (30)   8174.9
[60,50]   [10,30,5] (0)   17654.2
[60,50]   [10,30,5] (5)   17691.2
[60,50]   [10,30,5] (10)   17704.3
[60,50]   [10,30,5] (15)   17619.7
[60,50]   [10,30,5] (20)   17723.4
[60,50]   [10,30,5] (25)   17722.3
[60,50]   [10,30,5] (30)   16228.6
[60,50]   [10,30,10] (0)   17637.5
[60,50]   [10,30,10] (5)   17645.5
[60,50]   [10,30,10] (10)   17576.1
[60,50]   [10,30,10] (15)   17526.8
[60,50]   [10,30,10] (20)   17566.8
[60,50]   [10,30,10] (25)   17690.5
[60,50]   [10,30,10] (30)   17647.3
[60,50]   [10,30,15] (0)   17718.4
[60,50]   [10,30,15] (5)   17649.5
[60,50]   [10,30,15] (10)   17590.7
[60,50]   [10,30,15] (15)   17574.8
[60,50]   [10,30,15] (20)   17767.8
[60,50]   [10,30,15] (25)   17665.3
[60,50]   [10,30,15] (30)   15930.4
[60,50]   [10,30,20] (0)   17705.9
[60,50]   [10,30,20] (5)   17639.6
[60,50]   [10,30,20] (10)   17675.2
[60,50]   [10,30,20] (15)   17765.2
[60,50]   [10,30,20] (20)   17784.3
[60,50]   [10,30,20] (25)   17699.9
[60,50]   [10,30,20] (30)   17625.2
[60,50]   [10,40,5] (0)   26420.4
[60,50]   [10,40,5] (5)   26373.5
[60,50]   [10,40,5] (10)   26305.2
[60,50]   [10,40,5] (15)   26301.2
[60,50]   [10,40,5] (20)   26439.2
[60,50]   [10,40,5] (25)   26246.1
[60,50]   [10,40,5] (30)   26451.1
[60,50]   [10,40,10] (0)   26249.4
[60,50]   [10,40,10] (5)   26403.9
[60,50]   [10,40,10] (10)   26457.4
[60,50]   [10,40,10] (15)   26433.4
[60,50]   [10,40,10] (20)   26416.6
[60,50]   [10,40,10] (25)   26416.2
[60,50]   [10,40,10] (30)   26361.4
[60,50]   [10,40,15] (0)   26399.8
[60,50]   [10,40,15] (5)   26314.6
[60,50]   [10,40,15] (10)   26276.4
[60,50]   [10,40,15] (15)   26431.1
[60,50]   [10,40,15] (20)   26446.9
[60,50]   [10,40,15] (25)   26364.2
[60,50]   [10,40,15] (30)   26375.9
[60,50]   [10,40,20] (0)   26379.9
[60,50]   [10,40,20] (5)   26424.6
[60,50]   [10,40,20] (10)   26342.1
[60,50]   [10,40,20] (15)   26458.1
[60,50]   [10,40,20] (20)   26377.5
[60,50]   [10,40,20] (25)   26310.8
[60,50]   [10,40,20] (30)   26431.2
[60,50]   [10,50,5] (0)   33503
[60,50]   [10,50,5] (5)   33509.4
[60,50]   [10,50,5] (10)   33460.1
[60,50]   [10,50,5] (15)   33531.2
[60,50]   [10,50,5] (20)   33454.8
[60,50]   [10,50,5] (25)   33469.2
[60,50]   [10,50,5] (30)   33514.7
[60,50]   [10,50,10] (0)   33539.2
[60,50]   [10,50,10] (5)   33527.8
[60,50]   [10,50,10] (10)   33529.3
[60,50]   [10,50,10] (15)   33530.4
[60,50]   [10,50,10] (20)   33505.7
[60,50]   [10,50,10] (25)   33493.5
[60,50]   [10,50,10] (30)   33510.2
[60,50]   [10,50,15] (0)   33487.5
[60,50]   [10,50,15] (5)   33492.6
[60,50]   [10,50,15] (10)   33507
[60,50]   [10,50,15] (15)   33508.5
[60,50]   [10,50,15] (20)   33491
[60,50]   [10,50,15] (25)   33481.8
[60,50]   [10,50,15] (30)   33546.3
[60,50]   [10,50,20] (0)   33482
[60,50]   [10,50,20] (5)   33534.8
[60,50]   [10,50,20] (10)   33486.8
[60,50]   [10,50,20] (15)   33490
[60,50]   [10,50,20] (20)   33350.2
[60,50]   [10,50,20] (25)   33450.1
[60,50]   [10,50,20] (30)   33493.8
[60,50]   [10,60,5] (0)   39737.1
[60,50]   [10,60,5] (5)   39799.9
[60,50]   [10,60,5] (10)   39783.2
[60,50]   [10,60,5] (15)   39765.8
[60,50]   [10,60,5] (20)   39747.9
[60,50]   [10,60,5] (25)   39781
[60,50]   [10,60,5] (30)   39725.3
[60,50]   [10,60,10] (0)   39774.3
[60,50]   [10,60,10] (5)   39709.8
[60,50]   [10,60,10] (10)   39718.3
[60,50]   [10,60,10] (15)   39704.5
[60,50]   [10,60,10] (20)   39732.3
[60,50]   [10,60,10] (25)   39780.7
[60,50]   [10,60,10] (30)   39776.7
[60,50]   [10,60,15] (0)   39773.7
[60,50]   [10,60,15] (5)   39699.6
[60,50]   [10,60,15] (10)   39732
[60,50]   [10,60,15] (15)   39742.2
[60,50]   [10,60,15] (20)   39783.6
[60,50]   [10,60,15] (25)   39781.6
[60,50]   [10,60,15] (30)   39778
[60,50]   [10,60,20] (0)   39754.1
[60,50]   [10,60,20] (5)   39743.8
[60,50]   [10,60,20] (10)   39747.7
[60,50]   [10,60,20] (15)   39766.6
[60,50]   [10,60,20] (20)   39708.4
[60,50]   [10,60,20] (25)   39562.6
[60,50]   [10,60,20] (30)   39743.9
[60,50]   [20,10,5] (0)   7601.73
[60,50]   [20,10,5] (5)   1696.6
[60,50]   [20,10,5] (10)   74.9817
[60,50]   [20,10,5] (15)   76.6373
[60,50]   [20,10,5] (20)   86.8711
[60,50]   [20,10,5] (25)   96.8355
[60,50]   [20,10,5] (30)   106.492
[60,50]   [20,10,10] (0)   7637.62
[60,50]   [20,10,10] (5)   1564.9
[60,50]   [20,10,10] (10)   94.0177
[60,50]   [20,10,10] (15)   97.2391
[60,50]   [20,10,10] (20)   104.762
[60,50]   [20,10,10] (25)   112.997
[60,50]   [20,10,10] (30)   121.647
[60,50]   [20,10,15] (0)   7752.36
[60,50]   [20,10,15] (5)   123.085
[60,50]   [20,10,15] (10)   97.9921
[60,50]   [20,10,15] (15)   103.93
[60,50]   [20,10,15] (20)   111.689
[60,50]   [20,10,15] (25)   120.08
[60,50]   [20,10,15] (30)   128.344
[60,50]   [20,10,20] (0)   7732.55
[60,50]   [20,10,20] (5)   146.031
[60,50]   [20,10,20] (10)   110.866
[60,50]   [20,10,20] (15)   116.57
[60,50]   [20,10,20] (20)   124.174
[60,50]   [20,10,20] (25)   132.46
[60,50]   [20,10,20] (30)   140.216
[60,50]   [20,20,5] (0)   137.01
[60,50]   [20,20,5] (5)   140.091
[60,50]   [20,20,5] (10)   122.37
[60,50]   [20,20,5] (15)   108.383
[60,50]   [20,20,5] (20)   114.559
[60,50]   [20,20,5] (25)   122.958
[60,50]   [20,20,5] (30)   131.711
[60,50]   [20,20,10] (0)   137.694
[60,50]   [20,20,10] (5)   137.304
[60,50]   [20,20,10] (10)   126.176
[60,50]   [20,20,10] (15)   122.966
[60,50]   [20,20,10] (20)   130.403
[60,50]   [20,20,10] (25)   138.51
[60,50]   [20,20,10] (30)   146.321
[60,50]   [20,20,15] (0)   136.646
[60,50]   [20,20,15] (5)   136.501
[60,50]   [20,20,15] (10)   123.447
[60,50]   [20,20,15] (15)   125.605
[60,50]   [20,20,15] (20)   133.029
[60,50]   [20,20,15] (25)   140.806
[60,50]   [20,20,15] (30)   148.312
[60,50]   [20,20,20] (0)   136.301
[60,50]   [20,20,20] (5)   136.776
[60,50]   [20,20,20] (10)   130.151
[60,50]   [20,20,20] (15)   134.992
[60,50]   [20,20,20] (20)   142.366
[60,50]   [20,20,20] (25)   150.78
[60,50]   [20,20,20] (30)   158.03
[60,50]   [20,30,5] (0)   5838.32
[60,50]   [20,30,5] (5)   6036.28
[60,50]   [20,30,5] (10)   5881.35
[60,50]   [20,30,5] (15)   5894.61
[60,50]   [20,30,5] (20)   5937.57
[60,50]   [20,30,5] (25)   5856.59
[60,50]   [20,30,5] (30)   5294.48
[60,50]   [20,30,10] (0)   5911.8
[60,50]   [20,30,10] (5)   5746.29
[60,50]   [20,30,10] (10)   5900.78
[60,50]   [20,30,10] (15)   5974.88
[60,50]   [20,30,10] (20)   5912
[60,50]   [20,30,10] (25)   5966.82
[60,50]   [20,30,10] (30)   5988.87
[60,50]   [20,30,15] (0)   5850.99
[60,50]   [20,30,15] (5)   5823.64
[60,50]   [20,30,15] (10)   5842.14
[60,50]   [20,30,15] (15)   5861.1
[60,50]   [20,30,15] (20)   5871.24
[60,50]   [20,30,15] (25)   5982.32
[60,50]   [20,30,15] (30)   4869.16
[60,50]   [20,30,20] (0)   5895.15
[60,50]   [20,30,20] (5)   5886.62
[60,50]   [20,30,20] (10)   5844.03
[60,50]   [20,30,20] (15)   5980.85
[60,50]   [20,30,20] (20)   5834.45
[60,50]   [20,30,20] (25)   5837.35
[60,50]   [20,30,20] (30)   5948.65
[60,50]   [20,40,5] (0)   14946.2
[60,50]   [20,40,5] (5)   14835.9
[60,50]   [20,40,5] (10)   14840.6
[60,50]   [20,40,5] (15)   14788.3
[60,50]   [20,40,5] (20)   14682.9
[60,50]   [20,40,5] (25)   14806.3
[60,50]   [20,40,5] (30)   14698
[60,50]   [20,40,10] (0)   14835.5
[60,50]   [20,40,10] (5)   14874
[60,50]   [20,40,10] (10)   14641.2
[60,50]   [20,40,10] (15)   14826.7
[60,50]   [20,40,10] (20)   14834.7
[60,50]   [20,40,10] (25)   14948.9
[60,50]   [20,40,10] (30)   14854
[60,50]   [20,40,15] (0)   14830.3
[60,50]   [20,40,15] (5)   14681.9
[60,50]   [20,40,15] (10)   14810
[60,50]   [20,40,15] (15)   14890.5
[60,50]   [20,40,15] (20)   14872.8
[60,50]   [20,40,15] (25)   14858.3
[60,50]   [20,40,15] (30)   14399.4
[60,50]   [20,40,20] (0)   14889.7
[60,50]   [20,40,20] (5)   14778.7
[60,50]   [20,40,20] (10)   14761.5
[60,50]   [20,40,20] (15)   14750
[60,50]   [20,40,20] (20)   14790.6
[60,50]   [20,40,20] (25)   14735.3
[60,50]   [20,40,20] (30)   14979
[60,50]   [20,50,5] (0)   22039.7
[60,50]   [20,50,5] (5)   22201.2
[60,50]   [20,50,5] (10)   22145.9
[60,50]   [20,50,5] (15)   21905.5
[60,50]   [20,50,5] (20)   22056.2
[60,50]   [20,50,5] (25)   22074.4
[60,50]   [20,50,5] (30)   22161
[60,50]   [20,50,10] (0)   22180.2
[60,50]   [20,50,10] (5)   22121.6
[60,50]   [20,50,10] (10)   22118.3
[60,50]   [20,50,10] (15)   22085.1
[60,50]   [20,50,10] (20)   21975.3
[60,50]   [20,50,10] (25)   22136.6
[60,50]   [20,50,10] (30)   21997.4
[60,50]   [20,50,15] (0)   22089.9
[60,50]   [20,50,15] (5)   22131.4
[60,50]   [20,50,15] (10)   22046.4
[60,50]   [20,50,15] (15)   22063.5
[60,50]   [20,50,15] (20)   22196.8
[60,50]   [20,50,15] (25)   22231.7
[60,50]   [20,50,15] (30)   22120.7
[60,50]   [20,50,20] (0)   22099.8
[60,50]   [20,50,20] (5)   22073.4
[60,50]   [20,50,20] (10)   22011.1
[60,50]   [20,50,20] (15)   21990.8
[60,50]   [20,50,20] (20)   22056.9
[60,50]   [20,50,20] (25)   22120.7
[60,50]   [20,50,20] (30)   22112.8
[60,50]   [20,60,5] (0)   28743
[60,50]   [20,60,5] (5)   28404.3
[60,50]   [20,60,5] (10)   28605.1
[60,50]   [20,60,5] (15)   28788.7
[60,50]   [20,60,5] (20)   28774.7
[60,50]   [20,60,5] (25)   28615
[60,50]   [20,60,5] (30)   28557
[60,50]   [20,60,10] (0)   28725.1
[60,50]   [20,60,10] (5)   28475.3
[60,50]   [20,60,10] (10)   28714.1
[60,50]   [20,60,10] (15)   28663.1
[60,50]   [20,60,10] (20)   28710.2
[60,50]   [20,60,10] (25)   28640.3
[60,50]   [20,60,10] (30)   28625.2
[60,50]   [20,60,15] (0)   28575.8
[60,50]   [20,60,15] (5)   28645.9
[60,50]   [20,60,15] (10)   28744.4
[60,50]   [20,60,15] (15)   28547.7
[60,50]   [20,60,15] (20)   28282.7
[60,50]   [20,60,15] (25)   28607.4
[60,50]   [20,60,15] (30)   28520.6
[60,50]   [20,60,20] (0)   28561.3
[60,50]   [20,60,20] (5)   28770.1
[60,50]   [20,60,20] (10)   28649
[60,50]   [20,60,20] (15)   28561.5
[60,50]   [20,60,20] (20)   28478.3
[60,50]   [20,60,20] (25)   28621
[60,50]   [20,60,20] (30)   28592.4
[60,50]   [30,10,5] (0)   14237.7
[60,50]   [30,10,5] (5)   7285.52
[60,50]   [30,10,5] (10)   90.2095
[60,50]   [30,10,5] (15)   83.3432
[60,50]   [30,10,5] (20)   84.9098
[60,50]   [30,10,5] (25)   91.8082
[60,50]   [30,10,5] (30)   101.969
[60,50]   [30,10,10] (0)   14275.1
[60,50]   [30,10,10] (5)   7414.82
[60,50]   [30,10,10] (10)   124.664
[60,50]   [30,10,10] (15)   103.43
[60,50]   [30,10,10] (20)   104.925
[60,50]   [30,10,10] (25)   111.477
[60,50]   [30,10,10] (30)   119.939
[60,50]   [30,10,15] (0)   14344.7
[60,50]   [30,10,15] (5)   3691.41
[60,50]   [30,10,15] (10)   109.171
[60,50]   [30,10,15] (15)   109.674
[60,50]   [30,10,15] (20)   113.098
[60,50]   [30,10,15] (25)   120.319
[60,50]   [30,10,15] (30)   128.325
[60,50]   [30,10,20] (0)   14311.4
[60,50]   [30,10,20] (5)   3173.21
[60,50]   [30,10,20] (10)   117.398
[60,50]   [30,10,20] (15)   118.731
[60,50]   [30,10,20] (20)   126.468
[60,50]   [30,10,20] (25)   133.527
[60,50]   [30,10,20] (30)   141.375
[60,50]   [30,20,5] (0)   6349.62
[60,50]   [30,20,5] (5)   6273.22
[60,50]   [30,20,5] (10)   3918.05
[60,50]   [30,20,5] (15)   118.517
[60,50]   [30,20,5] (20)   102.058
[60,50]   [30,20,5] (25)   105.289
[60,50]   [30,20,5] (30)   113.47
[60,50]   [30,20,10] (0)   6323.98
[60,50]   [30,20,10] (5)   6285.75
[60,50]   [30,20,10] (10)   4339.47
[60,50]   [30,20,10] (15)   129.814
[60,50]   [30,20,10] (20)   122.225
[60,50]   [30,20,10] (25)   127.129
[60,50]   [30,20,10] (30)   134.937
[60,50]   [30,20,15] (0)   6345.49
[60,50]   [30,20,15] (5)   6273.54
[60,50]   [30,20,15] (10)   2772.94
[60,50]   [30,20,15] (15)   127.955
[60,50]   [30,20,15] (20)   127.76
[60,50]   [30,20,15] (25)   133.992
[60,50]   [30,20,15] (30)   141.888
[60,50]   [30,20,20] (0)   6292.7
[60,50]   [30,20,20] (5)   6358.67
[60,50]   [30,20,20] (10)   3144.72
[60,50]   [30,20,20] (15)   138.801
[60,50]   [30,20,20] (20)   139.379
[60,50]   [30,20,20] (25)   146.539
[60,50]   [30,20,20] (30)   154.298
[60,50]   [30,30,5] (0)   171.302
[60,50]   [30,30,5] (5)   170.431
[60,50]   [30,30,5] (10)   170.654
[60,50]   [30,30,5] (15)   159.585
[60,50]   [30,30,5] (20)   135.01
[60,50]   [30,30,5] (25)   131.453
[60,50]   [30,30,5] (30)   139.137
[60,50]   [30,30,10] (0)   168.646
[60,50]   [30,30,10] (5)   170.14
[60,50]   [30,30,10] (10)   173.882
[60,50]   [30,30,10] (15)   161.607
[60,50]   [30,30,10] (20)   147.06
[60,50]   [30,30,10] (25)   150.495
[60,50]   [30,30,10] (30)   158.461
[60,50]   [30,30,15] (0)   170.153
[60,50]   [30,30,15] (5)   170.432
[60,50]   [30,30,15] (10)   172.583
[60,50]   [30,30,15] (15)   156.668
[60,50]   [30,30,15] (20)   147.137
[60,50]   [30,30,15] (25)   152.837
[60,50]   [30,30,15] (30)   160.546
[60,50]   [30,30,20] (0)   170.356
[60,50]   [30,30,20] (5)   169.535
[60,50]   [30,30,20] (10)   172.62
[60,50]   [30,30,20] (15)   161.371
[60,50]   [30,30,20] (20)   156.193
[60,50]   [30,30,20] (25)   162.886
[60,50]   [30,30,20] (30)   170.22
[60,50]   [30,40,5] (0)   3875.98
[60,50]   [30,40,5] (5)   3816.11
[60,50]   [30,40,5] (10)   3866.54
[60,50]   [30,40,5] (15)   3757.98
[60,50]   [30,40,5] (20)   3784.06
[60,50]   [30,40,5] (25)   3751.47
[60,50]   [30,40,5] (30)   3792.26
[60,50]   [30,40,10] (0)   3887.39
[60,50]   [30,40,10] (5)   3923.26
[60,50]   [30,40,10] (10)   3941.14
[60,50]   [30,40,10] (15)   3896.51
[60,50]   [30,40,10] (20)   3919.53
[60,50]   [30,40,10] (25)   3736.38
[60,50]   [30,40,10] (30)   3930.98
[60,50]   [30,40,15] (0)   3832.54
[60,50]   [30,40,15] (5)   3885.56
[60,50]   [30,40,15] (10)   3791.34
[60,50]   [30,40,15] (15)   3836.66
[60,50]   [30,40,15] (20)   3781.93
[60,50]   [30,40,15] (25)   3811.97
[60,50]   [30,40,15] (30)   3870.75
[60,50]   [30,40,20] (0)   3836.43
[60,50]   [30,40,20] (5)   3810.4
[60,50]   [30,40,20] (10)   3808.58
[60,50]   [30,40,20] (15)   3926.84
[60,50]   [30,40,20] (20)   3815.76
[60,50]   [30,40,20] (25)   3788.09
[60,50]   [30,40,20] (30)   3775.97
[60,50]   [30,50,5] (0)   11391.6
[60,50]   [30,50,5] (5)   11341.5
[60,50]   [30,50,5] (10)   11281.7
[60,50]   [30,50,5] (15)   11343.2
[60,50]   [30,50,5] (20)   11329.2
[60,50]   [30,50,5] (25)   11381.2
[60,50]   [30,50,5] (30)   11477
[60,50]   [30,50,10] (0)   11338
[60,50]   [30,50,10] (5)   11174
[60,50]   [30,50,10] (10)   11178.2
[60,50]   [30,50,10] (15)   11314.8
[60,50]   [30,50,10] (20)   11395.9
[60,50]   [30,50,10] (25)   11244.1
[60,50]   [30,50,10] (30)   11228.4
[60,50]   [30,50,15] (0)   11424.8
[60,50]   [30,50,15] (5)   11286
[60,50]   [30,50,15] (10)   11246.4
[60,50]   [30,50,15] (15)   11173.1
[60,50]   [30,50,15] (20)   11260.7
[60,50]   [30,50,15] (25)   11305.5
[60,50]   [30,50,15] (30)   11372.5
[60,50]   [30,50,20] (0)   11382.4
[60,50]   [30,50,20] (5)   11436.1
[60,50]   [30,50,20] (10)   11251.7
[60,50]   [30,50,20] (15)   11256
[60,50]   [30,50,20] (20)   11424.8
[60,50]   [30,50,20] (25)   11258.6
[60,50]   [30,50,20] (30)   11397
[60,50]   [30,60,5] (0)   18076.8
[60,50]   [30,60,5] (5)   18097
[60,50]   [30,60,5] (10)   17863.5
[60,50]   [30,60,5] (15)   18269.5
[60,50]   [30,60,5] (20)   18057.7
[60,50]   [30,60,5] (25)   18029.5
[60,50]   [30,60,5] (30)   18273.3
[60,50]   [30,60,10] (0)   18198.3
[60,50]   [30,60,10] (5)   18011.9
[60,50]   [30,60,10] (10)   17879.2
[60,50]   [30,60,10] (15)   18061.6
[60,50]   [30,60,10] (20)   18083.4
[60,50]   [30,60,10] (25)   18097.1
[60,50]   [30,60,10] (30)   17989.3
[60,50]   [30,60,15] (0)   18165.9
[60,50]   [30,60,15] (5)   18168.8
[60,50]   [30,60,15] (10)   18096.4
[60,50]   [30,60,15] (15)   18209.6
[60,50]   [30,60,15] (20)   18228.8
[60,50]   [30,60,15] (25)   18213.5
[60,50]   [30,60,15] (30)   18051.9
[60,50]   [30,60,20] (0)   18111.4
[60,50]   [30,60,20] (5)   18172.1
[60,50]   [30,60,20] (10)   18125
[60,50]   [30,60,20] (15)   18077.2
[60,50]   [30,60,20] (20)   17993.4
[60,50]   [30,60,20] (25)   17950.5
[60,50]   [30,60,20] (30)   18072.9
[60,50]   [40,10,5] (0)   19959.5
[60,50]   [40,10,5] (5)   12094
[60,50]   [40,10,5] (10)   170.936
[60,50]   [40,10,5] (15)   93.4138
[60,50]   [40,10,5] (20)   90.6851
[60,50]   [40,10,5] (25)   93.1351
[60,50]   [40,10,5] (30)   99.6101
[60,50]   [40,10,10] (0)   19987.5
[60,50]   [40,10,10] (5)   12961.2
[60,50]   [40,10,10] (10)   3717.89
[60,50]   [40,10,10] (15)   119.019
[60,50]   [40,10,10] (20)   112.306
[60,50]   [40,10,10] (25)   113.014
[60,50]   [40,10,10] (30)   118.424
[60,50]   [40,10,15] (0)   19854.1
[60,50]   [40,10,15] (5)   9107.46
[60,50]   [40,10,15] (10)   1412.44
[60,50]   [40,10,15] (15)   122.786
[60,50]   [40,10,15] (20)   119.162
[60,50]   [40,10,15] (25)   122.398
[60,50]   [40,10,15] (30)   128.123
[60,50]   [40,10,20] (0)   19891.5
[60,50]   [40,10,20] (5)   8490.39
[60,50]   [40,10,20] (10)   136.55
[60,50]   [40,10,20] (15)   133.944
[60,50]   [40,10,20] (20)   133.829
[60,50]   [40,10,20] (25)   137.133
[60,50]   [40,10,20] (30)   143.345
[60,50]   [40,20,5] (0)   12136.1
[60,50]   [40,20,5] (5)   12120.1
[60,50]   [40,20,5] (10)   9513.44
[60,50]   [40,20,5] (15)   276.731
[60,50]   [40,20,5] (20)   111.432
[60,50]   [40,20,5] (25)   104.542
[60,50]   [40,20,5] (30)   107.355
[60,50]   [40,20,10] (0)   12090.1
[60,50]   [40,20,10] (5)   12083.6
[60,50]   [40,20,10] (10)   10044.8
[60,50]   [40,20,10] (15)   1795.38
[60,50]   [40,20,10] (20)   131.362
[60,50]   [40,20,10] (25)   126.706
[60,50]   [40,20,10] (30)   129.718
[60,50]   [40,20,15] (0)   12127.4
[60,50]   [40,20,15] (5)   12155.1
[60,50]   [40,20,15] (10)   8438.79
[60,50]   [40,20,15] (15)   150.407
[60,50]   [40,20,15] (20)   133.869
[60,50]   [40,20,15] (25)   133.708
[60,50]   [40,20,15] (30)   138.631
[60,50]   [40,20,20] (0)   12118.7
[60,50]   [40,20,20] (5)   12143.8
[60,50]   [40,20,20] (10)   8814.7
[60,50]   [40,20,20] (15)   151.494
[60,50]   [40,20,20] (20)   143.955
[60,50]   [40,20,20] (25)   146.996
[60,50]   [40,20,20] (30)   153.163
[60,50]   [40,30,5] (0)   5350.51
[60,50]   [40,30,5] (5)   5361.49
[60,50]   [40,30,5] (10)   5318.98
[60,50]   [40,30,5] (15)   4227.31
[60,50]   [40,30,5] (20)   151.434
[60,50]   [40,30,5] (25)   125.622
[60,50]   [40,30,5] (30)   121.707
[60,50]   [40,30,10] (0)   5415.43
[60,50]   [40,30,10] (5)   5362.43
[60,50]   [40,30,10] (10)   5392.37
[60,50]   [40,30,10] (15)   4347.14
[60,50]   [40,30,10] (20)   165.279
[60,50]   [40,30,10] (25)   144.955
[60,50]   [40,30,10] (30)   146.661
[60,50]   [40,30,15] (0)   5333.47
[60,50]   [40,30,15] (5)   5355.83
[60,50]   [40,30,15] (10)   5365.68
[60,50]   [40,30,15] (15)   3476.44
[60,50]   [40,30,15] (20)   155.404
[60,50]   [40,30,15] (25)   149.12
[60,50]   [40,30,15] (30)   152.822
[60,50]   [40,30,20] (0)   5337.41
[60,50]   [40,30,20] (5)   5335.97
[60,50]   [40,30,20] (10)   5406.4
[60,50]   [40,30,20] (15)   3432.45
[60,50]   [40,30,20] (20)   163.75
[60,50]   [40,30,20] (25)   160.605
[60,50]   [40,30,20] (30)   165.4
[60,50]   [40,40,5] (0)   192.877
[60,50]   [40,40,5] (5)   195.986
[60,50]   [40,40,5] (10)   193.98
[60,50]   [40,40,5] (15)   192.812
[60,50]   [40,40,5] (20)   192.764
[60,50]   [40,40,5] (25)   165.952
[60,50]   [40,40,5] (30)   153.117
[60,50]   [40,40,10] (0)   193.27
[60,50]   [40,40,10] (5)   192.31
[60,50]   [40,40,10] (10)   193.451
[60,50]   [40,40,10] (15)   192.302
[60,50]   [40,40,10] (20)   189.249
[60,50]   [40,40,10] (25)   174.143
[60,50]   [40,40,10] (30)   170.733
[60,50]   [40,40,15] (0)   195.364
[60,50]   [40,40,15] (5)   195.559
[60,50]   [40,40,15] (10)   196.284
[60,50]   [40,40,15] (15)   193.186
[60,50]   [40,40,15] (20)   189.928
[60,50]   [40,40,15] (25)   171.688
[60,50]   [40,40,15] (30)   172.615
[60,50]   [40,40,20] (0)   194.824
[60,50]   [40,40,20] (5)   194.526
[60,50]   [40,40,20] (10)   194.091
[60,50]   [40,40,20] (15)   193.454
[60,50]   [40,40,20] (20)   189.266
[60,50]   [40,40,20] (25)   180.72
[60,50]   [40,40,20] (30)   184.708
[60,50]   [40,50,5] (0)   2553.63
[60,50]   [40,50,5] (5)   2556.16
[60,50]   [40,50,5] (10)   2547.72
[60,50]   [40,50,5] (15)   2618.34
[60,50]   [40,50,5] (20)   2571.99
[60,50]   [40,50,5] (25)   2645.56
[60,50]   [40,50,5] (30)   2596.29
[60,50]   [40,50,10] (0)   2616.11
[60,50]   [40,50,10] (5)   2595.23
[60,50]   [40,50,10] (10)   2615.1
[60,50]   [40,50,10] (15)   2602.56
[60,50]   [40,50,10] (20)   2590.84
[60,50]   [40,50,10] (25)   2691.37
[60,50]   [40,50,10] (30)   2473.16
[60,50]   [40,50,15] (0)   2635.7
[60,50]   [40,50,15] (5)   2650.98
[60,50]   [40,50,15] (10)   2556.33
[60,50]   [40,50,15] (15)   2698.04
[60,50]   [40,50,15] (20)   2581.8
[60,50]   [40,50,15] (25)   2524.9
[60,50]   [40,50,15] (30)   2699.63
[60,50]   [40,50,20] (0)   2564.96
[60,50]   [40,50,20] (5)   2695.51
[60,50]   [40,50,20] (10)   2638.33
[60,50]   [40,50,20] (15)   2692.26
[60,50]   [40,50,20] (20)   2617.12
[60,50]   [40,50,20] (25)   2539.52
[60,50]   [40,50,20] (30)   2539.09
[60,50]   [40,60,5] (0)   9273.59
[60,50]   [40,60,5] (5)   9469.14
[60,50]   [40,60,5] (10)   9508.88
[60,50]   [40,60,5] (15)   9467.94
[60,50]   [40,60,5] (20)   9619.42
[60,50]   [40,60,5] (25)   9507.43
[60,50]   [40,60,5] (30)   9502.47
[60,50]   [40,60,10] (0)   9513.05
[60,50]   [40,60,10] (5)   9470.61
[60,50]   [40,60,10] (10)   9542.45
[60,50]   [40,60,10] (15)   9542.18
[60,50]   [40,60,10] (20)   9469.71
[60,50]   [40,60,10] (25)   9481.91
[60,50]   [40,60,10] (30)   9319.64
[60,50]   [40,60,15] (0)   9530.98
[60,50]   [40,60,15] (5)   9518.71
[60,50]   [40,60,15] (10)   9501.37
[60,50]   [40,60,15] (15)   9449.78
[60,50]   [40,60,15] (20)   9504.97
[60,50]   [40,60,15] (25)   9598.22
[60,50]   [40,60,15] (30)   9485.3
[60,50]   [40,60,20] (0)   9463.58
[60,50]   [40,60,20] (5)   9511.7
[60,50]   [40,60,20] (10)   9454.65
[60,50]   [40,60,20] (15)   9443.52
[60,50]   [40,60,20] (20)   9447.21
[60,50]   [40,60,20] (25)   9519.19
[60,50]   [40,60,20] (30)   9553.37
[60,50]   [50,10,5] (0)   24965.4
[60,50]   [50,10,5] (5)   16617.6
[60,50]   [50,10,5] (10)   2938.42
[60,50]   [50,10,5] (15)   104.429
[60,50]   [50,10,5] (20)   97.3768
[60,50]   [50,10,5] (25)   98.4077
[60,50]   [50,10,5] (30)   102.925
[60,50]   [50,10,10] (0)   25949.4
[60,50]   [50,10,10] (5)   17578.3
[60,50]   [50,10,10] (10)   8116.84
[60,50]   [50,10,10] (15)   1796.47
[60,50]   [50,10,10] (20)   125.3
[60,50]   [50,10,10] (25)   119.778
[60,50]   [50,10,10] (30)   121.026
[60,50]   [50,10,15] (0)   25296.7
[60,50]   [50,10,15] (5)   14209
[60,50]   [50,10,15] (10)   5818.11
[60,50]   [50,10,15] (15)   202.733
[60,50]   [50,10,15] (20)   130.024
[60,50]   [50,10,15] (25)   128.344
[60,50]   [50,10,15] (30)   131.057
[60,50]   [50,10,20] (0)   24953.8
[60,50]   [50,10,20] (5)   14000.8
[60,50]   [50,10,20] (10)   3889.72
[60,50]   [50,10,20] (15)   2054.46
[60,50]   [50,10,20] (20)   143.026
[60,50]   [50,10,20] (25)   140.81
[60,50]   [50,10,20] (30)   144.635
[60,50]   [50,20,5] (0)   17525.4
[60,50]   [50,20,5] (5)   17557.7
[60,50]   [50,20,5] (10)   14482.4
[60,50]   [50,20,5] (15)   3652.62
[60,50]   [50,20,5] (20)   122.766
[60,50]   [50,20,5] (25)   113.543
[60,50]   [50,20,5] (30)   109.833
[60,50]   [50,20,10] (0)   17485.1
[60,50]   [50,20,10] (5)   17643.1
[60,50]   [50,20,10] (10)   15142.5
[60,50]   [50,20,10] (15)   6346.57
[60,50]   [50,20,10] (20)   388.172
[60,50]   [50,20,10] (25)   136.106
[60,50]   [50,20,10] (30)   132.095
[60,50]   [50,20,15] (0)   17553.7
[60,50]   [50,20,15] (5)   17499.9
[60,50]   [50,20,15] (10)   13417.5
[60,50]   [50,20,15] (15)   3248.5
[60,50]   [50,20,15] (20)   162.155
[60,50]   [50,20,15] (25)   139.39
[60,50]   [50,20,15] (30)   139.836
[60,50]   [50,20,20] (0)   17546.9
[60,50]   [50,20,20] (5)   17519.1
[60,50]   [50,20,20] (10)   14006.8
[60,50]   [50,20,20] (15)   1448.72
[60,50]   [50,20,20] (20)   164.322
[60,50]   [50,20,20] (25)   152.983
[60,50]   [50,20,20] (30)   152.205
[60,50]   [50,30,5] (0)   10946
[60,50]   [50,30,5] (5)   10942.4
[60,50]   [50,30,5] (10)   10988.4
[60,50]   [50,30,5] (15)   9324.73
[60,50]   [50,30,5] (20)   1596.81
[60,50]   [50,30,5] (25)   135.093
[60,50]   [50,30,5] (30)   124.036
[60,50]   [50,30,10] (0)   10918.6
[60,50]   [50,30,10] (5)   10971.3
[60,50]   [50,30,10] (10)   10968.5
[60,50]   [50,30,10] (15)   9864.54
[60,50]   [50,30,10] (20)   3271.64
[60,50]   [50,30,10] (25)   162.65
[60,50]   [50,30,10] (30)   147.866
[60,50]   [50,30,15] (0)   10861.2
[60,50]   [50,30,15] (5)   10964.2
[60,50]   [50,30,15] (10)   10919.8
[60,50]   [50,30,15] (15)   8761.63
[60,50]   [50,30,15] (20)   543.844
[60,50]   [50,30,15] (25)   157.463
[60,50]   [50,30,15] (30)   150.222
[60,50]   [50,30,20] (0)   10867.7
[60,50]   [50,30,20] (5)   10975.9
[60,50]   [50,30,20] (10)   10897.3
[60,50]   [50,30,20] (15)   9121.71
[60,50]   [50,30,20] (20)   204.556
[60,50]   [50,30,20] (25)   166.808
[60,50]   [50,30,20] (30)   165.297
[60,50]   [50,40,5] (0)   4994.96
[60,50]   [50,40,5] (5)   4954.77
[60,50]   [50,40,5] (10)   5067.22
[60,50]   [50,40,5] (15)   5018.63
[60,50]   [50,40,5] (20)   4730.8
[60,50]   [50,40,5] (25)   593.801
[60,50]   [50,40,5] (30)   152.265
[60,50]   [50,40,10] (0)   4927.25
[60,50]   [50,40,10] (5)   4939.7
[60,50]   [50,40,10] (10)   4982.64
[60,50]   [50,40,10] (15)   5087.16
[60,50]   [50,40,10] (20)   4564.75
[60,50]   [50,40,10] (25)   1013.1
[60,50]   [50,40,10] (30)   173.681
[60,50]   [50,40,15] (0)   5038.29
[60,50]   [50,40,15] (5)   4961.03
[60,50]   [50,40,15] (10)   5037.17
[60,50]   [50,40,15] (15)   5058.98
[60,50]   [50,40,15] (20)   4188.6
[60,50]   [50,40,15] (25)   215.266
[60,50]   [50,40,15] (30)   170.513
[60,50]   [50,40,20] (0)   5038.84
[60,50]   [50,40,20] (5)   5046.4
[60,50]   [50,40,20] (10)   5012.73
[60,50]   [50,40,20] (15)   5012.48
[60,50]   [50,40,20] (20)   4294.46
[60,50]   [50,40,20] (25)   208.905
[60,50]   [50,40,20] (30)   179.978
[60,50]   [50,50,5] (0)   292.173
[60,50]   [50,50,5] (5)   340.771
[60,50]   [50,50,5] (10)   340.031
[60,50]   [50,50,5] (15)   311.059
[60,50]   [50,50,5] (20)   329.525
[60,50]   [50,50,5] (25)   389.001
[60,50]   [50,50,5] (30)   203.837
[60,50]   [50,50,10] (0)   338.952
[60,50]   [50,50,10] (5)   367.45
[60,50]   [50,50,10] (10)   361.346
[60,50]   [50,50,10] (15)   375.518
[60,50]   [50,50,10] (20)   327.204
[60,50]   [50,50,10] (25)   328.739
[60,50]   [50,50,10] (30)   215.804
[60,50]   [50,50,15] (0)   313.772
[60,50]   [50,50,15] (5)   376.654
[60,50]   [50,50,15] (10)   314.275
[60,50]   [50,50,15] (15)   329.495
[60,50]   [50,50,15] (20)   345.938
[60,50]   [50,50,15] (25)   359.896
[60,50]   [50,50,15] (30)   204.49
[60,50]   [50,50,20] (0)   318.024
[60,50]   [50,50,20] (5)   335.792
[60,50]   [50,50,20] (10)   356.068
[60,50]   [50,50,20] (15)   349.49
[60,50]   [50,50,20] (20)   326.037
[60,50]   [50,50,20] (25)   263.212
[60,50]   [50,50,20] (30)   212.232
[60,50]   [50,60,5] (0)   672.065
[60,50]   [50,60,5] (5)   568.54
[60,50]   [50,60,5] (10)   603.777
[60,50]   [50,60,5] (15)   545.63
[60,50]   [50,60,5] (20)   597.465
[60,50]   [50,60,5] (25)   632.946
[60,50]   [50,60,5] (30)   573.183
[60,50]   [50,60,10] (0)   658.74
[60,50]   [50,60,10] (5)   597.257
[60,50]   [50,60,10] (10)   619.166
[60,50]   [50,60,10] (15)   649.432
[60,50]   [50,60,10] (20)   580.22
[60,50]   [50,60,10] (25)   629.588
[60,50]   [50,60,10] (30)   1046.35
[60,50]   [50,60,15] (0)   721.315
[60,50]   [50,60,15] (5)   664.16
[60,50]   [50,60,15] (10)   542.109
[60,50]   [50,60,15] (15)   619.959
[60,50]   [50,60,15] (20)   546.684
[60,50]   [50,60,15] (25)   515.174
[60,50]   [50,60,15] (30)   762.493
[60,50]   [50,60,20] (0)   524.69
[60,50]   [50,60,20] (5)   672.711
[60,50]   [50,60,20] (10)   570.671
[60,50]   [50,60,20] (15)   542.2
[60,50]   [50,60,20] (20)   654.473
[60,50]   [50,60,20] (25)   611.831
[60,50]   [50,60,20] (30)   559.245
[60,50]   [60,10,5] (0)   29324.2
[60,50]   [60,10,5] (5)   20244.7
[60,50]   [60,10,5] (10)   5968.62
[60,50]   [60,10,5] (15)   128.619
[60,50]   [60,10,5] (20)   103.281
[60,50]   [60,10,5] (25)   103.694
[60,50]   [60,10,5] (30)   107.453
[60,50]   [60,10,10] (0)   29711.1
[60,50]   [60,10,10] (5)   21631.4
[60,50]   [60,10,10] (10)   11775.6
[60,50]   [60,10,10] (15)   5129.17
[60,50]   [60,10,10] (20)   516.398
[60,50]   [60,10,10] (25)   126.914
[60,50]   [60,10,10] (30)   126.927
[60,50]   [60,10,15] (0)   29510.3
[60,50]   [60,10,15] (5)   18277.2
[60,50]   [60,10,15] (10)   9505.81
[60,50]   [60,10,15] (15)   3231.67
[60,50]   [60,10,15] (20)   150.701
[60,50]   [60,10,15] (25)   139.361
[60,50]   [60,10,15] (30)   136.288
[60,50]   [60,10,20] (0)   29293.9
[60,50]   [60,10,20] (5)   18748.5
[60,50]   [60,10,20] (10)   7994.15
[60,50]   [60,10,20] (15)   6122.48
[60,50]   [60,10,20] (20)   160.823
[60,50]   [60,10,20] (25)   153.206
[60,50]   [60,10,20] (30)   153.265
[60,50]   [60,20,5] (0)   22081.9
[60,50]   [60,20,5] (5)   22042.8
[60,50]   [60,20,5] (10)   18657.4
[60,50]   [60,20,5] (15)   6887.73
[60,50]   [60,20,5] (20)   150.754
[60,50]   [60,20,5] (25)   117.419
[60,50]   [60,20,5] (30)   114.559
[60,50]   [60,20,10] (0)   22097.4
[60,50]   [60,20,10] (5)   22075.3
[60,50]   [60,20,10] (10)   19684.3
[60,50]   [60,20,10] (15)   10511.9
[60,50]   [60,20,10] (20)   3925.64
[60,50]   [60,20,10] (25)   169.178
[60,50]   [60,20,10] (30)   138.764
[60,50]   [60,20,15] (0)   22147.3
[60,50]   [60,20,15] (5)   22051.8
[60,50]   [60,20,15] (10)   18037.4
[60,50]   [60,20,15] (15)   7197.51
[60,50]   [60,20,15] (20)   2264.95
[60,50]   [60,20,15] (25)   150.75
[60,50]   [60,20,15] (30)   145.896
[60,50]   [60,20,20] (0)   22091.8
[60,50]   [60,20,20] (5)   22146.3
[60,50]   [60,20,20] (10)   19021.4
[60,50]   [60,20,20] (15)   5514.61
[60,50]   [60,20,20] (20)   3054.04
[60,50]   [60,20,20] (25)   178.443
[60,50]   [60,20,20] (30)   159.451
[60,50]   [60,30,5] (0)   15691.7
[60,50]   [60,30,5] (5)   15704.1
[60,50]   [60,30,5] (10)   15651.8
[60,50]   [60,30,5] (15)   13803.1
[60,50]   [60,30,5] (20)   5099.08
[60,50]   [60,30,5] (25)   151.347
[60,50]   [60,30,5] (30)   129.8
[60,50]   [60,30,10] (0)   15741.7
[60,50]   [60,30,10] (5)   15672.5
[60,50]   [60,30,10] (10)   15616.8
[60,50]   [60,30,10] (15)   14570.5
[60,50]   [60,30,10] (20)   7516.96
[60,50]   [60,30,10] (25)   1546.94
[60,50]   [60,30,10] (30)   157.602
[60,50]   [60,30,15] (0)   15680.5
[60,50]   [60,30,15] (5)   15729.3
[60,50]   [60,30,15] (10)   15619.4
[60,50]   [60,30,15] (15)   13043.5
[60,50]   [60,30,15] (20)   4523.07
[60,50]   [60,30,15] (25)   226.491
[60,50]   [60,30,15] (30)   159.031
[60,50]   [60,30,20] (0)   15681.5
[60,50]   [60,30,20] (5)   15653.6
[60,50]   [60,30,20] (10)   15687.5
[60,50]   [60,30,20] (15)   13631.7
[60,50]   [60,30,20] (20)   3263.28
[60,50]   [60,30,20] (25)   196.734
[60,50]   [60,30,20] (30)   173.74
[60,50]   [60,40,5] (0)   9857.11
[60,50]   [60,40,5] (5)   9884.2
[60,50]   [60,40,5] (10)   9889.79
[60,50]   [60,40,5] (15)   9782.2
[60,50]   [60,40,5] (20)   9207.89
[60,50]   [60,40,5] (25)   4164.45
[60,50]   [60,40,5] (30)   176.573
[60,50]   [60,40,10] (0)   9840.64
[60,50]   [60,40,10] (5)   9916.55
[60,50]   [60,40,10] (10)   9863.18
[60,50]   [60,40,10] (15)   9844.58
[60,50]   [60,40,10] (20)   9337.54
[60,50]   [60,40,10] (25)   4936.65
[60,50]   [60,40,10] (30)   284.303
[60,50]   [60,40,15] (0)   9795.27
[60,50]   [60,40,15] (5)   9875.31
[60,50]   [60,40,15] (10)   9882.16
[60,50]   [60,40,15] (15)   9775.98
[60,50]   [60,40,15] (20)   8926.88
[60,50]   [60,40,15] (25)   3165.85
[60,50]   [60,40,15] (30)   192.506
[60,50]   [60,40,20] (0)   9832.78
[60,50]   [60,40,20] (5)   9894.47
[60,50]   [60,40,20] (10)   9928.02
[60,50]   [60,40,20] (15)   9801.12
[60,50]   [60,40,20] (20)   9062.12
[60,50]   [60,40,20] (25)   2587.67
[60,50]   [60,40,20] (30)   199.436
[60,50]   [60,50,5] (0)   12093.3
[60,50]   [60,50,5] (5)   12114.1
[60,50]   [60,50,5] (10)   12136.7
[60,50]   [60,50,5] (15)   12110.1
[60,50]   [60,50,5] (20)   11203
[60,50]   [60,50,5] (25)   5230.16
[60,50]   [60,50,5] (30)   2169.8
[60,50]   [60,50,10] (0)   12089.5
[60,50]   [60,50,10] (5)   12107.8
[60,50]   [60,50,10] (10)   12067.3
[60,50]   [60,50,10] (15)   12062.3
[60,50]   [60,50,10] (20)   11921.2
[60,50]   [60,50,10] (25)   5407.79
[60,50]   [60,50,10] (30)   2457.21
[60,50]   [60,50,15] (0)   12088.3
[60,50]   [60,50,15] (5)   12172.8
[60,50]   [60,50,15] (10)   12176.5
[60,50]   [60,50,15] (15)   12112.2
[60,50]   [60,50,15] (20)   12058.3
[60,50]   [60,50,15] (25)   5097.38
[60,50]   [60,50,15] (30)   1381.45
[60,50]   [60,50,20] (0)   12271.4
[60,50]   [60,50,20] (5)   12129.7
[60,50]   [60,50,20] (10)   12161.6
[60,50]   [60,50,20] (15)   12121.6
[60,50]   [60,50,20] (20)   11117.2
[60,50]   [60,50,20] (25)   5187.04
[60,50]   [60,50,20] (30)   890.365
[60,50]   [60,60,5] (0)   556.248
[60,50]   [60,60,5] (5)   677.817
[60,50]   [60,60,5] (10)   553.612
[60,50]   [60,60,5] (15)   603.911
[60,50]   [60,60,5] (20)   689.992
[60,50]   [60,60,5] (25)   653.906
[60,50]   [60,60,5] (30)   743.251
[60,50]   [60,60,10] (0)   647.372
[60,50]   [60,60,10] (5)   644.345
[60,50]   [60,60,10] (10)   681.707
[60,50]   [60,60,10] (15)   661.073
[60,50]   [60,60,10] (20)   620.764
[60,50]   [60,60,10] (25)   638.68
[60,50]   [60,60,10] (30)   534.272
[60,50]   [60,60,15] (0)   654.435
[60,50]   [60,60,15] (5)   502.714
[60,50]   [60,60,15] (10)   679.452
[60,50]   [60,60,15] (15)   627.679
[60,50]   [60,60,15] (20)   664.896
[60,50]   [60,60,15] (25)   590.927
[60,50]   [60,60,15] (30)   730.231
[60,50]   [60,60,20] (0)   611.791
[60,50]   [60,60,20] (5)   622.313
[60,50]   [60,60,20] (10)   604.494
[60,50]   [60,60,20] (15)   651.929
[60,50]   [60,60,20] (20)   563.786
[60,50]   [60,60,20] (25)   678.415
[60,50]   [60,60,20] (30)   470.239
