[20,40]   [10,10,5] (0)   6129.27
[20,40]   [10,10,5] (5)   3540.61
[20,40]   [10,10,5] (10)   2440.85
[20,40]   [10,10,5] (15)   2455.57
[20,40]   [10,10,5] (20)   2440.37
[20,40]   [10,10,5] (25)   2457.77
[20,40]   [10,10,5] (30)   2426.97
[20,40]   [10,10,10] (0)   6230.21
[20,40]   [10,10,10] (5)   6203.27
[20,40]   [10,10,10] (10)   6229.52
[20,40]   [10,10,10] (15)   6201.01
[20,40]   [10,10,10] (20)   6283.14
[20,40]   [10,10,10] (25)   6234.66
[20,40]   [10,10,10] (30)   6247.76
[20,40]   [10,10,15] (0)   6303.27
[20,40]   [10,10,15] (5)   4727.25
[20,40]   [10,10,15] (10)   4635.06
[20,40]   [10,10,15] (15)   4651.95
[20,40]   [10,10,15] (20)   4660.42
[20,40]   [10,10,15] (25)   4679.54
[20,40]   [10,10,15] (30)   4675.7
[20,40]   [10,10,20] (0)   6209.43
[20,40]   [10,10,20] (5)   6453.95
[20,40]   [10,10,20] (10)   6482.01
[20,40]   [10,10,20] (15)   6452.16
[20,40]   [10,10,20] (20)   6411.71
[20,40]   [10,10,20] (25)   6419.24
[20,40]   [10,10,20] (30)   6537.97
[20,40]   [10,20,5] (0)   13898.7
[20,40]   [10,20,5] (5)   13865
[20,40]   [10,20,5] (10)   13979.7
[20,40]   [10,20,5] (15)   13819.5
[20,40]   [10,20,5] (20)   13412.2
[20,40]   [10,20,5] (25)   10468.2
[20,40]   [10,20,5] (30)   13282.2
[20,40]   [10,20,10] (0)   14056.2
[20,40]   [10,20,10] (5)   13956.8
[20,40]   [10,20,10] (10)   14000.2
[20,40]   [10,20,10] (15)   13880.6
[20,40]   [10,20,10] (20)   13922.2
[20,40]   [10,20,10] (25)   17455.7
[20,40]   [10,20,10] (30)   17073.6
[20,40]   [10,20,15] (0)   14069.2
[20,40]   [10,20,15] (5)   13956.6
[20,40]   [10,20,15] (10)   13995.2
[20,40]   [10,20,15] (15)   14010
[20,40]   [10,20,15] (20)   14077
[20,40]   [10,20,15] (25)   11257.4
[20,40]   [10,20,15] (30)   8966.94
[20,40]   [10,20,20] (0)   13930
[20,40]   [10,20,20] (5)   13931.8
[20,40]   [10,20,20] (10)   13979.1
[20,40]   [10,20,20] (15)   14108.4
[20,40]   [10,20,20] (20)   13969.5
[20,40]   [10,20,20] (25)   13980.4
[20,40]   [10,20,20] (30)   14003.9
[20,40]   [10,30,5] (0)   25063.2
[20,40]   [10,30,5] (5)   25050.6
[20,40]   [10,30,5] (10)   25085.8
[20,40]   [10,30,5] (15)   25107.4
[20,40]   [10,30,5] (20)   24896.6
[20,40]   [10,30,5] (25)   24932.7
[20,40]   [10,30,5] (30)   19687.9
[20,40]   [10,30,10] (0)   25073
[20,40]   [10,30,10] (5)   24878.6
[20,40]   [10,30,10] (10)   25041.3
[20,40]   [10,30,10] (15)   24940.2
[20,40]   [10,30,10] (20)   24993.1
[20,40]   [10,30,10] (25)   25032.3
[20,40]   [10,30,10] (30)   25205.4
[20,40]   [10,30,15] (0)   24985.7
[20,40]   [10,30,15] (5)   24964.8
[20,40]   [10,30,15] (10)   25105.1
[20,40]   [10,30,15] (15)   25071.3
[20,40]   [10,30,15] (20)   25033.5
[20,40]   [10,30,15] (25)   25072.5
[20,40]   [10,30,15] (30)   22987.5
[20,40]   [10,30,20] (0)   25095.3
[20,40]   [10,30,20] (5)   25074.8
[20,40]   [10,30,20] (10)   24909.6
[20,40]   [10,30,20] (15)   25093
[20,40]   [10,30,20] (20)   25007.4
[20,40]   [10,30,20] (25)   24908.1
[20,40]   [10,30,20] (30)   24938.9
[20,40]   [10,40,5] (0)   32714.1
[20,40]   [10,40,5] (5)   32672.6
[20,40]   [10,40,5] (10)   32490.6
[20,40]   [10,40,5] (15)   32690.5
[20,40]   [10,40,5] (20)   32637.8
[20,40]   [10,40,5] (25)   32594.8
[20,40]   [10,40,5] (30)   32643.8
[20,40]   [10,40,10] (0)   32622.7
[20,40]   [10,40,10] (5)   32596.4
[20,40]   [10,40,10] (10)   32582.1
[20,40]   [10,40,10] (15)   32622
[20,40]   [10,40,10] (20)   32550.2
[20,40]   [10,40,10] (25)   32599
[20,40]   [10,40,10] (30)   32664.4
[20,40]   [10,40,15] (0)   32640.9
[20,40]   [10,40,15] (5)   32715.7
[20,40]   [10,40,15] (10)   32665.4
[20,40]   [10,40,15] (15)   32717.5
[20,40]   [10,40,15] (20)   32683.4
[20,40]   [10,40,15] (25)   32570
[20,40]   [10,40,15] (30)   32671.2
[20,40]   [10,40,20] (0)   32439.6
[20,40]   [10,40,20] (5)   32513.2
[20,40]   [10,40,20] (10)   32657.2
[20,40]   [10,40,20] (15)   32473.7
[20,40]   [10,40,20] (20)   32574.5
[20,40]   [10,40,20] (25)   32515
[20,40]   [10,40,20] (30)   32644.5
[20,40]   [10,50,5] (0)   42888.9
[20,40]   [10,50,5] (5)   42825.1
[20,40]   [10,50,5] (10)   42842.7
[20,40]   [10,50,5] (15)   42860.5
[20,40]   [10,50,5] (20)   42856.1
[20,40]   [10,50,5] (25)   42835.8
[20,40]   [10,50,5] (30)   42843.5
[20,40]   [10,50,10] (0)   42899.4
[20,40]   [10,50,10] (5)   42921.2
[20,40]   [10,50,10] (10)   42857.3
[20,40]   [10,50,10] (15)   42851.5
[20,40]   [10,50,10] (20)   42948.8
[20,40]   [10,50,10] (25)   42984.1
[20,40]   [10,50,10] (30)   42865.8
[20,40]   [10,50,15] (0)   42896.9
[20,40]   [10,50,15] (5)   42874.3
[20,40]   [10,50,15] (10)   42984.8
[20,40]   [10,50,15] (15)   42690.1
[20,40]   [10,50,15] (20)   42885.4
[20,40]   [10,50,15] (25)   43038
[20,40]   [10,50,15] (30)   42876.4
[20,40]   [10,50,20] (0)   42926.8
[20,40]   [10,50,20] (5)   42873.5
[20,40]   [10,50,20] (10)   42876.7
[20,40]   [10,50,20] (15)   43042
[20,40]   [10,50,20] (20)   42887.7
[20,40]   [10,50,20] (25)   42928.1
[20,40]   [10,50,20] (30)   42947.9
[20,40]   [10,60,5] (0)   43418.9
[20,40]   [10,60,5] (5)   43492.1
[20,40]   [10,60,5] (10)   43413.4
[20,40]   [10,60,5] (15)   43457.2
[20,40]   [10,60,5] (20)   43517.3
[20,40]   [10,60,5] (25)   43503.1
[20,40]   [10,60,5] (30)   43496.6
[20,40]   [10,60,10] (0)   43464.2
[20,40]   [10,60,10] (5)   43449.7
[20,40]   [10,60,10] (10)   43578
[20,40]   [10,60,10] (15)   43408.5
[20,40]   [10,60,10] (20)   43501.6
[20,40]   [10,60,10] (25)   43521.7
[20,40]   [10,60,10] (30)   43396.9
[20,40]   [10,60,15] (0)   43542.6
[20,40]   [10,60,15] (5)   43497.4
[20,40]   [10,60,15] (10)   43446
[20,40]   [10,60,15] (15)   43462.9
[20,40]   [10,60,15] (20)   43355.5
[20,40]   [10,60,15] (25)   43521.5
[20,40]   [10,60,15] (30)   43508.8
[20,40]   [10,60,20] (0)   43447
[20,40]   [10,60,20] (5)   43528
[20,40]   [10,60,20] (10)   43477.4
[20,40]   [10,60,20] (15)   43450.6
[20,40]   [10,60,20] (20)   43448.7
[20,40]   [10,60,20] (25)   43480.3
[20,40]   [10,60,20] (30)   43415.2
[20,40]   [20,10,5] (0)   11605.1
[20,40]   [20,10,5] (5)   4606.06
[20,40]   [20,10,5] (10)   2347.01
[20,40]   [20,10,5] (15)   1541.16
[20,40]   [20,10,5] (20)   1444.94
[20,40]   [20,10,5] (25)   1519.64
[20,40]   [20,10,5] (30)   1483.29
[20,40]   [20,10,10] (0)   11539.4
[20,40]   [20,10,10] (5)   7772.38
[20,40]   [20,10,10] (10)   7301.04
[20,40]   [20,10,10] (15)   7264.38
[20,40]   [20,10,10] (20)   7257.56
[20,40]   [20,10,10] (25)   7304.94
[20,40]   [20,10,10] (30)   7126.4
[20,40]   [20,10,15] (0)   11585.3
[20,40]   [20,10,15] (5)   6063.31
[20,40]   [20,10,15] (10)   5865.05
[20,40]   [20,10,15] (15)   5661.55
[20,40]   [20,10,15] (20)   5682.64
[20,40]   [20,10,15] (25)   5490.58
[20,40]   [20,10,15] (30)   5701.7
[20,40]   [20,10,20] (0)   11562.5
[20,40]   [20,10,20] (5)   8249.18
[20,40]   [20,10,20] (10)   8511.02
[20,40]   [20,10,20] (15)   8497.14
[20,40]   [20,10,20] (20)   8573.34
[20,40]   [20,10,20] (25)   8425.45
[20,40]   [20,10,20] (30)   8505.18
[20,40]   [20,20,5] (0)   12673.6
[20,40]   [20,20,5] (5)   12858.4
[20,40]   [20,20,5] (10)   7963.48
[20,40]   [20,20,5] (15)   5102.46
[20,40]   [20,20,5] (20)   4607.22
[20,40]   [20,20,5] (25)   4590.73
[20,40]   [20,20,5] (30)   4627.5
[20,40]   [20,20,10] (0)   13024.2
[20,40]   [20,20,10] (5)   12938
[20,40]   [20,20,10] (10)   11126.6
[20,40]   [20,20,10] (15)   9770.22
[20,40]   [20,20,10] (20)   9765.47
[20,40]   [20,20,10] (25)   9575.66
[20,40]   [20,20,10] (30)   9720.05
[20,40]   [20,20,15] (0)   12960.1
[20,40]   [20,20,15] (5)   13041.5
[20,40]   [20,20,15] (10)   8739.86
[20,40]   [20,20,15] (15)   7793.27
[20,40]   [20,20,15] (20)   7650.66
[20,40]   [20,20,15] (25)   7687.53
[20,40]   [20,20,15] (30)   7787.8
[20,40]   [20,20,20] (0)   12802.9
[20,40]   [20,20,20] (5)   12937.9
[20,40]   [20,20,20] (10)   12586.2
[20,40]   [20,20,20] (15)   12544
[20,40]   [20,20,20] (20)   12683.6
[20,40]   [20,20,20] (25)   12763.9
[20,40]   [20,20,20] (30)   12551.1
[20,40]   [20,30,5] (0)   14842.5
[20,40]   [20,30,5] (5)   15192.8
[20,40]   [20,30,5] (10)   14945.7
[20,40]   [20,30,5] (15)   15169.9
[20,40]   [20,30,5] (20)   15215.3
[20,40]   [20,30,5] (25)   14859.7
[20,40]   [20,30,5] (30)   13403.6
[20,40]   [20,30,10] (0)   15072.7
[20,40]   [20,30,10] (5)   15287.8
[20,40]   [20,30,10] (10)   15154.4
[20,40]   [20,30,10] (15)   15155
[20,40]   [20,30,10] (20)   15134.7
[20,40]   [20,30,10] (25)   15198
[20,40]   [20,30,10] (30)   15109.2
[20,40]   [20,30,15] (0)   15094.7
[20,40]   [20,30,15] (5)   15004.8
[20,40]   [20,30,15] (10)   15155.4
[20,40]   [20,30,15] (15)   15185.9
[20,40]   [20,30,15] (20)   15083.1
[20,40]   [20,30,15] (25)   14983.7
[20,40]   [20,30,15] (30)   12694.9
[20,40]   [20,30,20] (0)   15235.2
[20,40]   [20,30,20] (5)   15066.7
[20,40]   [20,30,20] (10)   14982.6
[20,40]   [20,30,20] (15)   15223.7
[20,40]   [20,30,20] (20)   15187.1
[20,40]   [20,30,20] (25)   14833.4
[20,40]   [20,30,20] (30)   15223.1
[20,40]   [20,40,5] (0)   40272.5
[20,40]   [20,40,5] (5)   40377.2
[20,40]   [20,40,5] (10)   40381.8
[20,40]   [20,40,5] (15)   40341.4
[20,40]   [20,40,5] (20)   40226.3
[20,40]   [20,40,5] (25)   40343.9
[20,40]   [20,40,5] (30)   40125.8
[20,40]   [20,40,10] (0)   40292.8
[20,40]   [20,40,10] (5)   40261.2
[20,40]   [20,40,10] (10)   40108.7
[20,40]   [20,40,10] (15)   40299.9
[20,40]   [20,40,10] (20)   39973.2
[20,40]   [20,40,10] (25)   40285
[20,40]   [20,40,10] (30)   40317.7
[20,40]   [20,40,15] (0)   40024.4
[20,40]   [20,40,15] (5)   40369.5
[20,40]   [20,40,15] (10)   40238.1
[20,40]   [20,40,15] (15)   40386.2
[20,40]   [20,40,15] (20)   40307.6
[20,40]   [20,40,15] (25)   40372.5
[20,40]   [20,40,15] (30)   40338.8
[20,40]   [20,40,20] (0)   40153.1
[20,40]   [20,40,20] (5)   40333.5
[20,40]   [20,40,20] (10)   40412.1
[20,40]   [20,40,20] (15)   40327.5
[20,40]   [20,40,20] (20)   40205.7
[20,40]   [20,40,20] (25)   40218.4
[20,40]   [20,40,20] (30)   40313.6
[20,40]   [20,50,5] (0)   29168.8
[20,40]   [20,50,5] (5)   29351.7
[20,40]   [20,50,5] (10)   29312.2
[20,40]   [20,50,5] (15)   29332
[20,40]   [20,50,5] (20)   29368.7
[20,40]   [20,50,5] (25)   29216.7
[20,40]   [20,50,5] (30)   29218.1
[20,40]   [20,50,10] (0)   29230.1
[20,40]   [20,50,10] (5)   29262.2
[20,40]   [20,50,10] (10)   29185.2
[20,40]   [20,50,10] (15)   29298.1
[20,40]   [20,50,10] (20)   29289.1
[20,40]   [20,50,10] (25)   29244.9
[20,40]   [20,50,10] (30)   29241.2
[20,40]   [20,50,15] (0)   29220.8
[20,40]   [20,50,15] (5)   29417.6
[20,40]   [20,50,15] (10)   29291.2
[20,40]   [20,50,15] (15)   29314.9
[20,40]   [20,50,15] (20)   28984.4
[20,40]   [20,50,15] (25)   29034.3
[20,40]   [20,50,15] (30)   29091.8
[20,40]   [20,50,20] (0)   29163.8
[20,40]   [20,50,20] (5)   29371.3
[20,40]   [20,50,20] (10)   29319.5
[20,40]   [20,50,20] (15)   29100.5
[20,40]   [20,50,20] (20)   29362.7
[20,40]   [20,50,20] (25)   29171.4
[20,40]   [20,50,20] (30)   29266.5
[20,40]   [20,60,5] (0)   42144.1
[20,40]   [20,60,5] (5)   42304.1
[20,40]   [20,60,5] (10)   42382.5
[20,40]   [20,60,5] (15)   42400.9
[20,40]   [20,60,5] (20)   42339.1
[20,40]   [20,60,5] (25)   42004.1
[20,40]   [20,60,5] (30)   42344
[20,40]   [20,60,10] (0)   42467.1
[20,40]   [20,60,10] (5)   42393.2
[20,40]   [20,60,10] (10)   42463.7
[20,40]   [20,60,10] (15)   42344
[20,40]   [20,60,10] (20)   42322.8
[20,40]   [20,60,10] (25)   42320.9
[20,40]   [20,60,10] (30)   42431.9
[20,40]   [20,60,15] (0)   42406.8
[20,40]   [20,60,15] (5)   42336.6
[20,40]   [20,60,15] (10)   42417.8
[20,40]   [20,60,15] (15)   42421.4
[20,40]   [20,60,15] (20)   42394.7
[20,40]   [20,60,15] (25)   42453.3
[20,40]   [20,60,15] (30)   42170.2
[20,40]   [20,60,20] (0)   42470.5
[20,40]   [20,60,20] (5)   42443.2
[20,40]   [20,60,20] (10)   42296.6
[20,40]   [20,60,20] (15)   42385.8
[20,40]   [20,60,20] (20)   42396.2
[20,40]   [20,60,20] (25)   42440.8
[20,40]   [20,60,20] (30)   42257
[20,40]   [30,10,5] (0)   17599.4
[20,40]   [30,10,5] (5)   8404.32
[20,40]   [30,10,5] (10)   3320.27
[20,40]   [30,10,5] (15)   2169.89
[20,40]   [30,10,5] (20)   1638.08
[20,40]   [30,10,5] (25)   1393.94
[20,40]   [30,10,5] (30)   1335.27
[20,40]   [30,10,10] (0)   17441.6
[20,40]   [30,10,10] (5)   9517.49
[20,40]   [30,10,10] (10)   8230.87
[20,40]   [30,10,10] (15)   7796.74
[20,40]   [30,10,10] (20)   7693.08
[20,40]   [30,10,10] (25)   7562.21
[20,40]   [30,10,10] (30)   7754.16
[20,40]   [30,10,15] (0)   17531.2
[20,40]   [30,10,15] (5)   7151.27
[20,40]   [30,10,15] (10)   6505.91
[20,40]   [30,10,15] (15)   5942.12
[20,40]   [30,10,15] (20)   6009.22
[20,40]   [30,10,15] (25)   6070.94
[20,40]   [30,10,15] (30)   6069.68
[20,40]   [30,10,20] (0)   17768.5
[20,40]   [30,10,20] (5)   9002.71
[20,40]   [30,10,20] (10)   8943.34
[20,40]   [30,10,20] (15)   8957.42
[20,40]   [30,10,20] (20)   8584.1
[20,40]   [30,10,20] (25)   8643.35
[20,40]   [30,10,20] (30)   8528.07
[20,40]   [30,20,5] (0)   10395.7
[20,40]   [30,20,5] (5)   10415.1
[20,40]   [30,20,5] (10)   7664.75
[20,40]   [30,20,5] (15)   4722.62
[20,40]   [30,20,5] (20)   3272.2
[20,40]   [30,20,5] (25)   2750.1
[20,40]   [30,20,5] (30)   2730.99
[20,40]   [30,20,10] (0)   10364.3
[20,40]   [30,20,10] (5)   10479
[20,40]   [30,20,10] (10)   9949.07
[20,40]   [30,20,10] (15)   8852.2
[20,40]   [30,20,10] (20)   9041.57
[20,40]   [30,20,10] (25)   8954.58
[20,40]   [30,20,10] (30)   8970.21
[20,40]   [30,20,15] (0)   10391.7
[20,40]   [30,20,15] (5)   10307.8
[20,40]   [30,20,15] (10)   8153.27
[20,40]   [30,20,15] (15)   7164.88
[20,40]   [30,20,15] (20)   6900.63
[20,40]   [30,20,15] (25)   6982.52
[20,40]   [30,20,15] (30)   7002.53
[20,40]   [30,20,20] (0)   10423.9
[20,40]   [30,20,20] (5)   10413.1
[20,40]   [30,20,20] (10)   10374.2
[20,40]   [30,20,20] (15)   9986.36
[20,40]   [30,20,20] (20)   10141.5
[20,40]   [30,20,20] (25)   10072.2
[20,40]   [30,20,20] (30)   10084.3
[20,40]   [30,30,5] (0)   12589.1
[20,40]   [30,30,5] (5)   12436.1
[20,40]   [30,30,5] (10)   12520.1
[20,40]   [30,30,5] (15)   9683.25
[20,40]   [30,30,5] (20)   6812.48
[20,40]   [30,30,5] (25)   5589.78
[20,40]   [30,30,5] (30)   5675.34
[20,40]   [30,30,10] (0)   12448.5
[20,40]   [30,30,10] (5)   12493.2
[20,40]   [30,30,10] (10)   12574.3
[20,40]   [30,30,10] (15)   11187.5
[20,40]   [30,30,10] (20)   10475.2
[20,40]   [30,30,10] (25)   10366.9
[20,40]   [30,30,10] (30)   10437.3
[20,40]   [30,30,15] (0)   12402.3
[20,40]   [30,30,15] (5)   12501.2
[20,40]   [30,30,15] (10)   12251
[20,40]   [30,30,15] (15)   10096
[20,40]   [30,30,15] (20)   9580.07
[20,40]   [30,30,15] (25)   9260.57
[20,40]   [30,30,15] (30)   9559.24
[20,40]   [30,30,20] (0)   12508.4
[20,40]   [30,30,20] (5)   12618.2
[20,40]   [30,30,20] (10)   12346.9
[20,40]   [30,30,20] (15)   11403.4
[20,40]   [30,30,20] (20)   10724.5
[20,40]   [30,30,20] (25)   10811.2
[20,40]   [30,30,20] (30)   10629.3
[20,40]   [30,40,5] (0)   15015
[20,40]   [30,40,5] (5)   14988.1
[20,40]   [30,40,5] (10)   14874
[20,40]   [30,40,5] (15)   14751.2
[20,40]   [30,40,5] (20)   14942.8
[20,40]   [30,40,5] (25)   14839.7
[20,40]   [30,40,5] (30)   14907.6
[20,40]   [30,40,10] (0)   14564.3
[20,40]   [30,40,10] (5)   14739
[20,40]   [30,40,10] (10)   14743.8
[20,40]   [30,40,10] (15)   14980.2
[20,40]   [30,40,10] (20)   15100.9
[20,40]   [30,40,10] (25)   14815
[20,40]   [30,40,10] (30)   14956.1
[20,40]   [30,40,15] (0)   14645.6
[20,40]   [30,40,15] (5)   14833.4
[20,40]   [30,40,15] (10)   14669.6
[20,40]   [30,40,15] (15)   14868.8
[20,40]   [30,40,15] (20)   14722.7
[20,40]   [30,40,15] (25)   14214.7
[20,40]   [30,40,15] (30)   14143.3
[20,40]   [30,40,20] (0)   14760.3
[20,40]   [30,40,20] (5)   14896.1
[20,40]   [30,40,20] (10)   14759.6
[20,40]   [30,40,20] (15)   14804.8
[20,40]   [30,40,20] (20)   14696.2
[20,40]   [30,40,20] (25)   14528
[20,40]   [30,40,20] (30)   14598.5
[20,40]   [30,50,5] (0)   21191
[20,40]   [30,50,5] (5)   21265.9
[20,40]   [30,50,5] (10)   21387.7
[20,40]   [30,50,5] (15)   21314.9
[20,40]   [30,50,5] (20)   21192.4
[20,40]   [30,50,5] (25)   21230.7
[20,40]   [30,50,5] (30)   21195.4
[20,40]   [30,50,10] (0)   21198.5
[20,40]   [30,50,10] (5)   21187
[20,40]   [30,50,10] (10)   21271.9
[20,40]   [30,50,10] (15)   21179.1
[20,40]   [30,50,10] (20)   21144.6
[20,40]   [30,50,10] (25)   21316.7
[20,40]   [30,50,10] (30)   21132.8
[20,40]   [30,50,15] (0)   21113.2
[20,40]   [30,50,15] (5)   21378.1
[20,40]   [30,50,15] (10)   21288.3
[20,40]   [30,50,15] (15)   21198.1
[20,40]   [30,50,15] (20)   21104.3
[20,40]   [30,50,15] (25)   21297
[20,40]   [30,50,15] (30)   21285.2
[20,40]   [30,50,20] (0)   21260
[20,40]   [30,50,20] (5)   21123.4
[20,40]   [30,50,20] (10)   21182.5
[20,40]   [30,50,20] (15)   21244.9
[20,40]   [30,50,20] (20)   21328
[20,40]   [30,50,20] (25)   21240.1
[20,40]   [30,50,20] (30)   21154.3
[20,40]   [30,60,5] (0)   28927.6
[20,40]   [30,60,5] (5)   28899.9
[20,40]   [30,60,5] (10)   28849.9
[20,40]   [30,60,5] (15)   28880.6
[20,40]   [30,60,5] (20)   28767.3
[20,40]   [30,60,5] (25)   29110.9
[20,40]   [30,60,5] (30)   29056.6
[20,40]   [30,60,10] (0)   28951.8
[20,40]   [30,60,10] (5)   28882.8
[20,40]   [30,60,10] (10)   28813
[20,40]   [30,60,10] (15)   28940.1
[20,40]   [30,60,10] (20)   29064
[20,40]   [30,60,10] (25)   29042.5
[20,40]   [30,60,10] (30)   28950.6
[20,40]   [30,60,15] (0)   28761.1
[20,40]   [30,60,15] (5)   29073.3
[20,40]   [30,60,15] (10)   29009.9
[20,40]   [30,60,15] (15)   29172.7
[20,40]   [30,60,15] (20)   28940.7
[20,40]   [30,60,15] (25)   28914.9
[20,40]   [30,60,15] (30)   29108.3
[20,40]   [30,60,20] (0)   29036.8
[20,40]   [30,60,20] (5)   28785.1
[20,40]   [30,60,20] (10)   29003.9
[20,40]   [30,60,20] (15)   28979.3
[20,40]   [30,60,20] (20)   28879.3
[20,40]   [30,60,20] (25)   28926.2
[20,40]   [30,60,20] (30)   29056.2
[20,40]   [40,10,5] (0)   23369.1
[20,40]   [40,10,5] (5)   13082.9
[20,40]   [40,10,5] (10)   4315.69
[20,40]   [40,10,5] (15)   2968.07
[20,40]   [40,10,5] (20)   2082.7
[20,40]   [40,10,5] (25)   1610.68
[20,40]   [40,10,5] (30)   1362.22
[20,40]   [40,10,10] (0)   23672.8
[20,40]   [40,10,10] (5)   15623.6
[20,40]   [40,10,10] (10)   9088.06
[20,40]   [40,10,10] (15)   8504.21
[20,40]   [40,10,10] (20)   8192.03
[20,40]   [40,10,10] (25)   8002.89
[20,40]   [40,10,10] (30)   7918.03
[20,40]   [40,10,15] (0)   23383.9
[20,40]   [40,10,15] (5)   9575.27
[20,40]   [40,10,15] (10)   7430.52
[20,40]   [40,10,15] (15)   6925.42
[20,40]   [40,10,15] (20)   6924.99
[20,40]   [40,10,15] (25)   6684.18
[20,40]   [40,10,15] (30)   6579.64
[20,40]   [40,10,20] (0)   23335.9
[20,40]   [40,10,20] (5)   10354.7
[20,40]   [40,10,20] (10)   9990.19
[20,40]   [40,10,20] (15)   9934.08
[20,40]   [40,10,20] (20)   9876.22
[20,40]   [40,10,20] (25)   9915.33
[20,40]   [40,10,20] (30)   9833.45
[20,40]   [40,20,5] (0)   15494.8
[20,40]   [40,20,5] (5)   15473.7
[20,40]   [40,20,5] (10)   10956.3
[20,40]   [40,20,5] (15)   5836.47
[20,40]   [40,20,5] (20)   3884.43
[20,40]   [40,20,5] (25)   2865.78
[20,40]   [40,20,5] (30)   2296
[20,40]   [40,20,10] (0)   15305.2
[20,40]   [40,20,10] (5)   15318.6
[20,40]   [40,20,10] (10)   12825
[20,40]   [40,20,10] (15)   9993.89
[20,40]   [40,20,10] (20)   9279.12
[20,40]   [40,20,10] (25)   9184.06
[20,40]   [40,20,10] (30)   8779.56
[20,40]   [40,20,15] (0)   15451.6
[20,40]   [40,20,15] (5)   15594.8
[20,40]   [40,20,15] (10)   9321.9
[20,40]   [40,20,15] (15)   7667.88
[20,40]   [40,20,15] (20)   7311.04
[20,40]   [40,20,15] (25)   6787.19
[20,40]   [40,20,15] (30)   6819.03
[20,40]   [40,20,20] (0)   15442.7
[20,40]   [40,20,20] (5)   15279.4
[20,40]   [40,20,20] (10)   14212.5
[20,40]   [40,20,20] (15)   13575.7
[20,40]   [40,20,20] (20)   13594
[20,40]   [40,20,20] (25)   13512.6
[20,40]   [40,20,20] (30)   13383.2
[20,40]   [40,30,5] (0)   11818.8
[20,40]   [40,30,5] (5)   11874.1
[20,40]   [40,30,5] (10)   11851.8
[20,40]   [40,30,5] (15)   10355.4
[20,40]   [40,30,5] (20)   7104.11
[20,40]   [40,30,5] (25)   4922.45
[20,40]   [40,30,5] (30)   4032.59
[20,40]   [40,30,10] (0)   11896.4
[20,40]   [40,30,10] (5)   11938.2
[20,40]   [40,30,10] (10)   11925.3
[20,40]   [40,30,10] (15)   11773.5
[20,40]   [40,30,10] (20)   10943.7
[20,40]   [40,30,10] (25)   10311.1
[20,40]   [40,30,10] (30)   9995.01
[20,40]   [40,30,15] (0)   11905.4
[20,40]   [40,30,15] (5)   11972.4
[20,40]   [40,30,15] (10)   11880.8
[20,40]   [40,30,15] (15)   10599.3
[20,40]   [40,30,15] (20)   9414.22
[20,40]   [40,30,15] (25)   8800.75
[20,40]   [40,30,15] (30)   8599.05
[20,40]   [40,30,20] (0)   11815.7
[20,40]   [40,30,20] (5)   12037.7
[20,40]   [40,30,20] (10)   11726
[20,40]   [40,30,20] (15)   12064
[20,40]   [40,30,20] (20)   11583.7
[20,40]   [40,30,20] (25)   11296.2
[20,40]   [40,30,20] (30)   11194.3
[20,40]   [40,40,5] (0)   15127.4
[20,40]   [40,40,5] (5)   15136.7
[20,40]   [40,40,5] (10)   14955
[20,40]   [40,40,5] (15)   14765.2
[20,40]   [40,40,5] (20)   12620.7
[20,40]   [40,40,5] (25)   9583.71
[20,40]   [40,40,5] (30)   7373.39
[20,40]   [40,40,10] (0)   14951.7
[20,40]   [40,40,10] (5)   15214.8
[20,40]   [40,40,10] (10)   15039.8
[20,40]   [40,40,10] (15)   15387.9
[20,40]   [40,40,10] (20)   14383.6
[20,40]   [40,40,10] (25)   12794.6
[20,40]   [40,40,10] (30)   11815.1
[20,40]   [40,40,15] (0)   14781
[20,40]   [40,40,15] (5)   15083.6
[20,40]   [40,40,15] (10)   15306.2
[20,40]   [40,40,15] (15)   15100.8
[20,40]   [40,40,15] (20)   12510.8
[20,40]   [40,40,15] (25)   11090.5
[20,40]   [40,40,15] (30)   10680.3
[20,40]   [40,40,20] (0)   15068.5
[20,40]   [40,40,20] (5)   15243
[20,40]   [40,40,20] (10)   14754
[20,40]   [40,40,20] (15)   15364.4
[20,40]   [40,40,20] (20)   15023.6
[20,40]   [40,40,20] (25)   14857
[20,40]   [40,40,20] (30)   14965.8
[20,40]   [40,50,5] (0)   14262.8
[20,40]   [40,50,5] (5)   14147.7
[20,40]   [40,50,5] (10)   14454
[20,40]   [40,50,5] (15)   14202.8
[20,40]   [40,50,5] (20)   14378.1
[20,40]   [40,50,5] (25)   14322.3
[20,40]   [40,50,5] (30)   14172.3
[20,40]   [40,50,10] (0)   14213.2
[20,40]   [40,50,10] (5)   14253.2
[20,40]   [40,50,10] (10)   14390.2
[20,40]   [40,50,10] (15)   14288.5
[20,40]   [40,50,10] (20)   14440.4
[20,40]   [40,50,10] (25)   14499.1
[20,40]   [40,50,10] (30)   14367
[20,40]   [40,50,15] (0)   14541.6
[20,40]   [40,50,15] (5)   14510.9
[20,40]   [40,50,15] (10)   14615.1
[20,40]   [40,50,15] (15)   14135.2
[20,40]   [40,50,15] (20)   14229
[20,40]   [40,50,15] (25)   14221.9
[20,40]   [40,50,15] (30)   14253.5
[20,40]   [40,50,20] (0)   14490.6
[20,40]   [40,50,20] (5)   14497.5
[20,40]   [40,50,20] (10)   14191.6
[20,40]   [40,50,20] (15)   14331.9
[20,40]   [40,50,20] (20)   14458.9
[20,40]   [40,50,20] (25)   14362.8
[20,40]   [40,50,20] (30)   14474.7
[20,40]   [40,60,5] (0)   25179.1
[20,40]   [40,60,5] (5)   25297.6
[20,40]   [40,60,5] (10)   25110.2
[20,40]   [40,60,5] (15)   25053.9
[20,40]   [40,60,5] (20)   25350.7
[20,40]   [40,60,5] (25)   25095.1
[20,40]   [40,60,5] (30)   25041.6
[20,40]   [40,60,10] (0)   25207.1
[20,40]   [40,60,10] (5)   25064.5
[20,40]   [40,60,10] (10)   25010
[20,40]   [40,60,10] (15)   25069.9
[20,40]   [40,60,10] (20)   25310
[20,40]   [40,60,10] (25)   25362.5
[20,40]   [40,60,10] (30)   24984.7
[20,40]   [40,60,15] (0)   25157.8
[20,40]   [40,60,15] (5)   24908.9
[20,40]   [40,60,15] (10)   25284.6
[20,40]   [40,60,15] (15)   25246.5
[20,40]   [40,60,15] (20)   25068.4
[20,40]   [40,60,15] (25)   25221.6
[20,40]   [40,60,15] (30)   25164.6
[20,40]   [40,60,20] (0)   25003.4
[20,40]   [40,60,20] (5)   25109.6
[20,40]   [40,60,20] (10)   25328.8
[20,40]   [40,60,20] (15)   25100.8
[20,40]   [40,60,20] (20)   25152.4
[20,40]   [40,60,20] (25)   25220
[20,40]   [40,60,20] (30)   25115.5
[20,40]   [50,10,5] (0)   31384.1
[20,40]   [50,10,5] (5)   18219.5
[20,40]   [50,10,5] (10)   5059.33
[20,40]   [50,10,5] (15)   3556.7
[20,40]   [50,10,5] (20)   2626.71
[20,40]   [50,10,5] (25)   1980.48
[20,40]   [50,10,5] (30)   1529.93
[20,40]   [50,10,10] (0)   31237
[20,40]   [50,10,10] (5)   20387.1
[20,40]   [50,10,10] (10)   9817.48
[20,40]   [50,10,10] (15)   9154.94
[20,40]   [50,10,10] (20)   8726.95
[20,40]   [50,10,10] (25)   8506.08
[20,40]   [50,10,10] (30)   8163.14
[20,40]   [50,10,15] (0)   31547.5
[20,40]   [50,10,15] (5)   15737.5
[20,40]   [50,10,15] (10)   8375.22
[20,40]   [50,10,15] (15)   7699.81
[20,40]   [50,10,15] (20)   7728.71
[20,40]   [50,10,15] (25)   7430.25
[20,40]   [50,10,15] (30)   7145.84
[20,40]   [50,10,20] (0)   31680.6
[20,40]   [50,10,20] (5)   14875.6
[20,40]   [50,10,20] (10)   9919.07
[20,40]   [50,10,20] (15)   9942.81
[20,40]   [50,10,20] (20)   9326.43
[20,40]   [50,10,20] (25)   9300.5
[20,40]   [50,10,20] (30)   9024.68
[20,40]   [50,20,5] (0)   18981.7
[20,40]   [50,20,5] (5)   19215.5
[20,40]   [50,20,5] (10)   14836.2
[20,40]   [50,20,5] (15)   6618.91
[20,40]   [50,20,5] (20)   4550.79
[20,40]   [50,20,5] (25)   3297.94
[20,40]   [50,20,5] (30)   2637.67
[20,40]   [50,20,10] (0)   19149.6
[20,40]   [50,20,10] (5)   19039.3
[20,40]   [50,20,10] (10)   15799.1
[20,40]   [50,20,10] (15)   10621.4
[20,40]   [50,20,10] (20)   9932.43
[20,40]   [50,20,10] (25)   9335.98
[20,40]   [50,20,10] (30)   9060.54
[20,40]   [50,20,15] (0)   19012.3
[20,40]   [50,20,15] (5)   19165.5
[20,40]   [50,20,15] (10)   13251.4
[20,40]   [50,20,15] (15)   8947.74
[20,40]   [50,20,15] (20)   8174.31
[20,40]   [50,20,15] (25)   7960.48
[20,40]   [50,20,15] (30)   7672.17
[20,40]   [50,20,20] (0)   19051.8
[20,40]   [50,20,20] (5)   18970.2
[20,40]   [50,20,20] (10)   14503.1
[20,40]   [50,20,20] (15)   11176.9
[20,40]   [50,20,20] (20)   11240.1
[20,40]   [50,20,20] (25)   10958.4
[20,40]   [50,20,20] (30)   10834.4
[20,40]   [50,30,5] (0)   12372.2
[20,40]   [50,30,5] (5)   12492.6
[20,40]   [50,30,5] (10)   12433.5
[20,40]   [50,30,5] (15)   10667.8
[20,40]   [50,30,5] (20)   7940.42
[20,40]   [50,30,5] (25)   5435.83
[20,40]   [50,30,5] (30)   4103.71
[20,40]   [50,30,10] (0)   12372.4
[20,40]   [50,30,10] (5)   12451.5
[20,40]   [50,30,10] (10)   12477.3
[20,40]   [50,30,10] (15)   12413.4
[20,40]   [50,30,10] (20)   11501
[20,40]   [50,30,10] (25)   10655.2
[20,40]   [50,30,10] (30)   10105
[20,40]   [50,30,15] (0)   12417
[20,40]   [50,30,15] (5)   12526.4
[20,40]   [50,30,15] (10)   12444.2
[20,40]   [50,30,15] (15)   11082.1
[20,40]   [50,30,15] (20)   9795.47
[20,40]   [50,30,15] (25)   9041.44
[20,40]   [50,30,15] (30)   8516.86
[20,40]   [50,30,20] (0)   12429.9
[20,40]   [50,30,20] (5)   12440.1
[20,40]   [50,30,20] (10)   12385.1
[20,40]   [50,30,20] (15)   12152.5
[20,40]   [50,30,20] (20)   11385.7
[20,40]   [50,30,20] (25)   10785.1
[20,40]   [50,30,20] (30)   10698.6
[20,40]   [50,40,5] (0)   13975.6
[20,40]   [50,40,5] (5)   14147.8
[20,40]   [50,40,5] (10)   14035.9
[20,40]   [50,40,5] (15)   13996.5
[20,40]   [50,40,5] (20)   11424.4
[20,40]   [50,40,5] (25)   9421.28
[20,40]   [50,40,5] (30)   6699.87
[20,40]   [50,40,10] (0)   13871.8
[20,40]   [50,40,10] (5)   14022.1
[20,40]   [50,40,10] (10)   14034.8
[20,40]   [50,40,10] (15)   13859.5
[20,40]   [50,40,10] (20)   12759.6
[20,40]   [50,40,10] (25)   11979.1
[20,40]   [50,40,10] (30)   11232.8
[20,40]   [50,40,15] (0)   14072.7
[20,40]   [50,40,15] (5)   14081.5
[20,40]   [50,40,15] (10)   14042.2
[20,40]   [50,40,15] (15)   13749.8
[20,40]   [50,40,15] (20)   12150.3
[20,40]   [50,40,15] (25)   10895.2
[20,40]   [50,40,15] (30)   10150.3
[20,40]   [50,40,20] (0)   14057.5
[20,40]   [50,40,20] (5)   13975.4
[20,40]   [50,40,20] (10)   14184.4
[20,40]   [50,40,20] (15)   14019.7
[20,40]   [50,40,20] (20)   12728
[20,40]   [50,40,20] (25)   12158.7
[20,40]   [50,40,20] (30)   12144.9
[20,40]   [50,50,5] (0)   13466.1
[20,40]   [50,50,5] (5)   13193.4
[20,40]   [50,50,5] (10)   13289.9
[20,40]   [50,50,5] (15)   13242.5
[20,40]   [50,50,5] (20)   13251.2
[20,40]   [50,50,5] (25)   12222.7
[20,40]   [50,50,5] (30)   10978.9
[20,40]   [50,50,10] (0)   13336.7
[20,40]   [50,50,10] (5)   13336.1
[20,40]   [50,50,10] (10)   13317.2
[20,40]   [50,50,10] (15)   13473.2
[20,40]   [50,50,10] (20)   13435.9
[20,40]   [50,50,10] (25)   13366.2
[20,40]   [50,50,10] (30)   12931.2
[20,40]   [50,50,15] (0)   13300.8
[20,40]   [50,50,15] (5)   13284
[20,40]   [50,50,15] (10)   13316.5
[20,40]   [50,50,15] (15)   13278
[20,40]   [50,50,15] (20)   13397
[20,40]   [50,50,15] (25)   12324.2
[20,40]   [50,50,15] (30)   11768.8
[20,40]   [50,50,20] (0)   13412.8
[20,40]   [50,50,20] (5)   13324.6
[20,40]   [50,50,20] (10)   13350.2
[20,40]   [50,50,20] (15)   13386.8
[20,40]   [50,50,20] (20)   13364.8
[20,40]   [50,50,20] (25)   13206
[20,40]   [50,50,20] (30)   12887.3
[20,40]   [50,60,5] (0)   14865.5
[20,40]   [50,60,5] (5)   14958.8
[20,40]   [50,60,5] (10)   14824.2
[20,40]   [50,60,5] (15)   15078.3
[20,40]   [50,60,5] (20)   14972.3
[20,40]   [50,60,5] (25)   15027.2
[20,40]   [50,60,5] (30)   14887.6
[20,40]   [50,60,10] (0)   15082
[20,40]   [50,60,10] (5)   15215.2
[20,40]   [50,60,10] (10)   15343.2
[20,40]   [50,60,10] (15)   15151.1
[20,40]   [50,60,10] (20)   14887.2
[20,40]   [50,60,10] (25)   15171
[20,40]   [50,60,10] (30)   15345.9
[20,40]   [50,60,15] (0)   15146.8
[20,40]   [50,60,15] (5)   15051.5
[20,40]   [50,60,15] (10)   15015.5
[20,40]   [50,60,15] (15)   15089.2
[20,40]   [50,60,15] (20)   15194.6
[20,40]   [50,60,15] (25)   15144.9
[20,40]   [50,60,15] (30)   15012.7
[20,40]   [50,60,20] (0)   14705.8
[20,40]   [50,60,20] (5)   15212
[20,40]   [50,60,20] (10)   15088.6
[20,40]   [50,60,20] (15)   15008.6
[20,40]   [50,60,20] (20)   15042.5
[20,40]   [50,60,20] (25)   15148
[20,40]   [50,60,20] (30)   15347.2
[20,40]   [60,10,5] (0)   32380
[20,40]   [60,10,5] (5)   21722.5
[20,40]   [60,10,5] (10)   6312.05
[20,40]   [60,10,5] (15)   4161.26
[20,40]   [60,10,5] (20)   3040.57
[20,40]   [60,10,5] (25)   2511.05
[20,40]   [60,10,5] (30)   1944.78
[20,40]   [60,10,10] (0)   32533.2
[20,40]   [60,10,10] (5)   24946.7
[20,40]   [60,10,10] (10)   13580.5
[20,40]   [60,10,10] (15)   9671.25
[20,40]   [60,10,10] (20)   9295.61
[20,40]   [60,10,10] (25)   8979.23
[20,40]   [60,10,10] (30)   8742.13
[20,40]   [60,10,15] (0)   32385.2
[20,40]   [60,10,15] (5)   18320.1
[20,40]   [60,10,15] (10)   9708.23
[20,40]   [60,10,15] (15)   8237.49
[20,40]   [60,10,15] (20)   8087.28
[20,40]   [60,10,15] (25)   7677.78
[20,40]   [60,10,15] (30)   7300.48
[20,40]   [60,10,20] (0)   32041.3
[20,40]   [60,10,20] (5)   19656.3
[20,40]   [60,10,20] (10)   11466.5
[20,40]   [60,10,20] (15)   11324.4
[20,40]   [60,10,20] (20)   10920.3
[20,40]   [60,10,20] (25)   10711.3
[20,40]   [60,10,20] (30)   10655.9
[20,40]   [60,20,5] (0)   28008.3
[20,40]   [60,20,5] (5)   28127.6
[20,40]   [60,20,5] (10)   20485
[20,40]   [60,20,5] (15)   7275.55
[20,40]   [60,20,5] (20)   4860.25
[20,40]   [60,20,5] (25)   3704.07
[20,40]   [60,20,5] (30)   3056.67
[20,40]   [60,20,10] (0)   27899.9
[20,40]   [60,20,10] (5)   27795.1
[20,40]   [60,20,10] (10)   22719.2
[20,40]   [60,20,10] (15)   11357.4
[20,40]   [60,20,10] (20)   10331.2
[20,40]   [60,20,10] (25)   9889.86
[20,40]   [60,20,10] (30)   9373.45
[20,40]   [60,20,15] (0)   27896.6
[20,40]   [60,20,15] (5)   27765.8
[20,40]   [60,20,15] (10)   18976
[20,40]   [60,20,15] (15)   9550.37
[20,40]   [60,20,15] (20)   8910.62
[20,40]   [60,20,15] (25)   8519.61
[20,40]   [60,20,15] (30)   8152.94
[20,40]   [60,20,20] (0)   27987.6
[20,40]   [60,20,20] (5)   28187.6
[20,40]   [60,20,20] (10)   25203.2
[20,40]   [60,20,20] (15)   14502.3
[20,40]   [60,20,20] (20)   14466.9
[20,40]   [60,20,20] (25)   14050.7
[20,40]   [60,20,20] (30)   14102.1
[20,40]   [60,30,5] (0)   17290.5
[20,40]   [60,30,5] (5)   17343
[20,40]   [60,30,5] (10)   17099.4
[20,40]   [60,30,5] (15)   13554.9
[20,40]   [60,30,5] (20)   8321.5
[20,40]   [60,30,5] (25)   5937.04
[20,40]   [60,30,5] (30)   4557.42
[20,40]   [60,30,10] (0)   17169.5
[20,40]   [60,30,10] (5)   17198.8
[20,40]   [60,30,10] (10)   17346.3
[20,40]   [60,30,10] (15)   15056.9
[20,40]   [60,30,10] (20)   11898.3
[20,40]   [60,30,10] (25)   11133.4
[20,40]   [60,30,10] (30)   10383.2
[20,40]   [60,30,15] (0)   17246.7
[20,40]   [60,30,15] (5)   17240.4
[20,40]   [60,30,15] (10)   16982.6
[20,40]   [60,30,15] (15)   13668.9
[20,40]   [60,30,15] (20)   10828
[20,40]   [60,30,15] (25)   10079.4
[20,40]   [60,30,15] (30)   9902.15
[20,40]   [60,30,20] (0)   17301.1
[20,40]   [60,30,20] (5)   17273.8
[20,40]   [60,30,20] (10)   17251.6
[20,40]   [60,30,20] (15)   14273
[20,40]   [60,30,20] (20)   12260.9
[20,40]   [60,30,20] (25)   12033.4
[20,40]   [60,30,20] (30)   11755.2
[20,40]   [60,40,5] (0)   15519.7
[20,40]   [60,40,5] (5)   15688.6
[20,40]   [60,40,5] (10)   15550.6
[20,40]   [60,40,5] (15)   15663
[20,40]   [60,40,5] (20)   13084.6
[20,40]   [60,40,5] (25)   10177.9
[20,40]   [60,40,5] (30)   7075.15
[20,40]   [60,40,10] (0)   15496.7
[20,40]   [60,40,10] (5)   15795.8
[20,40]   [60,40,10] (10)   15642.2
[20,40]   [60,40,10] (15)   15646.9
[20,40]   [60,40,10] (20)   14560.8
[20,40]   [60,40,10] (25)   13036.4
[20,40]   [60,40,10] (30)   11626.9
[20,40]   [60,40,15] (0)   15471.3
[20,40]   [60,40,15] (5)   15618
[20,40]   [60,40,15] (10)   15468.2
[20,40]   [60,40,15] (15)   15771.2
[20,40]   [60,40,15] (20)   13146.6
[20,40]   [60,40,15] (25)   11494.5
[20,40]   [60,40,15] (30)   10268.2
[20,40]   [60,40,20] (0)   15616.5
[20,40]   [60,40,20] (5)   15692.1
[20,40]   [60,40,20] (10)   15553
[20,40]   [60,40,20] (15)   15515.7
[20,40]   [60,40,20] (20)   15336.9
[20,40]   [60,40,20] (25)   15366.6
[20,40]   [60,40,20] (30)   15096.8
[20,40]   [60,50,5] (0)   13757.8
[20,40]   [60,50,5] (5)   13756.8
[20,40]   [60,50,5] (10)   13672.8
[20,40]   [60,50,5] (15)   13748
[20,40]   [60,50,5] (20)   13753.5
[20,40]   [60,50,5] (25)   12635
[20,40]   [60,50,5] (30)   11146
[20,40]   [60,50,10] (0)   13584.4
[20,40]   [60,50,10] (5)   13712.4
[20,40]   [60,50,10] (10)   13794.1
[20,40]   [60,50,10] (15)   13539.7
[20,40]   [60,50,10] (20)   13763.8
[20,40]   [60,50,10] (25)   13706.4
[20,40]   [60,50,10] (30)   13208.7
[20,40]   [60,50,15] (0)   13715.7
[20,40]   [60,50,15] (5)   13566.9
[20,40]   [60,50,15] (10)   13867
[20,40]   [60,50,15] (15)   13873.5
[20,40]   [60,50,15] (20)   13561.4
[20,40]   [60,50,15] (25)   12945.7
[20,40]   [60,50,15] (30)   11939.8
[20,40]   [60,50,20] (0)   13900.4
[20,40]   [60,50,20] (5)   13722
[20,40]   [60,50,20] (10)   13713.9
[20,40]   [60,50,20] (15)   13706.2
[20,40]   [60,50,20] (20)   13716.9
[20,40]   [60,50,20] (25)   13675.7
[20,40]   [60,50,20] (30)   13596.2
[20,40]   [60,60,5] (0)   18701
[20,40]   [60,60,5] (5)   18725.6
[20,40]   [60,60,5] (10)   18485.7
[20,40]   [60,60,5] (15)   18768.3
[20,40]   [60,60,5] (20)   18703.6
[20,40]   [60,60,5] (25)   18714
[20,40]   [60,60,5] (30)   15596.6
[20,40]   [60,60,10] (0)   18449.8
[20,40]   [60,60,10] (5)   18799.9
[20,40]   [60,60,10] (10)   18618.6
[20,40]   [60,60,10] (15)   18679.7
[20,40]   [60,60,10] (20)   18827.2
[20,40]   [60,60,10] (25)   18753.1
[20,40]   [60,60,10] (30)   15210.7
[20,40]   [60,60,15] (0)   18446.4
[20,40]   [60,60,15] (5)   18906.5
[20,40]   [60,60,15] (10)   18682.9
[20,40]   [60,60,15] (15)   18819.4
[20,40]   [60,60,15] (20)   18691.1
[20,40]   [60,60,15] (25)   18769
[20,40]   [60,60,15] (30)   15296.6
[20,40]   [60,60,20] (0)   18920.9
[20,40]   [60,60,20] (5)   18707
[20,40]   [60,60,20] (10)   18757.4
[20,40]   [60,60,20] (15)   18748.3
[20,40]   [60,60,20] (20)   18608.8
[20,40]   [60,60,20] (25)   18638.2
[20,40]   [60,60,20] (30)   15761.9
