[80,30]   [10,10,5] (0)   77.7332
[80,30]   [10,10,5] (5)   55.1031
[80,30]   [10,10,5] (10)   55.3698
[80,30]   [10,10,5] (15)   65.1044
[80,30]   [10,10,5] (20)   75.1547
[80,30]   [10,10,5] (25)   85.1485
[80,30]   [10,10,5] (30)   95.0218
[80,30]   [10,10,10] (0)   78.4822
[80,30]   [10,10,10] (5)   64.1203
[80,30]   [10,10,10] (10)   70.0739
[80,30]   [10,10,10] (15)   78.6107
[80,30]   [10,10,10] (20)   87.4778
[80,30]   [10,10,10] (25)   96.1327
[80,30]   [10,10,10] (30)   104.552
[80,30]   [10,10,15] (0)   82.5195
[80,30]   [10,10,15] (5)   67.2397
[80,30]   [10,10,15] (10)   74.6132
[80,30]   [10,10,15] (15)   83.3357
[80,30]   [10,10,15] (20)   92.1354
[80,30]   [10,10,15] (25)   101.221
[80,30]   [10,10,15] (30)   109.79
[80,30]   [10,10,20] (0)   80.0687
[80,30]   [10,10,20] (5)   76.1181
[80,30]   [10,10,20] (10)   83.8111
[80,30]   [10,10,20] (15)   92.3511
[80,30]   [10,10,20] (20)   101.176
[80,30]   [10,10,20] (25)   109.844
[80,30]   [10,10,20] (30)   118.601
[80,30]   [10,20,5] (0)   8184.47
[80,30]   [10,20,5] (5)   8240.11
[80,30]   [10,20,5] (10)   8167.61
[80,30]   [10,20,5] (15)   8213.25
[80,30]   [10,20,5] (20)   8328.77
[80,30]   [10,20,5] (25)   7794.78
[80,30]   [10,20,5] (30)   7436.9
[80,30]   [10,20,10] (0)   8190.94
[80,30]   [10,20,10] (5)   8198.41
[80,30]   [10,20,10] (10)   8153.98
[80,30]   [10,20,10] (15)   8165.04
[80,30]   [10,20,10] (20)   8190.66
[80,30]   [10,20,10] (25)   8197.8
[80,30]   [10,20,10] (30)   8260.69
[80,30]   [10,20,15] (0)   8256.86
[80,30]   [10,20,15] (5)   8135.27
[80,30]   [10,20,15] (10)   8260.41
[80,30]   [10,20,15] (15)   8198.41
[80,30]   [10,20,15] (20)   8149.02
[80,30]   [10,20,15] (25)   7150.27
[80,30]   [10,20,15] (30)   6398.1
[80,30]   [10,20,20] (0)   8193.01
[80,30]   [10,20,20] (5)   8185.85
[80,30]   [10,20,20] (10)   8294.32
[80,30]   [10,20,20] (15)   8185.34
[80,30]   [10,20,20] (20)   8167.56
[80,30]   [10,20,20] (25)   8251.94
[80,30]   [10,20,20] (30)   8199.24
[80,30]   [10,30,5] (0)   17574.3
[80,30]   [10,30,5] (5)   17517.4
[80,30]   [10,30,5] (10)   17469.4
[80,30]   [10,30,5] (15)   17578.6
[80,30]   [10,30,5] (20)   17656.4
[80,30]   [10,30,5] (25)   17560.9
[80,30]   [10,30,5] (30)   16307.1
[80,30]   [10,30,10] (0)   17562.3
[80,30]   [10,30,10] (5)   17500.7
[80,30]   [10,30,10] (10)   17650.1
[80,30]   [10,30,10] (15)   17673.3
[80,30]   [10,30,10] (20)   17711.6
[80,30]   [10,30,10] (25)   17622.5
[80,30]   [10,30,10] (30)   17631.3
[80,30]   [10,30,15] (0)   17337.8
[80,30]   [10,30,15] (5)   17549.7
[80,30]   [10,30,15] (10)   17639.2
[80,30]   [10,30,15] (15)   17728.3
[80,30]   [10,30,15] (20)   17583.8
[80,30]   [10,30,15] (25)   17281.9
[80,30]   [10,30,15] (30)   16374.1
[80,30]   [10,30,20] (0)   17694.3
[80,30]   [10,30,20] (5)   17687.7
[80,30]   [10,30,20] (10)   17616.5
[80,30]   [10,30,20] (15)   17682.8
[80,30]   [10,30,20] (20)   17672.5
[80,30]   [10,30,20] (25)   17706.2
[80,30]   [10,30,20] (30)   17604.7
[80,30]   [10,40,5] (0)   26283.4
[80,30]   [10,40,5] (5)   26350.4
[80,30]   [10,40,5] (10)   26276.6
[80,30]   [10,40,5] (15)   26342.3
[80,30]   [10,40,5] (20)   26388.5
[80,30]   [10,40,5] (25)   26399.4
[80,30]   [10,40,5] (30)   26472.9
[80,30]   [10,40,10] (0)   26364.9
[80,30]   [10,40,10] (5)   26366.2
[80,30]   [10,40,10] (10)   26263
[80,30]   [10,40,10] (15)   26360.2
[80,30]   [10,40,10] (20)   26304.2
[80,30]   [10,40,10] (25)   26369.4
[80,30]   [10,40,10] (30)   26306.5
[80,30]   [10,40,15] (0)   26435.7
[80,30]   [10,40,15] (5)   26333.1
[80,30]   [10,40,15] (10)   26213.4
[80,30]   [10,40,15] (15)   26376.1
[80,30]   [10,40,15] (20)   26262.1
[80,30]   [10,40,15] (25)   26391.7
[80,30]   [10,40,15] (30)   26113.1
[80,30]   [10,40,20] (0)   26424.3
[80,30]   [10,40,20] (5)   26429.7
[80,30]   [10,40,20] (10)   26330.9
[80,30]   [10,40,20] (15)   26345.8
[80,30]   [10,40,20] (20)   26267.2
[80,30]   [10,40,20] (25)   26173.9
[80,30]   [10,40,20] (30)   26349.7
[80,30]   [10,50,5] (0)   33389.2
[80,30]   [10,50,5] (5)   33376
[80,30]   [10,50,5] (10)   33414.7
[80,30]   [10,50,5] (15)   33358.3
[80,30]   [10,50,5] (20)   33385.9
[80,30]   [10,50,5] (25)   33426.3
[80,30]   [10,50,5] (30)   33371.6
[80,30]   [10,50,10] (0)   33354.3
[80,30]   [10,50,10] (5)   33379.3
[80,30]   [10,50,10] (10)   33379
[80,30]   [10,50,10] (15)   33398.9
[80,30]   [10,50,10] (20)   33429.9
[80,30]   [10,50,10] (25)   33401.2
[80,30]   [10,50,10] (30)   33397.7
[80,30]   [10,50,15] (0)   33538.8
[80,30]   [10,50,15] (5)   33203.6
[80,30]   [10,50,15] (10)   33252.8
[80,30]   [10,50,15] (15)   33380.6
[80,30]   [10,50,15] (20)   33304.7
[80,30]   [10,50,15] (25)   33387.8
[80,30]   [10,50,15] (30)   33405.4
[80,30]   [10,50,20] (0)   33321.8
[80,30]   [10,50,20] (5)   33272.6
[80,30]   [10,50,20] (10)   33390.1
[80,30]   [10,50,20] (15)   33424.1
[80,30]   [10,50,20] (20)   33267.9
[80,30]   [10,50,20] (25)   33372.1
[80,30]   [10,50,20] (30)   33405.7
[80,30]   [10,60,5] (0)   39734.7
[80,30]   [10,60,5] (5)   39764.2
[80,30]   [10,60,5] (10)   39684
[80,30]   [10,60,5] (15)   39738.6
[80,30]   [10,60,5] (20)   39741.7
[80,30]   [10,60,5] (25)   39762
[80,30]   [10,60,5] (30)   39745.4
[80,30]   [10,60,10] (0)   39761.7
[80,30]   [10,60,10] (5)   39766.3
[80,30]   [10,60,10] (10)   39733.5
[80,30]   [10,60,10] (15)   39802.2
[80,30]   [10,60,10] (20)   39781.2
[80,30]   [10,60,10] (25)   39833.1
[80,30]   [10,60,10] (30)   39749
[80,30]   [10,60,15] (0)   39762.3
[80,30]   [10,60,15] (5)   39755.9
[80,30]   [10,60,15] (10)   39746
[80,30]   [10,60,15] (15)   39792.9
[80,30]   [10,60,15] (20)   39739.7
[80,30]   [10,60,15] (25)   39716.4
[80,30]   [10,60,15] (30)   39794.8
[80,30]   [10,60,20] (0)   39727.1
[80,30]   [10,60,20] (5)   39769.3
[80,30]   [10,60,20] (10)   39756
[80,30]   [10,60,20] (15)   39747.4
[80,30]   [10,60,20] (20)   39729.8
[80,30]   [10,60,20] (25)   39717.4
[80,30]   [10,60,20] (30)   39751
[80,30]   [20,10,5] (0)   7628.44
[80,30]   [20,10,5] (5)   1761.82
[80,30]   [20,10,5] (10)   58.6178
[80,30]   [20,10,5] (15)   61.1321
[80,30]   [20,10,5] (20)   70.5734
[80,30]   [20,10,5] (25)   80.2641
[80,30]   [20,10,5] (30)   90.2397
[80,30]   [20,10,10] (0)   7669.16
[80,30]   [20,10,10] (5)   1668.46
[80,30]   [20,10,10] (10)   75.3996
[80,30]   [20,10,10] (15)   79.3247
[80,30]   [20,10,10] (20)   87.3954
[80,30]   [20,10,10] (25)   95.477
[80,30]   [20,10,10] (30)   103.999
[80,30]   [20,10,15] (0)   7679.58
[80,30]   [20,10,15] (5)   103.867
[80,30]   [20,10,15] (10)   80.1618
[80,30]   [20,10,15] (15)   86.7752
[80,30]   [20,10,15] (20)   94.6911
[80,30]   [20,10,15] (25)   103.04
[80,30]   [20,10,15] (30)   111.444
[80,30]   [20,10,20] (0)   7610.27
[80,30]   [20,10,20] (5)   131.804
[80,30]   [20,10,20] (10)   93.7717
[80,30]   [20,10,20] (15)   99.453
[80,30]   [20,10,20] (20)   107.349
[80,30]   [20,10,20] (25)   115.232
[80,30]   [20,10,20] (30)   123.081
[80,30]   [20,20,5] (0)   117.788
[80,30]   [20,20,5] (5)   119.875
[80,30]   [20,20,5] (10)   102.905
[80,30]   [20,20,5] (15)   91.1902
[80,30]   [20,20,5] (20)   96.4956
[80,30]   [20,20,5] (25)   105.143
[80,30]   [20,20,5] (30)   113.72
[80,30]   [20,20,10] (0)   119.642
[80,30]   [20,20,10] (5)   118.617
[80,30]   [20,20,10] (10)   107.741
[80,30]   [20,20,10] (15)   104.225
[80,30]   [20,20,10] (20)   111.76
[80,30]   [20,20,10] (25)   119.307
[80,30]   [20,20,10] (30)   127.336
[80,30]   [20,20,15] (0)   117.941
[80,30]   [20,20,15] (5)   116.141
[80,30]   [20,20,15] (10)   104.837
[80,30]   [20,20,15] (15)   107.183
[80,30]   [20,20,15] (20)   114.114
[80,30]   [20,20,15] (25)   122.474
[80,30]   [20,20,15] (30)   130.08
[80,30]   [20,20,20] (0)   117.989
[80,30]   [20,20,20] (5)   119.447
[80,30]   [20,20,20] (10)   111.988
[80,30]   [20,20,20] (15)   116.342
[80,30]   [20,20,20] (20)   123.865
[80,30]   [20,20,20] (25)   131.51
[80,30]   [20,20,20] (30)   139.938
[80,30]   [20,30,5] (0)   5889.61
[80,30]   [20,30,5] (5)   5868.91
[80,30]   [20,30,5] (10)   5903.35
[80,30]   [20,30,5] (15)   5978.79
[80,30]   [20,30,5] (20)   5960.39
[80,30]   [20,30,5] (25)   5718.35
[80,30]   [20,30,5] (30)   5801.55
[80,30]   [20,30,10] (0)   5927.58
[80,30]   [20,30,10] (5)   5987.09
[80,30]   [20,30,10] (10)   5909.71
[80,30]   [20,30,10] (15)   5854.63
[80,30]   [20,30,10] (20)   5908.49
[80,30]   [20,30,10] (25)   5796.2
[80,30]   [20,30,10] (30)   5939.74
[80,30]   [20,30,15] (0)   5795.69
[80,30]   [20,30,15] (5)   5692.2
[80,30]   [20,30,15] (10)   5793.14
[80,30]   [20,30,15] (15)   5959.55
[80,30]   [20,30,15] (20)   6057.27
[80,30]   [20,30,15] (25)   5794.44
[80,30]   [20,30,15] (30)   4889.36
[80,30]   [20,30,20] (0)   5977.03
[80,30]   [20,30,20] (5)   5938.53
[80,30]   [20,30,20] (10)   5823.28
[80,30]   [20,30,20] (15)   5888.85
[80,30]   [20,30,20] (20)   5931.19
[80,30]   [20,30,20] (25)   5851.35
[80,30]   [20,30,20] (30)   5834.19
[80,30]   [20,40,5] (0)   14904
[80,30]   [20,40,5] (5)   14905.8
[80,30]   [20,40,5] (10)   14719.6
[80,30]   [20,40,5] (15)   14857.6
[80,30]   [20,40,5] (20)   14619.7
[80,30]   [20,40,5] (25)   14755.3
[80,30]   [20,40,5] (30)   14786.1
[80,30]   [20,40,10] (0)   14798.8
[80,30]   [20,40,10] (5)   14733
[80,30]   [20,40,10] (10)   14891.5
[80,30]   [20,40,10] (15)   14904.4
[80,30]   [20,40,10] (20)   14746.4
[80,30]   [20,40,10] (25)   14702.8
[80,30]   [20,40,10] (30)   14818.8
[80,30]   [20,40,15] (0)   14762
[80,30]   [20,40,15] (5)   14609.9
[80,30]   [20,40,15] (10)   14711.2
[80,30]   [20,40,15] (15)   14808.4
[80,30]   [20,40,15] (20)   14732.9
[80,30]   [20,40,15] (25)   14743.3
[80,30]   [20,40,15] (30)   14762.3
[80,30]   [20,40,20] (0)   14668.9
[80,30]   [20,40,20] (5)   14873.1
[80,30]   [20,40,20] (10)   14924.5
[80,30]   [20,40,20] (15)   14661.4
[80,30]   [20,40,20] (20)   14906
[80,30]   [20,40,20] (25)   14833.4
[80,30]   [20,40,20] (30)   14832.3
[80,30]   [20,50,5] (0)   21840.6
[80,30]   [20,50,5] (5)   21949.1
[80,30]   [20,50,5] (10)   21643.1
[80,30]   [20,50,5] (15)   21744.9
[80,30]   [20,50,5] (20)   21986.8
[80,30]   [20,50,5] (25)   22035.7
[80,30]   [20,50,5] (30)   22099.8
[80,30]   [20,50,10] (0)   21931.8
[80,30]   [20,50,10] (5)   22051.5
[80,30]   [20,50,10] (10)   21896.2
[80,30]   [20,50,10] (15)   22058
[80,30]   [20,50,10] (20)   22043
[80,30]   [20,50,10] (25)   22008.4
[80,30]   [20,50,10] (30)   22122.5
[80,30]   [20,50,15] (0)   21948.9
[80,30]   [20,50,15] (5)   22003.6
[80,30]   [20,50,15] (10)   22001.8
[80,30]   [20,50,15] (15)   21905.7
[80,30]   [20,50,15] (20)   21973.9
[80,30]   [20,50,15] (25)   22023
[80,30]   [20,50,15] (30)   22054.3
[80,30]   [20,50,20] (0)   21806.4
[80,30]   [20,50,20] (5)   21943
[80,30]   [20,50,20] (10)   21981.6
[80,30]   [20,50,20] (15)   21989.4
[80,30]   [20,50,20] (20)   22053.3
[80,30]   [20,50,20] (25)   21902.4
[80,30]   [20,50,20] (30)   22015.9
[80,30]   [20,60,5] (0)   28740.3
[80,30]   [20,60,5] (5)   28575.7
[80,30]   [20,60,5] (10)   28450
[80,30]   [20,60,5] (15)   28460.7
[80,30]   [20,60,5] (20)   28598
[80,30]   [20,60,5] (25)   28544.4
[80,30]   [20,60,5] (30)   28413.3
[80,30]   [20,60,10] (0)   28526.5
[80,30]   [20,60,10] (5)   28785.8
[80,30]   [20,60,10] (10)   28300.4
[80,30]   [20,60,10] (15)   28521.9
[80,30]   [20,60,10] (20)   28730.1
[80,30]   [20,60,10] (25)   28762.9
[80,30]   [20,60,10] (30)   28800.5
[80,30]   [20,60,15] (0)   28750.2
[80,30]   [20,60,15] (5)   28579.3
[80,30]   [20,60,15] (10)   28752
[80,30]   [20,60,15] (15)   28320.2
[80,30]   [20,60,15] (20)   28677
[80,30]   [20,60,15] (25)   28736.9
[80,30]   [20,60,15] (30)   28725.6
[80,30]   [20,60,20] (0)   28683.8
[80,30]   [20,60,20] (5)   28565.6
[80,30]   [20,60,20] (10)   28744.1
[80,30]   [20,60,20] (15)   28443.1
[80,30]   [20,60,20] (20)   28628.4
[80,30]   [20,60,20] (25)   28698.2
[80,30]   [20,60,20] (30)   28826.7
[80,30]   [30,10,5] (0)   14275.1
[80,30]   [30,10,5] (5)   7356.7
[80,30]   [30,10,5] (10)   72.9744
[80,30]   [30,10,5] (15)   67.0835
[80,30]   [30,10,5] (20)   70.6369
[80,30]   [30,10,5] (25)   78.237
[80,30]   [30,10,5] (30)   88.448
[80,30]   [30,10,10] (0)   14687.6
[80,30]   [30,10,10] (5)   7916.55
[80,30]   [30,10,10] (10)   111.604
[80,30]   [30,10,10] (15)   85.0103
[80,30]   [30,10,10] (20)   87.6455
[80,30]   [30,10,10] (25)   94.3983
[80,30]   [30,10,10] (30)   102.735
[80,30]   [30,10,15] (0)   14355.7
[80,30]   [30,10,15] (5)   3562.17
[80,30]   [30,10,15] (10)   92.3692
[80,30]   [30,10,15] (15)   93.3702
[80,30]   [30,10,15] (20)   97.4234
[80,30]   [30,10,15] (25)   104.72
[80,30]   [30,10,15] (30)   112.957
[80,30]   [30,10,20] (0)   14203.7
[80,30]   [30,10,20] (5)   3299.81
[80,30]   [30,10,20] (10)   100.622
[80,30]   [30,10,20] (15)   102.429
[80,30]   [30,10,20] (20)   110.31
[80,30]   [30,10,20] (25)   117.823
[80,30]   [30,10,20] (30)   125.486
[80,30]   [30,20,5] (0)   6286.48
[80,30]   [30,20,5] (5)   6259.87
[80,30]   [30,20,5] (10)   4045.79
[80,30]   [30,20,5] (15)   99.0052
[80,30]   [30,20,5] (20)   85.0259
[80,30]   [30,20,5] (25)   88.3776
[80,30]   [30,20,5] (30)   97.3331
[80,30]   [30,20,10] (0)   6298.4
[80,30]   [30,20,10] (5)   6313.87
[80,30]   [30,20,10] (10)   4324.66
[80,30]   [30,20,10] (15)   110.64
[80,30]   [30,20,10] (20)   103.979
[80,30]   [30,20,10] (25)   108.983
[80,30]   [30,20,10] (30)   116.922
[80,30]   [30,20,15] (0)   6332.28
[80,30]   [30,20,15] (5)   6325.42
[80,30]   [30,20,15] (10)   2669.03
[80,30]   [30,20,15] (15)   109.64
[80,30]   [30,20,15] (20)   110.415
[80,30]   [30,20,15] (25)   116.66
[80,30]   [30,20,15] (30)   124.388
[80,30]   [30,20,20] (0)   6310.39
[80,30]   [30,20,20] (5)   6370.29
[80,30]   [30,20,20] (10)   3191.16
[80,30]   [30,20,20] (15)   121.41
[80,30]   [30,20,20] (20)   123.169
[80,30]   [30,20,20] (25)   130.067
[80,30]   [30,20,20] (30)   137.608
[80,30]   [30,30,5] (0)   153.851
[80,30]   [30,30,5] (5)   154.343
[80,30]   [30,30,5] (10)   155.817
[80,30]   [30,30,5] (15)   142.795
[80,30]   [30,30,5] (20)   119.677
[80,30]   [30,30,5] (25)   116.403
[80,30]   [30,30,5] (30)   123.849
[80,30]   [30,30,10] (0)   155.605
[80,30]   [30,30,10] (5)   153.669
[80,30]   [30,30,10] (10)   152.806
[80,30]   [30,30,10] (15)   144.779
[80,30]   [30,30,10] (20)   131.472
[80,30]   [30,30,10] (25)   135.622
[80,30]   [30,30,10] (30)   142.569
[80,30]   [30,30,15] (0)   153.626
[80,30]   [30,30,15] (5)   155.383
[80,30]   [30,30,15] (10)   156.478
[80,30]   [30,30,15] (15)   141.076
[80,30]   [30,30,15] (20)   132.978
[80,30]   [30,30,15] (25)   138.266
[80,30]   [30,30,15] (30)   146.005
[80,30]   [30,30,20] (0)   153.334
[80,30]   [30,30,20] (5)   153.669
[80,30]   [30,30,20] (10)   154.954
[80,30]   [30,30,20] (15)   144.913
[80,30]   [30,30,20] (20)   142.207
[80,30]   [30,30,20] (25)   148.487
[80,30]   [30,30,20] (30)   156.478
[80,30]   [30,40,5] (0)   3868.67
[80,30]   [30,40,5] (5)   3902.59
[80,30]   [30,40,5] (10)   3992.47
[80,30]   [30,40,5] (15)   3756.53
[80,30]   [30,40,5] (20)   3956.18
[80,30]   [30,40,5] (25)   3846.53
[80,30]   [30,40,5] (30)   3874.18
[80,30]   [30,40,10] (0)   3810.35
[80,30]   [30,40,10] (5)   3833.04
[80,30]   [30,40,10] (10)   3847.07
[80,30]   [30,40,10] (15)   3755.64
[80,30]   [30,40,10] (20)   3763.55
[80,30]   [30,40,10] (25)   3805.27
[80,30]   [30,40,10] (30)   3848.33
[80,30]   [30,40,15] (0)   3798.34
[80,30]   [30,40,15] (5)   3689.3
[80,30]   [30,40,15] (10)   3835.75
[80,30]   [30,40,15] (15)   3860.27
[80,30]   [30,40,15] (20)   3912.68
[80,30]   [30,40,15] (25)   3551.08
[80,30]   [30,40,15] (30)   3871.77
[80,30]   [30,40,20] (0)   3840.17
[80,30]   [30,40,20] (5)   3849.95
[80,30]   [30,40,20] (10)   3757.97
[80,30]   [30,40,20] (15)   3853.15
[80,30]   [30,40,20] (20)   3880.75
[80,30]   [30,40,20] (25)   3904.07
[80,30]   [30,40,20] (30)   3783.77
[80,30]   [30,50,5] (0)   11093.2
[80,30]   [30,50,5] (5)   11037
[80,30]   [30,50,5] (10)   11024
[80,30]   [30,50,5] (15)   11107.4
[80,30]   [30,50,5] (20)   11228.3
[80,30]   [30,50,5] (25)   11233.7
[80,30]   [30,50,5] (30)   11095.6
[80,30]   [30,50,10] (0)   11161.3
[80,30]   [30,50,10] (5)   11054.4
[80,30]   [30,50,10] (10)   11048.5
[80,30]   [30,50,10] (15)   11004.4
[80,30]   [30,50,10] (20)   11132.9
[80,30]   [30,50,10] (25)   11095.6
[80,30]   [30,50,10] (30)   11252.4
[80,30]   [30,50,15] (0)   11130.1
[80,30]   [30,50,15] (5)   11214.3
[80,30]   [30,50,15] (10)   11113.2
[80,30]   [30,50,15] (15)   11015.6
[80,30]   [30,50,15] (20)   10943
[80,30]   [30,50,15] (25)   10957.1
[80,30]   [30,50,15] (30)   10873.8
[80,30]   [30,50,20] (0)   11064.9
[80,30]   [30,50,20] (5)   11032
[80,30]   [30,50,20] (10)   11097.7
[80,30]   [30,50,20] (15)   11127.3
[80,30]   [30,50,20] (20)   11135.6
[80,30]   [30,50,20] (25)   11130.8
[80,30]   [30,50,20] (30)   10970.6
[80,30]   [30,60,5] (0)   18010.9
[80,30]   [30,60,5] (5)   18197
[80,30]   [30,60,5] (10)   18019
[80,30]   [30,60,5] (15)   18117.6
[80,30]   [30,60,5] (20)   18243.4
[80,30]   [30,60,5] (25)   18144.5
[80,30]   [30,60,5] (30)   18238.5
[80,30]   [30,60,10] (0)   18206.9
[80,30]   [30,60,10] (5)   18161.9
[80,30]   [30,60,10] (10)   18105.3
[80,30]   [30,60,10] (15)   18155.4
[80,30]   [30,60,10] (20)   18147.5
[80,30]   [30,60,10] (25)   18252
[80,30]   [30,60,10] (30)   18173.9
[80,30]   [30,60,15] (0)   18133.1
[80,30]   [30,60,15] (5)   18146.2
[80,30]   [30,60,15] (10)   18088.9
[80,30]   [30,60,15] (15)   18212.2
[80,30]   [30,60,15] (20)   18147
[80,30]   [30,60,15] (25)   18052
[80,30]   [30,60,15] (30)   18265.9
[80,30]   [30,60,20] (0)   18216.2
[80,30]   [30,60,20] (5)   18193.2
[80,30]   [30,60,20] (10)   18185.4
[80,30]   [30,60,20] (15)   18082.8
[80,30]   [30,60,20] (20)   18152.1
[80,30]   [30,60,20] (25)   18197.8
[80,30]   [30,60,20] (30)   18150.1
[80,30]   [40,10,5] (0)   20791.4
[80,30]   [40,10,5] (5)   12345.7
[80,30]   [40,10,5] (10)   129.883
[80,30]   [40,10,5] (15)   75.5344
[80,30]   [40,10,5] (20)   76.8273
[80,30]   [40,10,5] (25)   80.1369
[80,30]   [40,10,5] (30)   89.5486
[80,30]   [40,10,10] (0)   19976
[80,30]   [40,10,10] (5)   13365.4
[80,30]   [40,10,10] (10)   3809.28
[80,30]   [40,10,10] (15)   100.207
[80,30]   [40,10,10] (20)   94.5276
[80,30]   [40,10,10] (25)   96.5037
[80,30]   [40,10,10] (30)   102.092
[80,30]   [40,10,15] (0)   20078.6
[80,30]   [40,10,15] (5)   8876.96
[80,30]   [40,10,15] (10)   1302.47
[80,30]   [40,10,15] (15)   105.032
[80,30]   [40,10,15] (20)   103.162
[80,30]   [40,10,15] (25)   107.328
[80,30]   [40,10,15] (30)   113.091
[80,30]   [40,10,20] (0)   19971.6
[80,30]   [40,10,20] (5)   8591.84
[80,30]   [40,10,20] (10)   118.491
[80,30]   [40,10,20] (15)   116.423
[80,30]   [40,10,20] (20)   118.102
[80,30]   [40,10,20] (25)   122.061
[80,30]   [40,10,20] (30)   128.378
[80,30]   [40,20,5] (0)   12108.4
[80,30]   [40,20,5] (5)   12123.1
[80,30]   [40,20,5] (10)   9411.67
[80,30]   [40,20,5] (15)   163.796
[80,30]   [40,20,5] (20)   94.3796
[80,30]   [40,20,5] (25)   89.3053
[80,30]   [40,20,5] (30)   91.8566
[80,30]   [40,20,10] (0)   12252.9
[80,30]   [40,20,10] (5)   12132.5
[80,30]   [40,20,10] (10)   9960.09
[80,30]   [40,20,10] (15)   1711.99
[80,30]   [40,20,10] (20)   115.374
[80,30]   [40,20,10] (25)   109.454
[80,30]   [40,20,10] (30)   112.906
[80,30]   [40,20,15] (0)   12120.4
[80,30]   [40,20,15] (5)   12207.9
[80,30]   [40,20,15] (10)   8292.62
[80,30]   [40,20,15] (15)   132.978
[80,30]   [40,20,15] (20)   117.799
[80,30]   [40,20,15] (25)   117.58
[80,30]   [40,20,15] (30)   122.598
[80,30]   [40,20,20] (0)   12126.6
[80,30]   [40,20,20] (5)   12083.7
[80,30]   [40,20,20] (10)   8474.4
[80,30]   [40,20,20] (15)   135.431
[80,30]   [40,20,20] (20)   127.222
[80,30]   [40,20,20] (25)   131.204
[80,30]   [40,20,20] (30)   137.429
[80,30]   [40,30,5] (0)   5347.25
[80,30]   [40,30,5] (5)   5350.5
[80,30]   [40,30,5] (10)   5367.99
[80,30]   [40,30,5] (15)   4182.07
[80,30]   [40,30,5] (20)   141.405
[80,30]   [40,30,5] (25)   110.852
[80,30]   [40,30,5] (30)   107.497
[80,30]   [40,30,10] (0)   5408.23
[80,30]   [40,30,10] (5)   5391.51
[80,30]   [40,30,10] (10)   5340.49
[80,30]   [40,30,10] (15)   4330.17
[80,30]   [40,30,10] (20)   154.007
[80,30]   [40,30,10] (25)   130.751
[80,30]   [40,30,10] (30)   131.34
[80,30]   [40,30,15] (0)   5423.06
[80,30]   [40,30,15] (5)   5388.02
[80,30]   [40,30,15] (10)   5444
[80,30]   [40,30,15] (15)   3399.63
[80,30]   [40,30,15] (20)   141.755
[80,30]   [40,30,15] (25)   134.652
[80,30]   [40,30,15] (30)   138.659
[80,30]   [40,30,20] (0)   5391.01
[80,30]   [40,30,20] (5)   5362.66
[80,30]   [40,30,20] (10)   5356.68
[80,30]   [40,30,20] (15)   3548.68
[80,30]   [40,30,20] (20)   150.299
[80,30]   [40,30,20] (25)   147.08
[80,30]   [40,30,20] (30)   152.007
[80,30]   [40,40,5] (0)   186.33
[80,30]   [40,40,5] (5)   185.476
[80,30]   [40,40,5] (10)   184.271
[80,30]   [40,40,5] (15)   186.413
[80,30]   [40,40,5] (20)   181.161
[80,30]   [40,40,5] (25)   157.655
[80,30]   [40,40,5] (30)   141.81
[80,30]   [40,40,10] (0)   185.785
[80,30]   [40,40,10] (5)   186.54
[80,30]   [40,40,10] (10)   188.504
[80,30]   [40,40,10] (15)   188.992
[80,30]   [40,40,10] (20)   180.919
[80,30]   [40,40,10] (25)   163.789
[80,30]   [40,40,10] (30)   159.645
[80,30]   [40,40,15] (0)   187.956
[80,30]   [40,40,15] (5)   185.351
[80,30]   [40,40,15] (10)   185.153
[80,30]   [40,40,15] (15)   184.57
[80,30]   [40,40,15] (20)   178.926
[80,30]   [40,40,15] (25)   162.254
[80,30]   [40,40,15] (30)   162.211
[80,30]   [40,40,20] (0)   185.045
[80,30]   [40,40,20] (5)   187.575
[80,30]   [40,40,20] (10)   184.209
[80,30]   [40,40,20] (15)   186.413
[80,30]   [40,40,20] (20)   180.622
[80,30]   [40,40,20] (25)   170.77
[80,30]   [40,40,20] (30)   173.431
[80,30]   [40,50,5] (0)   2323.82
[80,30]   [40,50,5] (5)   2466.87
[80,30]   [40,50,5] (10)   2172.31
[80,30]   [40,50,5] (15)   2297.66
[80,30]   [40,50,5] (20)   2284.7
[80,30]   [40,50,5] (25)   2368.29
[80,30]   [40,50,5] (30)   2384.73
[80,30]   [40,50,10] (0)   2326.31
[80,30]   [40,50,10] (5)   2536.68
[80,30]   [40,50,10] (10)   2337.41
[80,30]   [40,50,10] (15)   2383.68
[80,30]   [40,50,10] (20)   2359.25
[80,30]   [40,50,10] (25)   2404.72
[80,30]   [40,50,10] (30)   2446.3
[80,30]   [40,50,15] (0)   2271.17
[80,30]   [40,50,15] (5)   2325.84
[80,30]   [40,50,15] (10)   2368.13
[80,30]   [40,50,15] (15)   2411.21
[80,30]   [40,50,15] (20)   2376.97
[80,30]   [40,50,15] (25)   2380.76
[80,30]   [40,50,15] (30)   2368.12
[80,30]   [40,50,20] (0)   2425.92
[80,30]   [40,50,20] (5)   2455.16
[80,30]   [40,50,20] (10)   2584.48
[80,30]   [40,50,20] (15)   2372.14
[80,30]   [40,50,20] (20)   2348.16
[80,30]   [40,50,20] (25)   2492.81
[80,30]   [40,50,20] (30)   2409.1
[80,30]   [40,60,5] (0)   9495
[80,30]   [40,60,5] (5)   9481.67
[80,30]   [40,60,5] (10)   9532.27
[80,30]   [40,60,5] (15)   9461.41
[80,30]   [40,60,5] (20)   9476.15
[80,30]   [40,60,5] (25)   9403.94
[80,30]   [40,60,5] (30)   9426.26
[80,30]   [40,60,10] (0)   9298.92
[80,30]   [40,60,10] (5)   9376.38
[80,30]   [40,60,10] (10)   9388.58
[80,30]   [40,60,10] (15)   9477.09
[80,30]   [40,60,10] (20)   9319.42
[80,30]   [40,60,10] (25)   9516.22
[80,30]   [40,60,10] (30)   9326.43
[80,30]   [40,60,15] (0)   9308.79
[80,30]   [40,60,15] (5)   9424.89
[80,30]   [40,60,15] (10)   9553.08
[80,30]   [40,60,15] (15)   9301.4
[80,30]   [40,60,15] (20)   9520.12
[80,30]   [40,60,15] (25)   9514.31
[80,30]   [40,60,15] (30)   9372.71
[80,30]   [40,60,20] (0)   9480.66
[80,30]   [40,60,20] (5)   9564.07
[80,30]   [40,60,20] (10)   9419.48
[80,30]   [40,60,20] (15)   9630.18
[80,30]   [40,60,20] (20)   9440.63
[80,30]   [40,60,20] (25)   9364.92
[80,30]   [40,60,20] (30)   9433.07
[80,30]   [50,10,5] (0)   25360.7
[80,30]   [50,10,5] (5)   16655.6
[80,30]   [50,10,5] (10)   2942.3
[80,30]   [50,10,5] (15)   87.0328
[80,30]   [50,10,5] (20)   83.1093
[80,30]   [50,10,5] (25)   86.5823
[80,30]   [50,10,5] (30)   91.9174
[80,30]   [50,10,10] (0)   25179.7
[80,30]   [50,10,10] (5)   18559.4
[80,30]   [50,10,10] (10)   8038.6
[80,30]   [50,10,10] (15)   1825.36
[80,30]   [50,10,10] (20)   107.349
[80,30]   [50,10,10] (25)   104.268
[80,30]   [50,10,10] (30)   107.348
[80,30]   [50,10,15] (0)   25336.5
[80,30]   [50,10,15] (5)   13892.2
[80,30]   [50,10,15] (10)   5975.32
[80,30]   [50,10,15] (15)   179.843
[80,30]   [50,10,15] (20)   113.515
[80,30]   [50,10,15] (25)   114.373
[80,30]   [50,10,15] (30)   120.412
[80,30]   [50,10,20] (0)   25638.7
[80,30]   [50,10,20] (5)   13574.2
[80,30]   [50,10,20] (10)   3945.76
[80,30]   [50,10,20] (15)   2237.15
[80,30]   [50,10,20] (20)   128.876
[80,30]   [50,10,20] (25)   126.667
[80,30]   [50,10,20] (30)   131.748
[80,30]   [50,20,5] (0)   17595.6
[80,30]   [50,20,5] (5)   17562.7
[80,30]   [50,20,5] (10)   14354.5
[80,30]   [50,20,5] (15)   3723
[80,30]   [50,20,5] (20)   109.44
[80,30]   [50,20,5] (25)   94.7231
[80,30]   [50,20,5] (30)   98.4318
[80,30]   [50,20,10] (0)   17799.6
[80,30]   [50,20,10] (5)   17667
[80,30]   [50,20,10] (10)   15172.6
[80,30]   [50,20,10] (15)   6483.69
[80,30]   [50,20,10] (20)   527.222
[80,30]   [50,20,10] (25)   120.402
[80,30]   [50,20,10] (30)   115.469
[80,30]   [50,20,15] (0)   17682.3
[80,30]   [50,20,15] (5)   17603.7
[80,30]   [50,20,15] (10)   13747.6
[80,30]   [50,20,15] (15)   3162.58
[80,30]   [50,20,15] (20)   144.574
[80,30]   [50,20,15] (25)   124.731
[80,30]   [50,20,15] (30)   126.822
[80,30]   [50,20,20] (0)   17698
[80,30]   [50,20,20] (5)   17625.6
[80,30]   [50,20,20] (10)   14352.6
[80,30]   [50,20,20] (15)   1412.79
[80,30]   [50,20,20] (20)   147.85
[80,30]   [50,20,20] (25)   139.474
[80,30]   [50,20,20] (30)   139.192
[80,30]   [50,30,5] (0)   11037.3
[80,30]   [50,30,5] (5)   11069.4
[80,30]   [50,30,5] (10)   10889.2
[80,30]   [50,30,5] (15)   9528.27
[80,30]   [50,30,5] (20)   1917.11
[80,30]   [50,30,5] (25)   122.992
[80,30]   [50,30,5] (30)   110.444
[80,30]   [50,30,10] (0)   11017.3
[80,30]   [50,30,10] (5)   11128.4
[80,30]   [50,30,10] (10)   11064.6
[80,30]   [50,30,10] (15)   9913.6
[80,30]   [50,30,10] (20)   3313.02
[80,30]   [50,30,10] (25)   149.153
[80,30]   [50,30,10] (30)   132.15
[80,30]   [50,30,15] (0)   11042.3
[80,30]   [50,30,15] (5)   11057.2
[80,30]   [50,30,15] (10)   10968.5
[80,30]   [50,30,15] (15)   8812.76
[80,30]   [50,30,15] (20)   660.454
[80,30]   [50,30,15] (25)   144.171
[80,30]   [50,30,15] (30)   138.047
[80,30]   [50,30,20] (0)   11076
[80,30]   [50,30,20] (5)   11026.9
[80,30]   [50,30,20] (10)   10970.8
[80,30]   [50,30,20] (15)   9283.51
[80,30]   [50,30,20] (20)   199.875
[80,30]   [50,30,20] (25)   152.208
[80,30]   [50,30,20] (30)   152.312
[80,30]   [50,40,5] (0)   5150.88
[80,30]   [50,40,5] (5)   5193.03
[80,30]   [50,40,5] (10)   5228.95
[80,30]   [50,40,5] (15)   5131.9
[80,30]   [50,40,5] (20)   4671.41
[80,30]   [50,40,5] (25)   459.491
[80,30]   [50,40,5] (30)   135.372
[80,30]   [50,40,10] (0)   5218.66
[80,30]   [50,40,10] (5)   5171.98
[80,30]   [50,40,10] (10)   5151
[80,30]   [50,40,10] (15)   5196.41
[80,30]   [50,40,10] (20)   4695.49
[80,30]   [50,40,10] (25)   1131.35
[80,30]   [50,40,10] (30)   155.891
[80,30]   [50,40,15] (0)   5100.7
[80,30]   [50,40,15] (5)   5158.11
[80,30]   [50,40,15] (10)   5116.34
[80,30]   [50,40,15] (15)   5208.84
[80,30]   [50,40,15] (20)   4383.45
[80,30]   [50,40,15] (25)   200.566
[80,30]   [50,40,15] (30)   157.089
[80,30]   [50,40,20] (0)   5171.63
[80,30]   [50,40,20] (5)   5124.06
[80,30]   [50,40,20] (10)   5144.45
[80,30]   [50,40,20] (15)   5201.35
[80,30]   [50,40,20] (20)   4423.4
[80,30]   [50,40,20] (25)   196.192
[80,30]   [50,40,20] (30)   167.394
[80,30]   [50,50,5] (0)   503.194
[80,30]   [50,50,5] (5)   449.425
[80,30]   [50,50,5] (10)   556.302
[80,30]   [50,50,5] (15)   507.93
[80,30]   [50,50,5] (20)   524.026
[80,30]   [50,50,5] (25)   461.696
[80,30]   [50,50,5] (30)   180.963
[80,30]   [50,50,10] (0)   510.143
[80,30]   [50,50,10] (5)   542.994
[80,30]   [50,50,10] (10)   465.424
[80,30]   [50,50,10] (15)   483.729
[80,30]   [50,50,10] (20)   504.246
[80,30]   [50,50,10] (25)   367.962
[80,30]   [50,50,10] (30)   185.586
[80,30]   [50,50,15] (0)   537.133
[80,30]   [50,50,15] (5)   569.134
[80,30]   [50,50,15] (10)   481.399
[80,30]   [50,50,15] (15)   521.608
[80,30]   [50,50,15] (20)   464.579
[80,30]   [50,50,15] (25)   311.689
[80,30]   [50,50,15] (30)   180.238
[80,30]   [50,50,20] (0)   521.818
[80,30]   [50,50,20] (5)   501.477
[80,30]   [50,50,20] (10)   462.927
[80,30]   [50,50,20] (15)   549.306
[80,30]   [50,50,20] (20)   466.323
[80,30]   [50,50,20] (25)   304.436
[80,30]   [50,50,20] (30)   186.882
[80,30]   [50,60,5] (0)   575.558
[80,30]   [50,60,5] (5)   547.554
[80,30]   [50,60,5] (10)   489.986
[80,30]   [50,60,5] (15)   607.285
[80,30]   [50,60,5] (20)   601.637
[80,30]   [50,60,5] (25)   577.499
[80,30]   [50,60,5] (30)   476.971
[80,30]   [50,60,10] (0)   538.797
[80,30]   [50,60,10] (5)   500.633
[80,30]   [50,60,10] (10)   644.472
[80,30]   [50,60,10] (15)   559.787
[80,30]   [50,60,10] (20)   559.359
[80,30]   [50,60,10] (25)   518.03
[80,30]   [50,60,10] (30)   772.162
[80,30]   [50,60,15] (0)   612.133
[80,30]   [50,60,15] (5)   505.076
[80,30]   [50,60,15] (10)   534.163
[80,30]   [50,60,15] (15)   595.599
[80,30]   [50,60,15] (20)   574.925
[80,30]   [50,60,15] (25)   563.043
[80,30]   [50,60,15] (30)   888.128
[80,30]   [50,60,20] (0)   522.44
[80,30]   [50,60,20] (5)   532.679
[80,30]   [50,60,20] (10)   619.434
[80,30]   [50,60,20] (15)   560.838
[80,30]   [50,60,20] (20)   557.96
[80,30]   [50,60,20] (25)   513.473
[80,30]   [50,60,20] (30)   521.183
[80,30]   [60,10,5] (0)   29372.3
[80,30]   [60,10,5] (5)   20356.4
[80,30]   [60,10,5] (10)   5705.52
[80,30]   [60,10,5] (15)   108.315
[80,30]   [60,10,5] (20)   87.7935
[80,30]   [60,10,5] (25)   93.2511
[80,30]   [60,10,5] (30)   97.3232
[80,30]   [60,10,10] (0)   30741.5
[80,30]   [60,10,10] (5)   21919.6
[80,30]   [60,10,10] (10)   11938.8
[80,30]   [60,10,10] (15)   4972.33
[80,30]   [60,10,10] (20)   482.919
[80,30]   [60,10,10] (25)   113.661
[80,30]   [60,10,10] (30)   112.605
[80,30]   [60,10,15] (0)   29890.7
[80,30]   [60,10,15] (5)   18520.9
[80,30]   [60,10,15] (10)   9629.69
[80,30]   [60,10,15] (15)   3322.03
[80,30]   [60,10,15] (20)   135.637
[80,30]   [60,10,15] (25)   121.289
[80,30]   [60,10,15] (30)   120.958
[80,30]   [60,10,20] (0)   29860.7
[80,30]   [60,10,20] (5)   18352.3
[80,30]   [60,10,20] (10)   8027.91
[80,30]   [60,10,20] (15)   6284.32
[80,30]   [60,10,20] (20)   152.015
[80,30]   [60,10,20] (25)   137.718
[80,30]   [60,10,20] (30)   137.514
[80,30]   [60,20,5] (0)   22109.7
[80,30]   [60,20,5] (5)   22253
[80,30]   [60,20,5] (10)   18464.3
[80,30]   [60,20,5] (15)   7012.29
[80,30]   [60,20,5] (20)   136.403
[80,30]   [60,20,5] (25)   104.007
[80,30]   [60,20,5] (30)   103.995
[80,30]   [60,20,10] (0)   22030.1
[80,30]   [60,20,10] (5)   22079.3
[80,30]   [60,20,10] (10)   19601.7
[80,30]   [60,20,10] (15)   10514.3
[80,30]   [60,20,10] (20)   3781.22
[80,30]   [60,20,10] (25)   142.423
[80,30]   [60,20,10] (30)   123.425
[80,30]   [60,20,15] (0)   22089.7
[80,30]   [60,20,15] (5)   22091.6
[80,30]   [60,20,15] (10)   18072.4
[80,30]   [60,20,15] (15)   7214.97
[80,30]   [60,20,15] (20)   2351.98
[80,30]   [60,20,15] (25)   137.309
[80,30]   [60,20,15] (30)   129.272
[80,30]   [60,20,20] (0)   22126.4
[80,30]   [60,20,20] (5)   22141.5
[80,30]   [60,20,20] (10)   18894.5
[80,30]   [60,20,20] (15)   5586.8
[80,30]   [60,20,20] (20)   3157.71
[80,30]   [60,20,20] (25)   163.856
[80,30]   [60,20,20] (30)   144.303
[80,30]   [60,30,5] (0)   15786.7
[80,30]   [60,30,5] (5)   15697.4
[80,30]   [60,30,5] (10)   15616
[80,30]   [60,30,5] (15)   13851.1
[80,30]   [60,30,5] (20)   5141.74
[80,30]   [60,30,5] (25)   134.032
[80,30]   [60,30,5] (30)   118.533
[80,30]   [60,30,10] (0)   15686.6
[80,30]   [60,30,10] (5)   15695.2
[80,30]   [60,30,10] (10)   15735.3
[80,30]   [60,30,10] (15)   14440.1
[80,30]   [60,30,10] (20)   7403.34
[80,30]   [60,30,10] (25)   1448.29
[80,30]   [60,30,10] (30)   144.382
[80,30]   [60,30,15] (0)   15623.1
[80,30]   [60,30,15] (5)   15813.7
[80,30]   [60,30,15] (10)   15559
[80,30]   [60,30,15] (15)   13165.1
[80,30]   [60,30,15] (20)   4385.82
[80,30]   [60,30,15] (25)   200.932
[80,30]   [60,30,15] (30)   144.592
[80,30]   [60,30,20] (0)   15728.7
[80,30]   [60,30,20] (5)   15788.8
[80,30]   [60,30,20] (10)   15646.8
[80,30]   [60,30,20] (15)   13747.1
[80,30]   [60,30,20] (20)   3215.03
[80,30]   [60,30,20] (25)   204.6
[80,30]   [60,30,20] (30)   160.64
[80,30]   [60,40,5] (0)   9811.14
[80,30]   [60,40,5] (5)   9886.98
[80,30]   [60,40,5] (10)   9853.39
[80,30]   [60,40,5] (15)   9900.81
[80,30]   [60,40,5] (20)   9059.05
[80,30]   [60,40,5] (25)   3954.36
[80,30]   [60,40,5] (30)   158.5
[80,30]   [60,40,10] (0)   9808.86
[80,30]   [60,40,10] (5)   9919.13
[80,30]   [60,40,10] (10)   9887.26
[80,30]   [60,40,10] (15)   9818.86
[80,30]   [60,40,10] (20)   9424.06
[80,30]   [60,40,10] (25)   5245.1
[80,30]   [60,40,10] (30)   241.282
[80,30]   [60,40,15] (0)   9890.11
[80,30]   [60,40,15] (5)   9905.14
[80,30]   [60,40,15] (10)   9803.64
[80,30]   [60,40,15] (15)   9852.2
[80,30]   [60,40,15] (20)   8847.58
[80,30]   [60,40,15] (25)   3065.66
[80,30]   [60,40,15] (30)   170.994
[80,30]   [60,40,20] (0)   9839.34
[80,30]   [60,40,20] (5)   9860.24
[80,30]   [60,40,20] (10)   9907.2
[80,30]   [60,40,20] (15)   9885.24
[80,30]   [60,40,20] (20)   8934.93
[80,30]   [60,40,20] (25)   2318.67
[80,30]   [60,40,20] (30)   175.712
[80,30]   [60,50,5] (0)   6496.94
[80,30]   [60,50,5] (5)   6550.85
[80,30]   [60,50,5] (10)   6431.01
[80,30]   [60,50,5] (15)   6501.42
[80,30]   [60,50,5] (20)   6522.06
[80,30]   [60,50,5] (25)   4873.48
[80,30]   [60,50,5] (30)   1968.16
[80,30]   [60,50,10] (0)   6469.06
[80,30]   [60,50,10] (5)   6556.08
[80,30]   [60,50,10] (10)   6560.1
[80,30]   [60,50,10] (15)   6582.34
[80,30]   [60,50,10] (20)   6471.74
[80,30]   [60,50,10] (25)   4978.88
[80,30]   [60,50,10] (30)   2611.43
[80,30]   [60,50,15] (0)   6494.85
[80,30]   [60,50,15] (5)   6415.7
[80,30]   [60,50,15] (10)   6552.15
[80,30]   [60,50,15] (15)   6541.06
[80,30]   [60,50,15] (20)   6514.73
[80,30]   [60,50,15] (25)   4926.34
[80,30]   [60,50,15] (30)   1102.42
[80,30]   [60,50,20] (0)   6497.3
[80,30]   [60,50,20] (5)   6461.18
[80,30]   [60,50,20] (10)   6561.48
[80,30]   [60,50,20] (15)   6543.9
[80,30]   [60,50,20] (20)   6520.21
[80,30]   [60,50,20] (25)   4966.27
[80,30]   [60,50,20] (30)   826.945
[80,30]   [60,60,5] (0)   588.528
[80,30]   [60,60,5] (5)   527.997
[80,30]   [60,60,5] (10)   614.387
[80,30]   [60,60,5] (15)   552.309
[80,30]   [60,60,5] (20)   577.158
[80,30]   [60,60,5] (25)   647.745
[80,30]   [60,60,5] (30)   567.627
[80,30]   [60,60,10] (0)   548.974
[80,30]   [60,60,10] (5)   527.133
[80,30]   [60,60,10] (10)   618.422
[80,30]   [60,60,10] (15)   598.251
[80,30]   [60,60,10] (20)   561.21
[80,30]   [60,60,10] (25)   612.976
[80,30]   [60,60,10] (30)   438.614
[80,30]   [60,60,15] (0)   595.164
[80,30]   [60,60,15] (5)   576.59
[80,30]   [60,60,15] (10)   559.549
[80,30]   [60,60,15] (15)   559.723
[80,30]   [60,60,15] (20)   597.963
[80,30]   [60,60,15] (25)   616.091
[80,30]   [60,60,15] (30)   516.511
[80,30]   [60,60,20] (0)   623.819
[80,30]   [60,60,20] (5)   622.184
[80,30]   [60,60,20] (10)   582.529
[80,30]   [60,60,20] (15)   658.761
[80,30]   [60,60,20] (20)   562.738
[80,30]   [60,60,20] (25)   641.561
[80,30]   [60,60,20] (30)   495.108
