[60,60]   [10,10,5] (0)   107.274
[60,60]   [10,10,5] (5)   83.2871
[60,60]   [10,10,5] (10)   80.1903
[60,60]   [10,10,5] (15)   89.7123
[60,60]   [10,10,5] (20)   99.8086
[60,60]   [10,10,5] (25)   109.681
[60,60]   [10,10,5] (30)   119.366
[60,60]   [10,10,10] (0)   108.254
[60,60]   [10,10,10] (5)   92.9911
[60,60]   [10,10,10] (10)   97.4943
[60,60]   [10,10,10] (15)   106.38
[60,60]   [10,10,10] (20)   115.092
[60,60]   [10,10,10] (25)   124.259
[60,60]   [10,10,10] (30)   132.882
[60,60]   [10,10,15] (0)   107.535
[60,60]   [10,10,15] (5)   95.1235
[60,60]   [10,10,15] (10)   101.51
[60,60]   [10,10,15] (15)   110.189
[60,60]   [10,10,15] (20)   119.364
[60,60]   [10,10,15] (25)   127.839
[60,60]   [10,10,15] (30)   136.725
[60,60]   [10,10,20] (0)   107.056
[60,60]   [10,10,20] (5)   101.936
[60,60]   [10,10,20] (10)   109.808
[60,60]   [10,10,20] (15)   118.028
[60,60]   [10,10,20] (20)   126.596
[60,60]   [10,10,20] (25)   135.703
[60,60]   [10,10,20] (30)   144.304
[60,60]   [10,20,5] (0)   9468.22
[60,60]   [10,20,5] (5)   9440.85
[60,60]   [10,20,5] (10)   9514.71
[60,60]   [10,20,5] (15)   9369.18
[60,60]   [10,20,5] (20)   9409.8
[60,60]   [10,20,5] (25)   8187.5
[60,60]   [10,20,5] (30)   6507.97
[60,60]   [10,20,10] (0)   9560.17
[60,60]   [10,20,10] (5)   9377.73
[60,60]   [10,20,10] (10)   9297.02
[60,60]   [10,20,10] (15)   9312.9
[60,60]   [10,20,10] (20)   9419.53
[60,60]   [10,20,10] (25)   9556.94
[60,60]   [10,20,10] (30)   9114.01
[60,60]   [10,20,15] (0)   9511.34
[60,60]   [10,20,15] (5)   9474.59
[60,60]   [10,20,15] (10)   9428.78
[60,60]   [10,20,15] (15)   9439.52
[60,60]   [10,20,15] (20)   9556.76
[60,60]   [10,20,15] (25)   7560.92
[60,60]   [10,20,15] (30)   6437.28
[60,60]   [10,20,20] (0)   9488.32
[60,60]   [10,20,20] (5)   9491.01
[60,60]   [10,20,20] (10)   9506.49
[60,60]   [10,20,20] (15)   9547.51
[60,60]   [10,20,20] (20)   9484.41
[60,60]   [10,20,20] (25)   8025.78
[60,60]   [10,20,20] (30)   6756.47
[60,60]   [10,30,5] (0)   17892.1
[60,60]   [10,30,5] (5)   17972.2
[60,60]   [10,30,5] (10)   17839
[60,60]   [10,30,5] (15)   17932
[60,60]   [10,30,5] (20)   17885.7
[60,60]   [10,30,5] (25)   17949.9
[60,60]   [10,30,5] (30)   16984.3
[60,60]   [10,30,10] (0)   17912.4
[60,60]   [10,30,10] (5)   17582.3
[60,60]   [10,30,10] (10)   17792.5
[60,60]   [10,30,10] (15)   17754.4
[60,60]   [10,30,10] (20)   17939.5
[60,60]   [10,30,10] (25)   17631.3
[60,60]   [10,30,10] (30)   17867.7
[60,60]   [10,30,15] (0)   17743.5
[60,60]   [10,30,15] (5)   17774.5
[60,60]   [10,30,15] (10)   17826.7
[60,60]   [10,30,15] (15)   17844.1
[60,60]   [10,30,15] (20)   17818.1
[60,60]   [10,30,15] (25)   17835.9
[60,60]   [10,30,15] (30)   15814.7
[60,60]   [10,30,20] (0)   17841.6
[60,60]   [10,30,20] (5)   17799.4
[60,60]   [10,30,20] (10)   17837.2
[60,60]   [10,30,20] (15)   17801.2
[60,60]   [10,30,20] (20)   17620.2
[60,60]   [10,30,20] (25)   17868.7
[60,60]   [10,30,20] (30)   17716.5
[60,60]   [10,40,5] (0)   26900.2
[60,60]   [10,40,5] (5)   26695.5
[60,60]   [10,40,5] (10)   26958.3
[60,60]   [10,40,5] (15)   26865.5
[60,60]   [10,40,5] (20)   26882.6
[60,60]   [10,40,5] (25)   26662.3
[60,60]   [10,40,5] (30)   26653.4
[60,60]   [10,40,10] (0)   26819.3
[60,60]   [10,40,10] (5)   26917.1
[60,60]   [10,40,10] (10)   26596.2
[60,60]   [10,40,10] (15)   26794.4
[60,60]   [10,40,10] (20)   26835.1
[60,60]   [10,40,10] (25)   26821
[60,60]   [10,40,10] (30)   26725.2
[60,60]   [10,40,15] (0)   26899.3
[60,60]   [10,40,15] (5)   26885.4
[60,60]   [10,40,15] (10)   26947.8
[60,60]   [10,40,15] (15)   26833.1
[60,60]   [10,40,15] (20)   26913.5
[60,60]   [10,40,15] (25)   26917.8
[60,60]   [10,40,15] (30)   26886.4
[60,60]   [10,40,20] (0)   26828.8
[60,60]   [10,40,20] (5)   26914.6
[60,60]   [10,40,20] (10)   26855.4
[60,60]   [10,40,20] (15)   26675.1
[60,60]   [10,40,20] (20)   26861.2
[60,60]   [10,40,20] (25)   26664.2
[60,60]   [10,40,20] (30)   26910.7
[60,60]   [10,50,5] (0)   45781.3
[60,60]   [10,50,5] (5)   45719.8
[60,60]   [10,50,5] (10)   45722.9
[60,60]   [10,50,5] (15)   45699.9
[60,60]   [10,50,5] (20)   45615.7
[60,60]   [10,50,5] (25)   46439.2
[60,60]   [10,50,5] (30)   45894.2
[60,60]   [10,50,10] (0)   45699.9
[60,60]   [10,50,10] (5)   45466.6
[60,60]   [10,50,10] (10)   46070.2
[60,60]   [10,50,10] (15)   46024.1
[60,60]   [10,50,10] (20)   45691.8
[60,60]   [10,50,10] (25)   45619.9
[60,60]   [10,50,10] (30)   45688
[60,60]   [10,50,15] (0)   45690.3
[60,60]   [10,50,15] (5)   46087.4
[60,60]   [10,50,15] (10)   45678.3
[60,60]   [10,50,15] (15)   45675.1
[60,60]   [10,50,15] (20)   45704.1
[60,60]   [10,50,15] (25)   45623.7
[60,60]   [10,50,15] (30)   45677.2
[60,60]   [10,50,20] (0)   45684.3
[60,60]   [10,50,20] (5)   45839.5
[60,60]   [10,50,20] (10)   45862.2
[60,60]   [10,50,20] (15)   45799.3
[60,60]   [10,50,20] (20)   45606.4
[60,60]   [10,50,20] (25)   45681.4
[60,60]   [10,50,20] (30)   45635.5
[60,60]   [10,60,5] (0)   40868.1
[60,60]   [10,60,5] (5)   40886.1
[60,60]   [10,60,5] (10)   40921.2
[60,60]   [10,60,5] (15)   40860.2
[60,60]   [10,60,5] (20)   40889.2
[60,60]   [10,60,5] (25)   40834.3
[60,60]   [10,60,5] (30)   40868.1
[60,60]   [10,60,10] (0)   40845
[60,60]   [10,60,10] (5)   40844.1
[60,60]   [10,60,10] (10)   40921.2
[60,60]   [10,60,10] (15)   41030.5
[60,60]   [10,60,10] (20)   40951.3
[60,60]   [10,60,10] (25)   40900.8
[60,60]   [10,60,10] (30)   40869.6
[60,60]   [10,60,15] (0)   40879.4
[60,60]   [10,60,15] (5)   40873.2
[60,60]   [10,60,15] (10)   40884.9
[60,60]   [10,60,15] (15)   40906.7
[60,60]   [10,60,15] (20)   40998.9
[60,60]   [10,60,15] (25)   40870.8
[60,60]   [10,60,15] (30)   40932.1
[60,60]   [10,60,20] (0)   40845.9
[60,60]   [10,60,20] (5)   40912.5
[60,60]   [10,60,20] (10)   40835.5
[60,60]   [10,60,20] (15)   40916.6
[60,60]   [10,60,20] (20)   40843.6
[60,60]   [10,60,20] (25)   40892.8
[60,60]   [10,60,20] (30)   40848.8
[60,60]   [20,10,5] (0)   8297.01
[60,60]   [20,10,5] (5)   1992.43
[60,60]   [20,10,5] (10)   83.7028
[60,60]   [20,10,5] (15)   82.2477
[60,60]   [20,10,5] (20)   92.5251
[60,60]   [20,10,5] (25)   101.998
[60,60]   [20,10,5] (30)   111.517
[60,60]   [20,10,10] (0)   8297.03
[60,60]   [20,10,10] (5)   1599
[60,60]   [20,10,10] (10)   103.271
[60,60]   [20,10,10] (15)   106.118
[60,60]   [20,10,10] (20)   113.905
[60,60]   [20,10,10] (25)   122.296
[60,60]   [20,10,10] (30)   130.58
[60,60]   [20,10,15] (0)   8320.05
[60,60]   [20,10,15] (5)   141.24
[60,60]   [20,10,15] (10)   107.357
[60,60]   [20,10,15] (15)   112.784
[60,60]   [20,10,15] (20)   120.75
[60,60]   [20,10,15] (25)   128.885
[60,60]   [20,10,15] (30)   137.046
[60,60]   [20,10,20] (0)   8293.85
[60,60]   [20,10,20] (5)   150.51
[60,60]   [20,10,20] (10)   120.057
[60,60]   [20,10,20] (15)   125.657
[60,60]   [20,10,20] (20)   133.178
[60,60]   [20,10,20] (25)   141.437
[60,60]   [20,10,20] (30)   149.201
[60,60]   [20,20,5] (0)   156.951
[60,60]   [20,20,5] (5)   157.568
[60,60]   [20,20,5] (10)   134.319
[60,60]   [20,20,5] (15)   119.847
[60,60]   [20,20,5] (20)   125.016
[60,60]   [20,20,5] (25)   135.006
[60,60]   [20,20,5] (30)   142.396
[60,60]   [20,20,10] (0)   155.149
[60,60]   [20,20,10] (5)   153.585
[60,60]   [20,20,10] (10)   138.58
[60,60]   [20,20,10] (15)   135.343
[60,60]   [20,20,10] (20)   142.759
[60,60]   [20,20,10] (25)   150.411
[60,60]   [20,20,10] (30)   158.14
[60,60]   [20,20,15] (0)   155.534
[60,60]   [20,20,15] (5)   153.64
[60,60]   [20,20,15] (10)   134.862
[60,60]   [20,20,15] (15)   136.621
[60,60]   [20,20,15] (20)   143.907
[60,60]   [20,20,15] (25)   152.281
[60,60]   [20,20,15] (30)   159.629
[60,60]   [20,20,20] (0)   154.779
[60,60]   [20,20,20] (5)   153.531
[60,60]   [20,20,20] (10)   144.847
[60,60]   [20,20,20] (15)   151.363
[60,60]   [20,20,20] (20)   158.602
[60,60]   [20,20,20] (25)   166.232
[60,60]   [20,20,20] (30)   173.546
[60,60]   [20,30,5] (0)   6006.32
[60,60]   [20,30,5] (5)   6040.44
[60,60]   [20,30,5] (10)   6048.31
[60,60]   [20,30,5] (15)   6016.37
[60,60]   [20,30,5] (20)   6009.32
[60,60]   [20,30,5] (25)   6044.97
[60,60]   [20,30,5] (30)   6092.99
[60,60]   [20,30,10] (0)   6064.17
[60,60]   [20,30,10] (5)   6112.6
[60,60]   [20,30,10] (10)   5979.31
[60,60]   [20,30,10] (15)   5999.62
[60,60]   [20,30,10] (20)   5990.22
[60,60]   [20,30,10] (25)   6016.79
[60,60]   [20,30,10] (30)   6067.71
[60,60]   [20,30,15] (0)   6086.14
[60,60]   [20,30,15] (5)   6020.35
[60,60]   [20,30,15] (10)   6117.54
[60,60]   [20,30,15] (15)   5987.66
[60,60]   [20,30,15] (20)   5982.56
[60,60]   [20,30,15] (25)   6003.32
[60,60]   [20,30,15] (30)   5031.07
[60,60]   [20,30,20] (0)   5949.96
[60,60]   [20,30,20] (5)   5969.09
[60,60]   [20,30,20] (10)   6059.56
[60,60]   [20,30,20] (15)   6078.61
[60,60]   [20,30,20] (20)   6047.56
[60,60]   [20,30,20] (25)   6000.01
[60,60]   [20,30,20] (30)   6028.07
[60,60]   [20,40,5] (0)   21460.9
[60,60]   [20,40,5] (5)   21411.7
[60,60]   [20,40,5] (10)   21540.6
[60,60]   [20,40,5] (15)   21552.8
[60,60]   [20,40,5] (20)   21685.8
[60,60]   [20,40,5] (25)   21466.6
[60,60]   [20,40,5] (30)   21620.9
[60,60]   [20,40,10] (0)   21412
[60,60]   [20,40,10] (5)   21303.3
[60,60]   [20,40,10] (10)   21417.6
[60,60]   [20,40,10] (15)   21551.3
[60,60]   [20,40,10] (20)   21545.5
[60,60]   [20,40,10] (25)   21701.3
[60,60]   [20,40,10] (30)   21385.7
[60,60]   [20,40,15] (0)   21416
[60,60]   [20,40,15] (5)   21333.4
[60,60]   [20,40,15] (10)   21484.9
[60,60]   [20,40,15] (15)   21353.1
[60,60]   [20,40,15] (20)   21761.7
[60,60]   [20,40,15] (25)   21268.6
[60,60]   [20,40,15] (30)   21541.2
[60,60]   [20,40,20] (0)   21306.8
[60,60]   [20,40,20] (5)   21700.5
[60,60]   [20,40,20] (10)   21423.4
[60,60]   [20,40,20] (15)   21433.9
[60,60]   [20,40,20] (20)   21627.7
[60,60]   [20,40,20] (25)   21523.1
[60,60]   [20,40,20] (30)   21348.3
[60,60]   [20,50,5] (0)   22677.9
[60,60]   [20,50,5] (5)   22675.8
[60,60]   [20,50,5] (10)   22798
[60,60]   [20,50,5] (15)   22811.9
[60,60]   [20,50,5] (20)   22675.4
[60,60]   [20,50,5] (25)   22910.7
[60,60]   [20,50,5] (30)   22797.3
[60,60]   [20,50,10] (0)   22729.6
[60,60]   [20,50,10] (5)   22731.9
[60,60]   [20,50,10] (10)   22844.1
[60,60]   [20,50,10] (15)   22762.1
[60,60]   [20,50,10] (20)   22713.3
[60,60]   [20,50,10] (25)   22623.8
[60,60]   [20,50,10] (30)   22664
[60,60]   [20,50,15] (0)   22765.5
[60,60]   [20,50,15] (5)   22854.6
[60,60]   [20,50,15] (10)   22674.1
[60,60]   [20,50,15] (15)   22768.3
[60,60]   [20,50,15] (20)   22820.8
[60,60]   [20,50,15] (25)   22644.5
[60,60]   [20,50,15] (30)   22630.7
[60,60]   [20,50,20] (0)   22727.1
[60,60]   [20,50,20] (5)   22661.1
[60,60]   [20,50,20] (10)   22698.3
[60,60]   [20,50,20] (15)   22656.3
[60,60]   [20,50,20] (20)   22579.8
[60,60]   [20,50,20] (25)   22569.2
[60,60]   [20,50,20] (30)   22713.6
[60,60]   [20,60,5] (0)   34327.2
[60,60]   [20,60,5] (5)   34276.3
[60,60]   [20,60,5] (10)   34202.8
[60,60]   [20,60,5] (15)   34199.7
[60,60]   [20,60,5] (20)   34279.1
[60,60]   [20,60,5] (25)   34277.5
[60,60]   [20,60,5] (30)   33886.9
[60,60]   [20,60,10] (0)   34387.1
[60,60]   [20,60,10] (5)   34338.3
[60,60]   [20,60,10] (10)   34300.4
[60,60]   [20,60,10] (15)   34105.4
[60,60]   [20,60,10] (20)   34288.6
[60,60]   [20,60,10] (25)   34309.8
[60,60]   [20,60,10] (30)   34250.6
[60,60]   [20,60,15] (0)   34243.2
[60,60]   [20,60,15] (5)   34263.7
[60,60]   [20,60,15] (10)   34187.2
[60,60]   [20,60,15] (15)   34275.6
[60,60]   [20,60,15] (20)   34270
[60,60]   [20,60,15] (25)   34165.8
[60,60]   [20,60,15] (30)   34275.5
[60,60]   [20,60,20] (0)   34316.9
[60,60]   [20,60,20] (5)   34359.5
[60,60]   [20,60,20] (10)   34148.5
[60,60]   [20,60,20] (15)   34164.4
[60,60]   [20,60,20] (20)   34251.6
[60,60]   [20,60,20] (25)   34142.2
[60,60]   [20,60,20] (30)   34226.8
[60,60]   [30,10,5] (0)   14471.1
[60,60]   [30,10,5] (5)   7448.97
[60,60]   [30,10,5] (10)   98.817
[60,60]   [30,10,5] (15)   91.5203
[60,60]   [30,10,5] (20)   92.0531
[60,60]   [30,10,5] (25)   99.1605
[60,60]   [30,10,5] (30)   108.779
[60,60]   [30,10,10] (0)   14568.9
[60,60]   [30,10,10] (5)   7661.75
[60,60]   [30,10,10] (10)   140.389
[60,60]   [30,10,10] (15)   111.998
[60,60]   [30,10,10] (20)   113.86
[60,60]   [30,10,10] (25)   120.295
[60,60]   [30,10,10] (30)   128.942
[60,60]   [30,10,15] (0)   14407.7
[60,60]   [30,10,15] (5)   4062.95
[60,60]   [30,10,15] (10)   120.012
[60,60]   [30,10,15] (15)   118.826
[60,60]   [30,10,15] (20)   121.461
[60,60]   [30,10,15] (25)   128.818
[60,60]   [30,10,15] (30)   137.014
[60,60]   [30,10,20] (0)   14437
[60,60]   [30,10,20] (5)   3122.47
[60,60]   [30,10,20] (10)   122.448
[60,60]   [30,10,20] (15)   129.321
[60,60]   [30,10,20] (20)   134.38
[60,60]   [30,10,20] (25)   140.933
[60,60]   [30,10,20] (30)   148.949
[60,60]   [30,20,5] (0)   6407.94
[60,60]   [30,20,5] (5)   6395.04
[60,60]   [30,20,5] (10)   4239.29
[60,60]   [30,20,5] (15)   121.349
[60,60]   [30,20,5] (20)   111.064
[60,60]   [30,20,5] (25)   113.568
[60,60]   [30,20,5] (30)   122.063
[60,60]   [30,20,10] (0)   6420.57
[60,60]   [30,20,10] (5)   6429.99
[60,60]   [30,20,10] (10)   4463.19
[60,60]   [30,20,10] (15)   136.343
[60,60]   [30,20,10] (20)   131.922
[60,60]   [30,20,10] (25)   136.552
[60,60]   [30,20,10] (30)   144.359
[60,60]   [30,20,15] (0)   6395.39
[60,60]   [30,20,15] (5)   6486.76
[60,60]   [30,20,15] (10)   2863.56
[60,60]   [30,20,15] (15)   137.864
[60,60]   [30,20,15] (20)   137.152
[60,60]   [30,20,15] (25)   143
[60,60]   [30,20,15] (30)   150.842
[60,60]   [30,20,20] (0)   6439.44
[60,60]   [30,20,20] (5)   6426.25
[60,60]   [30,20,20] (10)   3187.11
[60,60]   [30,20,20] (15)   147.651
[60,60]   [30,20,20] (20)   148.535
[60,60]   [30,20,20] (25)   155.282
[60,60]   [30,20,20] (30)   162.991
[60,60]   [30,30,5] (0)   181.017
[60,60]   [30,30,5] (5)   179.168
[60,60]   [30,30,5] (10)   177.989
[60,60]   [30,30,5] (15)   159.903
[60,60]   [30,30,5] (20)   142.997
[60,60]   [30,30,5] (25)   139.409
[60,60]   [30,30,5] (30)   147.726
[60,60]   [30,30,10] (0)   179.366
[60,60]   [30,30,10] (5)   179.065
[60,60]   [30,30,10] (10)   178.342
[60,60]   [30,30,10] (15)   162.656
[60,60]   [30,30,10] (20)   155.356
[60,60]   [30,30,10] (25)   159.578
[60,60]   [30,30,10] (30)   166.988
[60,60]   [30,30,15] (0)   177.42
[60,60]   [30,30,15] (5)   180.738
[60,60]   [30,30,15] (10)   179.799
[60,60]   [30,30,15] (15)   164.109
[60,60]   [30,30,15] (20)   161.157
[60,60]   [30,30,15] (25)   167.343
[60,60]   [30,30,15] (30)   174.704
[60,60]   [30,30,20] (0)   180.473
[60,60]   [30,30,20] (5)   181.701
[60,60]   [30,30,20] (10)   179.058
[60,60]   [30,30,20] (15)   164.94
[60,60]   [30,30,20] (20)   163.569
[60,60]   [30,30,20] (25)   169.833
[60,60]   [30,30,20] (30)   177.475
[60,60]   [30,40,5] (0)   4053.97
[60,60]   [30,40,5] (5)   4025.35
[60,60]   [30,40,5] (10)   3923.92
[60,60]   [30,40,5] (15)   4045.61
[60,60]   [30,40,5] (20)   3879.62
[60,60]   [30,40,5] (25)   3999.3
[60,60]   [30,40,5] (30)   4088.57
[60,60]   [30,40,10] (0)   4063.34
[60,60]   [30,40,10] (5)   3984.84
[60,60]   [30,40,10] (10)   3951.13
[60,60]   [30,40,10] (15)   4050.48
[60,60]   [30,40,10] (20)   4069.13
[60,60]   [30,40,10] (25)   3994.81
[60,60]   [30,40,10] (30)   3921.33
[60,60]   [30,40,15] (0)   4102.5
[60,60]   [30,40,15] (5)   4115.46
[60,60]   [30,40,15] (10)   4063.11
[60,60]   [30,40,15] (15)   3958.49
[60,60]   [30,40,15] (20)   3884.36
[60,60]   [30,40,15] (25)   3780.77
[60,60]   [30,40,15] (30)   4016.57
[60,60]   [30,40,20] (0)   4019.95
[60,60]   [30,40,20] (5)   3918.5
[60,60]   [30,40,20] (10)   4147.74
[60,60]   [30,40,20] (15)   4012.33
[60,60]   [30,40,20] (20)   3944.44
[60,60]   [30,40,20] (25)   4026.56
[60,60]   [30,40,20] (30)   4074.14
[60,60]   [30,50,5] (0)   11747.1
[60,60]   [30,50,5] (5)   11668.2
[60,60]   [30,50,5] (10)   11603
[60,60]   [30,50,5] (15)   11627.2
[60,60]   [30,50,5] (20)   11720.6
[60,60]   [30,50,5] (25)   11628.2
[60,60]   [30,50,5] (30)   11524.8
[60,60]   [30,50,10] (0)   11548.7
[60,60]   [30,50,10] (5)   11776.2
[60,60]   [30,50,10] (10)   11685.7
[60,60]   [30,50,10] (15)   11679
[60,60]   [30,50,10] (20)   11672
[60,60]   [30,50,10] (25)   11526.3
[60,60]   [30,50,10] (30)   11551.2
[60,60]   [30,50,15] (0)   11735.4
[60,60]   [30,50,15] (5)   11588.2
[60,60]   [30,50,15] (10)   11673.7
[60,60]   [30,50,15] (15)   11631.5
[60,60]   [30,50,15] (20)   11803.7
[60,60]   [30,50,15] (25)   11625
[60,60]   [30,50,15] (30)   11765
[60,60]   [30,50,20] (0)   11684.3
[60,60]   [30,50,20] (5)   11573.3
[60,60]   [30,50,20] (10)   11432.9
[60,60]   [30,50,20] (15)   11713.9
[60,60]   [30,50,20] (20)   11706.7
[60,60]   [30,50,20] (25)   11613.9
[60,60]   [30,50,20] (30)   11600.3
[60,60]   [30,60,5] (0)   23794.6
[60,60]   [30,60,5] (5)   23777.9
[60,60]   [30,60,5] (10)   23846
[60,60]   [30,60,5] (15)   23947.3
[60,60]   [30,60,5] (20)   23948.7
[60,60]   [30,60,5] (25)   23618.3
[60,60]   [30,60,5] (30)   23827
[60,60]   [30,60,10] (0)   24108.9
[60,60]   [30,60,10] (5)   23756.6
[60,60]   [30,60,10] (10)   23980.3
[60,60]   [30,60,10] (15)   23851.7
[60,60]   [30,60,10] (20)   23836.3
[60,60]   [30,60,10] (25)   23716.6
[60,60]   [30,60,10] (30)   23861.4
[60,60]   [30,60,15] (0)   23942.6
[60,60]   [30,60,15] (5)   23962.7
[60,60]   [30,60,15] (10)   23659.5
[60,60]   [30,60,15] (15)   23864.8
[60,60]   [30,60,15] (20)   23761.2
[60,60]   [30,60,15] (25)   23917.4
[60,60]   [30,60,15] (30)   23927.8
[60,60]   [30,60,20] (0)   23606.8
[60,60]   [30,60,20] (5)   23649.4
[60,60]   [30,60,20] (10)   23985.4
[60,60]   [30,60,20] (15)   24008.7
[60,60]   [30,60,20] (20)   23928.4
[60,60]   [30,60,20] (25)   23966.1
[60,60]   [30,60,20] (30)   23891.5
[60,60]   [40,10,5] (0)   20274.7
[60,60]   [40,10,5] (5)   12264.9
[60,60]   [40,10,5] (10)   212.871
[60,60]   [40,10,5] (15)   101.693
[60,60]   [40,10,5] (20)   98.9609
[60,60]   [40,10,5] (25)   101.421
[60,60]   [40,10,5] (30)   107.249
[60,60]   [40,10,10] (0)   20223.6
[60,60]   [40,10,10] (5)   13023.1
[60,60]   [40,10,10] (10)   3877.29
[60,60]   [40,10,10] (15)   128.552
[60,60]   [40,10,10] (20)   122.009
[60,60]   [40,10,10] (25)   122.21
[60,60]   [40,10,10] (30)   127.504
[60,60]   [40,10,15] (0)   20264.5
[60,60]   [40,10,15] (5)   8931.15
[60,60]   [40,10,15] (10)   1506.84
[60,60]   [40,10,15] (15)   132.314
[60,60]   [40,10,15] (20)   128.933
[60,60]   [40,10,15] (25)   131.256
[60,60]   [40,10,15] (30)   137.018
[60,60]   [40,10,20] (0)   20349.1
[60,60]   [40,10,20] (5)   8704.91
[60,60]   [40,10,20] (10)   147.419
[60,60]   [40,10,20] (15)   144.125
[60,60]   [40,10,20] (20)   143.53
[60,60]   [40,10,20] (25)   146.228
[60,60]   [40,10,20] (30)   152.514
[60,60]   [40,20,5] (0)   16465.5
[60,60]   [40,20,5] (5)   16504.3
[60,60]   [40,20,5] (10)   10640.5
[60,60]   [40,20,5] (15)   279.268
[60,60]   [40,20,5] (20)   119.882
[60,60]   [40,20,5] (25)   113.093
[60,60]   [40,20,5] (30)   115.545
[60,60]   [40,20,10] (0)   16501.8
[60,60]   [40,20,10] (5)   16530.9
[60,60]   [40,20,10] (10)   10974.9
[60,60]   [40,20,10] (15)   1862.32
[60,60]   [40,20,10] (20)   140.611
[60,60]   [40,20,10] (25)   135.636
[60,60]   [40,20,10] (30)   139.785
[60,60]   [40,20,15] (0)   16509.6
[60,60]   [40,20,15] (5)   16514.8
[60,60]   [40,20,15] (10)   9765.63
[60,60]   [40,20,15] (15)   158.627
[60,60]   [40,20,15] (20)   143.764
[60,60]   [40,20,15] (25)   142.167
[60,60]   [40,20,15] (30)   146.875
[60,60]   [40,20,20] (0)   16561.4
[60,60]   [40,20,20] (5)   16537.9
[60,60]   [40,20,20] (10)   11290.1
[60,60]   [40,20,20] (15)   170.714
[60,60]   [40,20,20] (20)   159.898
[60,60]   [40,20,20] (25)   163.042
[60,60]   [40,20,20] (30)   169.356
[60,60]   [40,30,5] (0)   5470.16
[60,60]   [40,30,5] (5)   5482.73
[60,60]   [40,30,5] (10)   5510.22
[60,60]   [40,30,5] (15)   4302.68
[60,60]   [40,30,5] (20)   162.261
[60,60]   [40,30,5] (25)   134.647
[60,60]   [40,30,5] (30)   131.479
[60,60]   [40,30,10] (0)   5446.15
[60,60]   [40,30,10] (5)   5475.01
[60,60]   [40,30,10] (10)   5554.34
[60,60]   [40,30,10] (15)   4632.97
[60,60]   [40,30,10] (20)   174.793
[60,60]   [40,30,10] (25)   155.83
[60,60]   [40,30,10] (30)   156.805
[60,60]   [40,30,15] (0)   5456.94
[60,60]   [40,30,15] (5)   5503.8
[60,60]   [40,30,15] (10)   5394.17
[60,60]   [40,30,15] (15)   3447
[60,60]   [40,30,15] (20)   165.295
[60,60]   [40,30,15] (25)   159.401
[60,60]   [40,30,15] (30)   162.481
[60,60]   [40,30,20] (0)   5497.52
[60,60]   [40,30,20] (5)   5480.41
[60,60]   [40,30,20] (10)   5485.08
[60,60]   [40,30,20] (15)   3689.51
[60,60]   [40,30,20] (20)   174.487
[60,60]   [40,30,20] (25)   170.334
[60,60]   [40,30,20] (30)   175.481
[60,60]   [40,40,5] (0)   216.341
[60,60]   [40,40,5] (5)   215.125
[60,60]   [40,40,5] (10)   215.724
[60,60]   [40,40,5] (15)   215.278
[60,60]   [40,40,5] (20)   200.164
[60,60]   [40,40,5] (25)   177.803
[60,60]   [40,40,5] (30)   164.735
[60,60]   [40,40,10] (0)   215.836
[60,60]   [40,40,10] (5)   215.84
[60,60]   [40,40,10] (10)   217.458
[60,60]   [40,40,10] (15)   215.951
[60,60]   [40,40,10] (20)   199.442
[60,60]   [40,40,10] (25)   184.992
[60,60]   [40,40,10] (30)   183.315
[60,60]   [40,40,15] (0)   215.824
[60,60]   [40,40,15] (5)   216.028
[60,60]   [40,40,15] (10)   215.593
[60,60]   [40,40,15] (15)   215.429
[60,60]   [40,40,15] (20)   198.624
[60,60]   [40,40,15] (25)   183.274
[60,60]   [40,40,15] (30)   184.723
[60,60]   [40,40,20] (0)   214.915
[60,60]   [40,40,20] (5)   216.42
[60,60]   [40,40,20] (10)   214.621
[60,60]   [40,40,20] (15)   213.509
[60,60]   [40,40,20] (20)   201.004
[60,60]   [40,40,20] (25)   198.37
[60,60]   [40,40,20] (30)   204.585
[60,60]   [40,50,5] (0)   2619.97
[60,60]   [40,50,5] (5)   2554.19
[60,60]   [40,50,5] (10)   2532.19
[60,60]   [40,50,5] (15)   2490.85
[60,60]   [40,50,5] (20)   2571.73
[60,60]   [40,50,5] (25)   2343.05
[60,60]   [40,50,5] (30)   2479.64
[60,60]   [40,50,10] (0)   2451.64
[60,60]   [40,50,10] (5)   2568.8
[60,60]   [40,50,10] (10)   2593.67
[60,60]   [40,50,10] (15)   2619.46
[60,60]   [40,50,10] (20)   2622.27
[60,60]   [40,50,10] (25)   2544.6
[60,60]   [40,50,10] (30)   2459.12
[60,60]   [40,50,15] (0)   2559.02
[60,60]   [40,50,15] (5)   2524.23
[60,60]   [40,50,15] (10)   2511.6
[60,60]   [40,50,15] (15)   2534.46
[60,60]   [40,50,15] (20)   2656.73
[60,60]   [40,50,15] (25)   2550.09
[60,60]   [40,50,15] (30)   2515.31
[60,60]   [40,50,20] (0)   2537.76
[60,60]   [40,50,20] (5)   2557.05
[60,60]   [40,50,20] (10)   2504.61
[60,60]   [40,50,20] (15)   2538.07
[60,60]   [40,50,20] (20)   2501.26
[60,60]   [40,50,20] (25)   2634.49
[60,60]   [40,50,20] (30)   2573.88
[60,60]   [40,60,5] (0)   12514.3
[60,60]   [40,60,5] (5)   12619.9
[60,60]   [40,60,5] (10)   12657.3
[60,60]   [40,60,5] (15)   12701.8
[60,60]   [40,60,5] (20)   12600.8
[60,60]   [40,60,5] (25)   12740.3
[60,60]   [40,60,5] (30)   12553.3
[60,60]   [40,60,10] (0)   12708.1
[60,60]   [40,60,10] (5)   12748.1
[60,60]   [40,60,10] (10)   12691
[60,60]   [40,60,10] (15)   12752.2
[60,60]   [40,60,10] (20)   12466
[60,60]   [40,60,10] (25)   12739.3
[60,60]   [40,60,10] (30)   12606
[60,60]   [40,60,15] (0)   12805.4
[60,60]   [40,60,15] (5)   12715.1
[60,60]   [40,60,15] (10)   12378.5
[60,60]   [40,60,15] (15)   12664.9
[60,60]   [40,60,15] (20)   12738.8
[60,60]   [40,60,15] (25)   12693
[60,60]   [40,60,15] (30)   12725.9
[60,60]   [40,60,20] (0)   12791.9
[60,60]   [40,60,20] (5)   12738.2
[60,60]   [40,60,20] (10)   12785.8
[60,60]   [40,60,20] (15)   12696
[60,60]   [40,60,20] (20)   12723.1
[60,60]   [40,60,20] (25)   12605.3
[60,60]   [40,60,20] (30)   12732.1
[60,60]   [50,10,5] (0)   35273
[60,60]   [50,10,5] (5)   17429.6
[60,60]   [50,10,5] (10)   3026.1
[60,60]   [50,10,5] (15)   114.678
[60,60]   [50,10,5] (20)   105.938
[60,60]   [50,10,5] (25)   108.184
[60,60]   [50,10,5] (30)   110.573
[60,60]   [50,10,10] (0)   36524.4
[60,60]   [50,10,10] (5)   18081
[60,60]   [50,10,10] (10)   8178.65
[60,60]   [50,10,10] (15)   1771.92
[60,60]   [50,10,10] (20)   136.592
[60,60]   [50,10,10] (25)   130.51
[60,60]   [50,10,10] (30)   130.65
[60,60]   [50,10,15] (0)   34824
[60,60]   [50,10,15] (5)   14879.9
[60,60]   [50,10,15] (10)   5981.82
[60,60]   [50,10,15] (15)   206.718
[60,60]   [50,10,15] (20)   140.459
[60,60]   [50,10,15] (25)   137.341
[60,60]   [50,10,15] (30)   138.674
[60,60]   [50,10,20] (0)   35234.5
[60,60]   [50,10,20] (5)   13235.8
[60,60]   [50,10,20] (10)   3895.04
[60,60]   [50,10,20] (15)   1648.21
[60,60]   [50,10,20] (20)   149.273
[60,60]   [50,10,20] (25)   145.969
[60,60]   [50,10,20] (30)   149.444
[60,60]   [50,20,5] (0)   18081.4
[60,60]   [50,20,5] (5)   18110.6
[60,60]   [50,20,5] (10)   15028.2
[60,60]   [50,20,5] (15)   3837.82
[60,60]   [50,20,5] (20)   133.655
[60,60]   [50,20,5] (25)   119.926
[60,60]   [50,20,5] (30)   117.978
[60,60]   [50,20,10] (0)   18006.9
[60,60]   [50,20,10] (5)   17986.2
[60,60]   [50,20,10] (10)   15608.1
[60,60]   [50,20,10] (15)   6511.72
[60,60]   [50,20,10] (20)   570.09
[60,60]   [50,20,10] (25)   146.944
[60,60]   [50,20,10] (30)   141.853
[60,60]   [50,20,15] (0)   18078
[60,60]   [50,20,15] (5)   18059.1
[60,60]   [50,20,15] (10)   13931.9
[60,60]   [50,20,15] (15)   3381.86
[60,60]   [50,20,15] (20)   172.48
[60,60]   [50,20,15] (25)   148.699
[60,60]   [50,20,15] (30)   148.682
[60,60]   [50,20,20] (0)   18043.1
[60,60]   [50,20,20] (5)   18043.9
[60,60]   [50,20,20] (10)   14482.4
[60,60]   [50,20,20] (15)   1488.05
[60,60]   [50,20,20] (20)   174.31
[60,60]   [50,20,20] (25)   164.479
[60,60]   [50,20,20] (30)   163.867
[60,60]   [50,30,5] (0)   11312.4
[60,60]   [50,30,5] (5)   11310
[60,60]   [50,30,5] (10)   11358.3
[60,60]   [50,30,5] (15)   9753.31
[60,60]   [50,30,5] (20)   1744.23
[60,60]   [50,30,5] (25)   145.124
[60,60]   [50,30,5] (30)   133.1
[60,60]   [50,30,10] (0)   11453.5
[60,60]   [50,30,10] (5)   11321.2
[60,60]   [50,30,10] (10)   11366.6
[60,60]   [50,30,10] (15)   10240.6
[60,60]   [50,30,10] (20)   3410.57
[60,60]   [50,30,10] (25)   172.698
[60,60]   [50,30,10] (30)   158.282
[60,60]   [50,30,15] (0)   11360.1
[60,60]   [50,30,15] (5)   11394
[60,60]   [50,30,15] (10)   11382.7
[60,60]   [50,30,15] (15)   9108.23
[60,60]   [50,30,15] (20)   566.543
[60,60]   [50,30,15] (25)   167.816
[60,60]   [50,30,15] (30)   161.271
[60,60]   [50,30,20] (0)   11301.1
[60,60]   [50,30,20] (5)   11362.1
[60,60]   [50,30,20] (10)   11289.4
[60,60]   [50,30,20] (15)   9446.55
[60,60]   [50,30,20] (20)   224.139
[60,60]   [50,30,20] (25)   177.988
[60,60]   [50,30,20] (30)   174.464
[60,60]   [50,40,5] (0)   5907.22
[60,60]   [50,40,5] (5)   5825.21
[60,60]   [50,40,5] (10)   5848.83
[60,60]   [50,40,5] (15)   5721.15
[60,60]   [50,40,5] (20)   4703.41
[60,60]   [50,40,5] (25)   692.931
[60,60]   [50,40,5] (30)   162.751
[60,60]   [50,40,10] (0)   5827.01
[60,60]   [50,40,10] (5)   5784.47
[60,60]   [50,40,10] (10)   5887.78
[60,60]   [50,40,10] (15)   5748.66
[60,60]   [50,40,10] (20)   4668.93
[60,60]   [50,40,10] (25)   977.673
[60,60]   [50,40,10] (30)   184.863
[60,60]   [50,40,15] (0)   5874.51
[60,60]   [50,40,15] (5)   5957.86
[60,60]   [50,40,15] (10)   5859.34
[60,60]   [50,40,15] (15)   5600.96
[60,60]   [50,40,15] (20)   4475.3
[60,60]   [50,40,15] (25)   224.504
[60,60]   [50,40,15] (30)   185.012
[60,60]   [50,40,20] (0)   5798.74
[60,60]   [50,40,20] (5)   5899.44
[60,60]   [50,40,20] (10)   5829.38
[60,60]   [50,40,20] (15)   5846.61
[60,60]   [50,40,20] (20)   4354.12
[60,60]   [50,40,20] (25)   230.504
[60,60]   [50,40,20] (30)   192.611
[60,60]   [50,50,5] (0)   517.622
[60,60]   [50,50,5] (5)   477.78
[60,60]   [50,50,5] (10)   442.058
[60,60]   [50,50,5] (15)   440.921
[60,60]   [50,50,5] (20)   517.192
[60,60]   [50,50,5] (25)   536.644
[60,60]   [50,50,5] (30)   209.355
[60,60]   [50,50,10] (0)   472.468
[60,60]   [50,50,10] (5)   445.976
[60,60]   [50,50,10] (10)   530.718
[60,60]   [50,50,10] (15)   417.05
[60,60]   [50,50,10] (20)   488.732
[60,60]   [50,50,10] (25)   369.786
[60,60]   [50,50,10] (30)   223.97
[60,60]   [50,50,15] (0)   562.582
[60,60]   [50,50,15] (5)   511.993
[60,60]   [50,50,15] (10)   522.795
[60,60]   [50,50,15] (15)   458.061
[60,60]   [50,50,15] (20)   455.805
[60,60]   [50,50,15] (25)   497.174
[60,60]   [50,50,15] (30)   209.568
[60,60]   [50,50,20] (0)   475.963
[60,60]   [50,50,20] (5)   499.221
[60,60]   [50,50,20] (10)   518.936
[60,60]   [50,50,20] (15)   523.381
[60,60]   [50,50,20] (20)   448.504
[60,60]   [50,50,20] (25)   303.099
[60,60]   [50,50,20] (30)   229.781
[60,60]   [50,60,5] (0)   1533.47
[60,60]   [50,60,5] (5)   1418.38
[60,60]   [50,60,5] (10)   1379.03
[60,60]   [50,60,5] (15)   1443.01
[60,60]   [50,60,5] (20)   1441.39
[60,60]   [50,60,5] (25)   1376.31
[60,60]   [50,60,5] (30)   1519.1
[60,60]   [50,60,10] (0)   1406.73
[60,60]   [50,60,10] (5)   1543.68
[60,60]   [50,60,10] (10)   1331.62
[60,60]   [50,60,10] (15)   1589.81
[60,60]   [50,60,10] (20)   1585.6
[60,60]   [50,60,10] (25)   1398.27
[60,60]   [50,60,10] (30)   1418.23
[60,60]   [50,60,15] (0)   1498.34
[60,60]   [50,60,15] (5)   1482.9
[60,60]   [50,60,15] (10)   1626.86
[60,60]   [50,60,15] (15)   1377.93
[60,60]   [50,60,15] (20)   1466.46
[60,60]   [50,60,15] (25)   1398.32
[60,60]   [50,60,15] (30)   1272.23
[60,60]   [50,60,20] (0)   1391.66
[60,60]   [50,60,20] (5)   1429.67
[60,60]   [50,60,20] (10)   1450.09
[60,60]   [50,60,20] (15)   1542.81
[60,60]   [50,60,20] (20)   1498.3
[60,60]   [50,60,20] (25)   1393.31
[60,60]   [50,60,20] (30)   1367.9
[60,60]   [60,10,5] (0)   30283.8
[60,60]   [60,10,5] (5)   21242
[60,60]   [60,10,5] (10)   5952.1
[60,60]   [60,10,5] (15)   136.449
[60,60]   [60,10,5] (20)   112.705
[60,60]   [60,10,5] (25)   110.448
[60,60]   [60,10,5] (30)   115.019
[60,60]   [60,10,10] (0)   30670.6
[60,60]   [60,10,10] (5)   22373.8
[60,60]   [60,10,10] (10)   12089.2
[60,60]   [60,10,10] (15)   5188.04
[60,60]   [60,10,10] (20)   624.596
[60,60]   [60,10,10] (25)   140.321
[60,60]   [60,10,10] (30)   136.257
[60,60]   [60,10,15] (0)   30477.8
[60,60]   [60,10,15] (5)   18320.9
[60,60]   [60,10,15] (10)   10173.7
[60,60]   [60,10,15] (15)   3448.82
[60,60]   [60,10,15] (20)   165.154
[60,60]   [60,10,15] (25)   145.391
[60,60]   [60,10,15] (30)   145.61
[60,60]   [60,10,20] (0)   30333.9
[60,60]   [60,10,20] (5)   19884
[60,60]   [60,10,20] (10)   7901.52
[60,60]   [60,10,20] (15)   6730.48
[60,60]   [60,10,20] (20)   181.222
[60,60]   [60,10,20] (25)   158.632
[60,60]   [60,10,20] (30)   159.513
[60,60]   [60,20,5] (0)   25518.5
[60,60]   [60,20,5] (5)   25473.8
[60,60]   [60,20,5] (10)   19760.4
[60,60]   [60,20,5] (15)   7206.53
[60,60]   [60,20,5] (20)   161.93
[60,60]   [60,20,5] (25)   126.639
[60,60]   [60,20,5] (30)   123.082
[60,60]   [60,20,10] (0)   25497.8
[60,60]   [60,20,10] (5)   25515.7
[60,60]   [60,20,10] (10)   21170.6
[60,60]   [60,20,10] (15)   10885
[60,60]   [60,20,10] (20)   4077.92
[60,60]   [60,20,10] (25)   183.888
[60,60]   [60,20,10] (30)   151.298
[60,60]   [60,20,15] (0)   25435
[60,60]   [60,20,15] (5)   25433.6
[60,60]   [60,20,15] (10)   19095.2
[60,60]   [60,20,15] (15)   7321.1
[60,60]   [60,20,15] (20)   2848.13
[60,60]   [60,20,15] (25)   162.418
[60,60]   [60,20,15] (30)   155.757
[60,60]   [60,20,20] (0)   25490.6
[60,60]   [60,20,20] (5)   25408
[60,60]   [60,20,20] (10)   22772.7
[60,60]   [60,20,20] (15)   6696.7
[60,60]   [60,20,20] (20)   3847.17
[60,60]   [60,20,20] (25)   221.369
[60,60]   [60,20,20] (30)   177.1
[60,60]   [60,30,5] (0)   20587
[60,60]   [60,30,5] (5)   20558.4
[60,60]   [60,30,5] (10)   20674.9
[60,60]   [60,30,5] (15)   14191.3
[60,60]   [60,30,5] (20)   5269.48
[60,60]   [60,30,5] (25)   163.996
[60,60]   [60,30,5] (30)   139.804
[60,60]   [60,30,10] (0)   20499.7
[60,60]   [60,30,10] (5)   20640.8
[60,60]   [60,30,10] (10)   20308.3
[60,60]   [60,30,10] (15)   15247.9
[60,60]   [60,30,10] (20)   7647.32
[60,60]   [60,30,10] (25)   1463.32
[60,60]   [60,30,10] (30)   172.136
[60,60]   [60,30,15] (0)   20520.8
[60,60]   [60,30,15] (5)   20469.6
[60,60]   [60,30,15] (10)   20164.6
[60,60]   [60,30,15] (15)   15062
[60,60]   [60,30,15] (20)   5136.74
[60,60]   [60,30,15] (25)   285.651
[60,60]   [60,30,15] (30)   178.286
[60,60]   [60,30,20] (0)   20584.9
[60,60]   [60,30,20] (5)   20497.8
[60,60]   [60,30,20] (10)   20044.3
[60,60]   [60,30,20] (15)   14305.4
[60,60]   [60,30,20] (20)   3398.58
[60,60]   [60,30,20] (25)   210.175
[60,60]   [60,30,20] (30)   186.857
[60,60]   [60,40,5] (0)   11184.8
[60,60]   [60,40,5] (5)   11134.9
[60,60]   [60,40,5] (10)   11186.7
[60,60]   [60,40,5] (15)   11201
[60,60]   [60,40,5] (20)   9832.58
[60,60]   [60,40,5] (25)   4730.03
[60,60]   [60,40,5] (30)   181.303
[60,60]   [60,40,10] (0)   11090.2
[60,60]   [60,40,10] (5)   11185.8
[60,60]   [60,40,10] (10)   11173.4
[60,60]   [60,40,10] (15)   11047.9
[60,60]   [60,40,10] (20)   10261.1
[60,60]   [60,40,10] (25)   5719.95
[60,60]   [60,40,10] (30)   253.839
[60,60]   [60,40,15] (0)   11198.3
[60,60]   [60,40,15] (5)   11130.5
[60,60]   [60,40,15] (10)   11147.6
[60,60]   [60,40,15] (15)   11191.7
[60,60]   [60,40,15] (20)   9776.96
[60,60]   [60,40,15] (25)   3566.13
[60,60]   [60,40,15] (30)   198.752
[60,60]   [60,40,20] (0)   11130.1
[60,60]   [60,40,20] (5)   11221.1
[60,60]   [60,40,20] (10)   11167.8
[60,60]   [60,40,20] (15)   11211.4
[60,60]   [60,40,20] (20)   10692.4
[60,60]   [60,40,20] (25)   4284.97
[60,60]   [60,40,20] (30)   215.895
[60,60]   [60,50,5] (0)   5351.55
[60,60]   [60,50,5] (5)   5297.72
[60,60]   [60,50,5] (10)   5360.24
[60,60]   [60,50,5] (15)   5393.09
[60,60]   [60,50,5] (20)   5343.88
[60,60]   [60,50,5] (25)   5083.48
[60,60]   [60,50,5] (30)   2097.73
[60,60]   [60,50,10] (0)   5404.79
[60,60]   [60,50,10] (5)   5280.3
[60,60]   [60,50,10] (10)   5324.83
[60,60]   [60,50,10] (15)   5310.22
[60,60]   [60,50,10] (20)   5327.64
[60,60]   [60,50,10] (25)   5130.69
[60,60]   [60,50,10] (30)   2838.61
[60,60]   [60,50,15] (0)   5315.05
[60,60]   [60,50,15] (5)   5338.97
[60,60]   [60,50,15] (10)   5402.35
[60,60]   [60,50,15] (15)   5339.61
[60,60]   [60,50,15] (20)   5437.74
[60,60]   [60,50,15] (25)   4912.44
[60,60]   [60,50,15] (30)   1162.69
[60,60]   [60,50,20] (0)   5305.45
[60,60]   [60,50,20] (5)   5326.12
[60,60]   [60,50,20] (10)   5254.66
[60,60]   [60,50,20] (15)   5368.71
[60,60]   [60,50,20] (20)   5385.18
[60,60]   [60,50,20] (25)   4999.28
[60,60]   [60,50,20] (30)   993.431
[60,60]   [60,60,5] (0)   3981.08
[60,60]   [60,60,5] (5)   3913.26
[60,60]   [60,60,5] (10)   3962.49
[60,60]   [60,60,5] (15)   3873.79
[60,60]   [60,60,5] (20)   3963.33
[60,60]   [60,60,5] (25)   3864.11
[60,60]   [60,60,5] (30)   837.76
[60,60]   [60,60,10] (0)   3841.69
[60,60]   [60,60,10] (5)   3913.85
[60,60]   [60,60,10] (10)   3926.75
[60,60]   [60,60,10] (15)   3886.13
[60,60]   [60,60,10] (20)   3748.15
[60,60]   [60,60,10] (25)   3974.75
[60,60]   [60,60,10] (30)   1005.32
[60,60]   [60,60,15] (0)   3859.6
[60,60]   [60,60,15] (5)   3970.5
[60,60]   [60,60,15] (10)   3936.4
[60,60]   [60,60,15] (15)   3878.95
[60,60]   [60,60,15] (20)   3898.89
[60,60]   [60,60,15] (25)   3813.3
[60,60]   [60,60,15] (30)   1974.28
[60,60]   [60,60,20] (0)   3943.38
[60,60]   [60,60,20] (5)   3792.97
[60,60]   [60,60,20] (10)   3991.32
[60,60]   [60,60,20] (15)   3770.67
[60,60]   [60,60,20] (20)   4023.6
[60,60]   [60,60,20] (25)   3724.89
[60,60]   [60,60,20] (30)   887.735
