[80,50]   [10,10,5] (0)   99.0208
[80,50]   [10,10,5] (5)   71.6767
[80,50]   [10,10,5] (10)   68.9191
[80,50]   [10,10,5] (15)   78.6005
[80,50]   [10,10,5] (20)   88.6159
[80,50]   [10,10,5] (25)   98.2662
[80,50]   [10,10,5] (30)   107.957
[80,50]   [10,10,10] (0)   99.1977
[80,50]   [10,10,10] (5)   81.7758
[80,50]   [10,10,10] (10)   86.5523
[80,50]   [10,10,10] (15)   95.0129
[80,50]   [10,10,10] (20)   103.972
[80,50]   [10,10,10] (25)   112.934
[80,50]   [10,10,10] (30)   121.372
[80,50]   [10,10,15] (0)   101.642
[80,50]   [10,10,15] (5)   84.0278
[80,50]   [10,10,15] (10)   90.3457
[80,50]   [10,10,15] (15)   99.4453
[80,50]   [10,10,15] (20)   108.298
[80,50]   [10,10,15] (25)   116.98
[80,50]   [10,10,15] (30)   125.606
[80,50]   [10,10,20] (0)   101.496
[80,50]   [10,10,20] (5)   93.3934
[80,50]   [10,10,20] (10)   100.44
[80,50]   [10,10,20] (15)   108.102
[80,50]   [10,10,20] (20)   117.595
[80,50]   [10,10,20] (25)   125.933
[80,50]   [10,10,20] (30)   134.699
[80,50]   [10,20,5] (0)   8381.37
[80,50]   [10,20,5] (5)   8468.64
[80,50]   [10,20,5] (10)   8473.61
[80,50]   [10,20,5] (15)   8433.64
[80,50]   [10,20,5] (20)   8348.92
[80,50]   [10,20,5] (25)   7519.48
[80,50]   [10,20,5] (30)   8210.53
[80,50]   [10,20,10] (0)   8443.48
[80,50]   [10,20,10] (5)   8434.01
[80,50]   [10,20,10] (10)   8459.23
[80,50]   [10,20,10] (15)   8423.59
[80,50]   [10,20,10] (20)   8386.57
[80,50]   [10,20,10] (25)   8403.72
[80,50]   [10,20,10] (30)   8421
[80,50]   [10,20,15] (0)   8509.99
[80,50]   [10,20,15] (5)   8397.53
[80,50]   [10,20,15] (10)   8380.58
[80,50]   [10,20,15] (15)   8390.86
[80,50]   [10,20,15] (20)   8449.33
[80,50]   [10,20,15] (25)   7524.76
[80,50]   [10,20,15] (30)   6860.33
[80,50]   [10,20,20] (0)   8404.13
[80,50]   [10,20,20] (5)   8513.63
[80,50]   [10,20,20] (10)   8345.51
[80,50]   [10,20,20] (15)   8463.82
[80,50]   [10,20,20] (20)   8422.1
[80,50]   [10,20,20] (25)   8441.85
[80,50]   [10,20,20] (30)   8299.7
[80,50]   [10,30,5] (0)   18054.2
[80,50]   [10,30,5] (5)   17966.2
[80,50]   [10,30,5] (10)   17962.5
[80,50]   [10,30,5] (15)   18158.8
[80,50]   [10,30,5] (20)   17922.4
[80,50]   [10,30,5] (25)   17845.8
[80,50]   [10,30,5] (30)   17437.3
[80,50]   [10,30,10] (0)   18119.9
[80,50]   [10,30,10] (5)   18128.4
[80,50]   [10,30,10] (10)   18114.2
[80,50]   [10,30,10] (15)   18000.5
[80,50]   [10,30,10] (20)   18111.2
[80,50]   [10,30,10] (25)   18025.6
[80,50]   [10,30,10] (30)   18124.4
[80,50]   [10,30,15] (0)   18077.7
[80,50]   [10,30,15] (5)   18090
[80,50]   [10,30,15] (10)   18008.8
[80,50]   [10,30,15] (15)   17989
[80,50]   [10,30,15] (20)   18039.2
[80,50]   [10,30,15] (25)   17729.9
[80,50]   [10,30,15] (30)   15999.4
[80,50]   [10,30,20] (0)   18147.8
[80,50]   [10,30,20] (5)   18105.1
[80,50]   [10,30,20] (10)   18036.5
[80,50]   [10,30,20] (15)   17939.6
[80,50]   [10,30,20] (20)   17910.2
[80,50]   [10,30,20] (25)   17997.8
[80,50]   [10,30,20] (30)   17992.3
[80,50]   [10,40,5] (0)   27384.9
[80,50]   [10,40,5] (5)   27360.2
[80,50]   [10,40,5] (10)   27366.1
[80,50]   [10,40,5] (15)   27279.9
[80,50]   [10,40,5] (20)   27377
[80,50]   [10,40,5] (25)   27384.6
[80,50]   [10,40,5] (30)   27372.8
[80,50]   [10,40,10] (0)   27316.5
[80,50]   [10,40,10] (5)   27353.5
[80,50]   [10,40,10] (10)   27453.1
[80,50]   [10,40,10] (15)   27387.7
[80,50]   [10,40,10] (20)   27336.8
[80,50]   [10,40,10] (25)   27360.5
[80,50]   [10,40,10] (30)   27325.8
[80,50]   [10,40,15] (0)   27327.7
[80,50]   [10,40,15] (5)   27368.8
[80,50]   [10,40,15] (10)   27393.5
[80,50]   [10,40,15] (15)   27343.4
[80,50]   [10,40,15] (20)   27416.9
[80,50]   [10,40,15] (25)   27358.7
[80,50]   [10,40,15] (30)   27365.4
[80,50]   [10,40,20] (0)   27375.8
[80,50]   [10,40,20] (5)   27325.3
[80,50]   [10,40,20] (10)   27362.6
[80,50]   [10,40,20] (15)   27371.8
[80,50]   [10,40,20] (20)   27394.9
[80,50]   [10,40,20] (25)   27342.2
[80,50]   [10,40,20] (30)   27395
[80,50]   [10,50,5] (0)   34889.9
[80,50]   [10,50,5] (5)   34933.1
[80,50]   [10,50,5] (10)   34697.7
[80,50]   [10,50,5] (15)   34920.6
[80,50]   [10,50,5] (20)   34955
[80,50]   [10,50,5] (25)   34972.3
[80,50]   [10,50,5] (30)   34887.2
[80,50]   [10,50,10] (0)   34858.9
[80,50]   [10,50,10] (5)   34953.8
[80,50]   [10,50,10] (10)   34913.6
[80,50]   [10,50,10] (15)   34925
[80,50]   [10,50,10] (20)   34855.9
[80,50]   [10,50,10] (25)   34966.3
[80,50]   [10,50,10] (30)   34897.3
[80,50]   [10,50,15] (0)   34954.7
[80,50]   [10,50,15] (5)   34930
[80,50]   [10,50,15] (10)   34917.9
[80,50]   [10,50,15] (15)   34920.6
[80,50]   [10,50,15] (20)   34899.4
[80,50]   [10,50,15] (25)   34799.8
[80,50]   [10,50,15] (30)   34922.3
[80,50]   [10,50,20] (0)   34900.5
[80,50]   [10,50,20] (5)   34956.8
[80,50]   [10,50,20] (10)   34891.9
[80,50]   [10,50,20] (15)   34922.2
[80,50]   [10,50,20] (20)   35002.6
[80,50]   [10,50,20] (25)   34991
[80,50]   [10,50,20] (30)   34942.8
[80,50]   [10,60,5] (0)   41618.8
[80,50]   [10,60,5] (5)   41831.9
[80,50]   [10,60,5] (10)   41882.9
[80,50]   [10,60,5] (15)   41839.2
[80,50]   [10,60,5] (20)   41816.9
[80,50]   [10,60,5] (25)   41808.8
[80,50]   [10,60,5] (30)   41866.4
[80,50]   [10,60,10] (0)   41839.9
[80,50]   [10,60,10] (5)   41876.9
[80,50]   [10,60,10] (10)   41840.4
[80,50]   [10,60,10] (15)   41661.7
[80,50]   [10,60,10] (20)   41843.8
[80,50]   [10,60,10] (25)   41811.3
[80,50]   [10,60,10] (30)   41814.2
[80,50]   [10,60,15] (0)   41841.4
[80,50]   [10,60,15] (5)   41825.4
[80,50]   [10,60,15] (10)   41841.1
[80,50]   [10,60,15] (15)   41849.3
[80,50]   [10,60,15] (20)   41836.6
[80,50]   [10,60,15] (25)   41868.4
[80,50]   [10,60,15] (30)   41918.8
[80,50]   [10,60,20] (0)   41797.8
[80,50]   [10,60,20] (5)   41855.9
[80,50]   [10,60,20] (10)   41838.3
[80,50]   [10,60,20] (15)   41824.2
[80,50]   [10,60,20] (20)   41807.6
[80,50]   [10,60,20] (25)   41822.4
[80,50]   [10,60,20] (30)   41847.6
[80,50]   [20,10,5] (0)   7693.04
[80,50]   [20,10,5] (5)   1872.19
[80,50]   [20,10,5] (10)   72.7083
[80,50]   [20,10,5] (15)   72.8062
[80,50]   [20,10,5] (20)   81.9545
[80,50]   [20,10,5] (25)   91.938
[80,50]   [20,10,5] (30)   101.726
[80,50]   [20,10,10] (0)   7721.51
[80,50]   [20,10,10] (5)   1685.82
[80,50]   [20,10,10] (10)   92.3664
[80,50]   [20,10,10] (15)   94.5885
[80,50]   [20,10,10] (20)   102.984
[80,50]   [20,10,10] (25)   111.091
[80,50]   [20,10,10] (30)   119.683
[80,50]   [20,10,15] (0)   7720.08
[80,50]   [20,10,15] (5)   119.348
[80,50]   [20,10,15] (10)   95.9548
[80,50]   [20,10,15] (15)   101.962
[80,50]   [20,10,15] (20)   109.834
[80,50]   [20,10,15] (25)   118.082
[80,50]   [20,10,15] (30)   126.191
[80,50]   [20,10,20] (0)   7749.29
[80,50]   [20,10,20] (5)   150.787
[80,50]   [20,10,20] (10)   108.476
[80,50]   [20,10,20] (15)   116.495
[80,50]   [20,10,20] (20)   123.759
[80,50]   [20,10,20] (25)   132.081
[80,50]   [20,10,20] (30)   139.88
[80,50]   [20,20,5] (0)   135.773
[80,50]   [20,20,5] (5)   135.775
[80,50]   [20,20,5] (10)   122.219
[80,50]   [20,20,5] (15)   107.876
[80,50]   [20,20,5] (20)   114.75
[80,50]   [20,20,5] (25)   122.894
[80,50]   [20,20,5] (30)   131.229
[80,50]   [20,20,10] (0)   138.983
[80,50]   [20,20,10] (5)   137.703
[80,50]   [20,20,10] (10)   127.06
[80,50]   [20,20,10] (15)   122.843
[80,50]   [20,20,10] (20)   130.372
[80,50]   [20,20,10] (25)   138.188
[80,50]   [20,20,10] (30)   145.831
[80,50]   [20,20,15] (0)   136.624
[80,50]   [20,20,15] (5)   135.807
[80,50]   [20,20,15] (10)   123.363
[80,50]   [20,20,15] (15)   125.276
[80,50]   [20,20,15] (20)   132.784
[80,50]   [20,20,15] (25)   140.021
[80,50]   [20,20,15] (30)   148.106
[80,50]   [20,20,20] (0)   138.791
[80,50]   [20,20,20] (5)   135.226
[80,50]   [20,20,20] (10)   129.254
[80,50]   [20,20,20] (15)   134.589
[80,50]   [20,20,20] (20)   142.798
[80,50]   [20,20,20] (25)   149.388
[80,50]   [20,20,20] (30)   157.383
[80,50]   [20,30,5] (0)   6092.71
[80,50]   [20,30,5] (5)   6080.86
[80,50]   [20,30,5] (10)   6079.99
[80,50]   [20,30,5] (15)   6154.45
[80,50]   [20,30,5] (20)   6234.03
[80,50]   [20,30,5] (25)   6094.44
[80,50]   [20,30,5] (30)   5826.69
[80,50]   [20,30,10] (0)   6209.72
[80,50]   [20,30,10] (5)   6072.01
[80,50]   [20,30,10] (10)   6133.63
[80,50]   [20,30,10] (15)   6229.72
[80,50]   [20,30,10] (20)   6235.93
[80,50]   [20,30,10] (25)   6205.28
[80,50]   [20,30,10] (30)   6114.92
[80,50]   [20,30,15] (0)   6185.93
[80,50]   [20,30,15] (5)   6193.71
[80,50]   [20,30,15] (10)   6059.27
[80,50]   [20,30,15] (15)   6124.63
[80,50]   [20,30,15] (20)   6151.05
[80,50]   [20,30,15] (25)   6087.21
[80,50]   [20,30,15] (30)   4853.07
[80,50]   [20,30,20] (0)   6099.73
[80,50]   [20,30,20] (5)   6091.67
[80,50]   [20,30,20] (10)   6152.98
[80,50]   [20,30,20] (15)   6129.83
[80,50]   [20,30,20] (20)   6123.68
[80,50]   [20,30,20] (25)   6083.62
[80,50]   [20,30,20] (30)   6133.47
[80,50]   [20,40,5] (0)   15514.5
[80,50]   [20,40,5] (5)   15553.3
[80,50]   [20,40,5] (10)   15572.6
[80,50]   [20,40,5] (15)   15728.8
[80,50]   [20,40,5] (20)   15620.6
[80,50]   [20,40,5] (25)   15502.1
[80,50]   [20,40,5] (30)   15526.3
[80,50]   [20,40,10] (0)   15494.6
[80,50]   [20,40,10] (5)   15397.5
[80,50]   [20,40,10] (10)   15580
[80,50]   [20,40,10] (15)   15553.3
[80,50]   [20,40,10] (20)   15244.1
[80,50]   [20,40,10] (25)   15424.8
[80,50]   [20,40,10] (30)   15532.9
[80,50]   [20,40,15] (0)   15551.1
[80,50]   [20,40,15] (5)   15540
[80,50]   [20,40,15] (10)   15531.4
[80,50]   [20,40,15] (15)   15574.2
[80,50]   [20,40,15] (20)   15701.5
[80,50]   [20,40,15] (25)   15215.2
[80,50]   [20,40,15] (30)   15157.7
[80,50]   [20,40,20] (0)   15537.1
[80,50]   [20,40,20] (5)   15661.2
[80,50]   [20,40,20] (10)   15602.3
[80,50]   [20,40,20] (15)   15583.6
[80,50]   [20,40,20] (20)   15557.1
[80,50]   [20,40,20] (25)   15433.8
[80,50]   [20,40,20] (30)   15661.4
[80,50]   [20,50,5] (0)   23164.7
[80,50]   [20,50,5] (5)   23152.5
[80,50]   [20,50,5] (10)   23376.8
[80,50]   [20,50,5] (15)   23155.5
[80,50]   [20,50,5] (20)   23205.4
[80,50]   [20,50,5] (25)   23142.9
[80,50]   [20,50,5] (30)   23313.3
[80,50]   [20,50,10] (0)   23251.4
[80,50]   [20,50,10] (5)   23326
[80,50]   [20,50,10] (10)   23478.3
[80,50]   [20,50,10] (15)   23373.6
[80,50]   [20,50,10] (20)   23406.3
[80,50]   [20,50,10] (25)   23240.2
[80,50]   [20,50,10] (30)   23362.7
[80,50]   [20,50,15] (0)   23415.1
[80,50]   [20,50,15] (5)   23194.6
[80,50]   [20,50,15] (10)   23388.7
[80,50]   [20,50,15] (15)   23358.8
[80,50]   [20,50,15] (20)   23344.1
[80,50]   [20,50,15] (25)   23374.2
[80,50]   [20,50,15] (30)   23241.5
[80,50]   [20,50,20] (0)   23284.8
[80,50]   [20,50,20] (5)   23338.9
[80,50]   [20,50,20] (10)   23180.5
[80,50]   [20,50,20] (15)   23203.9
[80,50]   [20,50,20] (20)   23085.2
[80,50]   [20,50,20] (25)   23310.7
[80,50]   [20,50,20] (30)   23185.4
[80,50]   [20,60,5] (0)   30507.9
[80,50]   [20,60,5] (5)   30433.8
[80,50]   [20,60,5] (10)   30438.1
[80,50]   [20,60,5] (15)   30370.5
[80,50]   [20,60,5] (20)   30483.7
[80,50]   [20,60,5] (25)   30517.6
[80,50]   [20,60,5] (30)   30489.3
[80,50]   [20,60,10] (0)   30360.9
[80,50]   [20,60,10] (5)   30449
[80,50]   [20,60,10] (10)   30508.1
[80,50]   [20,60,10] (15)   30150.9
[80,50]   [20,60,10] (20)   30522.3
[80,50]   [20,60,10] (25)   30477.2
[80,50]   [20,60,10] (30)   30472.7
[80,50]   [20,60,15] (0)   30468
[80,50]   [20,60,15] (5)   30510.7
[80,50]   [20,60,15] (10)   30514.6
[80,50]   [20,60,15] (15)   30436.3
[80,50]   [20,60,15] (20)   30380.6
[80,50]   [20,60,15] (25)   30370.6
[80,50]   [20,60,15] (30)   30454.4
[80,50]   [20,60,20] (0)   30517.5
[80,50]   [20,60,20] (5)   30349.2
[80,50]   [20,60,20] (10)   30510.2
[80,50]   [20,60,20] (15)   30535
[80,50]   [20,60,20] (20)   30368.9
[80,50]   [20,60,20] (25)   30493.3
[80,50]   [20,60,20] (30)   30509.2
[80,50]   [30,10,5] (0)   14636
[80,50]   [30,10,5] (5)   7558.26
[80,50]   [30,10,5] (10)   90.6141
[80,50]   [30,10,5] (15)   81.0826
[80,50]   [30,10,5] (20)   82.0295
[80,50]   [30,10,5] (25)   89.0873
[80,50]   [30,10,5] (30)   99.4197
[80,50]   [30,10,10] (0)   14552.2
[80,50]   [30,10,10] (5)   7715.79
[80,50]   [30,10,10] (10)   129.248
[80,50]   [30,10,10] (15)   101.9
[80,50]   [30,10,10] (20)   102.872
[80,50]   [30,10,10] (25)   109.279
[80,50]   [30,10,10] (30)   117.813
[80,50]   [30,10,15] (0)   14579.2
[80,50]   [30,10,15] (5)   4165.1
[80,50]   [30,10,15] (10)   109.819
[80,50]   [30,10,15] (15)   109.098
[80,50]   [30,10,15] (20)   111.347
[80,50]   [30,10,15] (25)   118.852
[80,50]   [30,10,15] (30)   127.122
[80,50]   [30,10,20] (0)   14633.3
[80,50]   [30,10,20] (5)   3320.17
[80,50]   [30,10,20] (10)   116.173
[80,50]   [30,10,20] (15)   118.015
[80,50]   [30,10,20] (20)   125.689
[80,50]   [30,10,20] (25)   133.242
[80,50]   [30,10,20] (30)   141.097
[80,50]   [30,20,5] (0)   6487.44
[80,50]   [30,20,5] (5)   6569.36
[80,50]   [30,20,5] (10)   4258.53
[80,50]   [30,20,5] (15)   116.552
[80,50]   [30,20,5] (20)   102.112
[80,50]   [30,20,5] (25)   103.564
[80,50]   [30,20,5] (30)   112.868
[80,50]   [30,20,10] (0)   6557.54
[80,50]   [30,20,10] (5)   6509.23
[80,50]   [30,20,10] (10)   4754.83
[80,50]   [30,20,10] (15)   129.617
[80,50]   [30,20,10] (20)   120.393
[80,50]   [30,20,10] (25)   126.054
[80,50]   [30,20,10] (30)   133.989
[80,50]   [30,20,15] (0)   6594.62
[80,50]   [30,20,15] (5)   6599.04
[80,50]   [30,20,15] (10)   3190.46
[80,50]   [30,20,15] (15)   127.95
[80,50]   [30,20,15] (20)   128.792
[80,50]   [30,20,15] (25)   133.896
[80,50]   [30,20,15] (30)   142.01
[80,50]   [30,20,20] (0)   6538.43
[80,50]   [30,20,20] (5)   6490.94
[80,50]   [30,20,20] (10)   3514.16
[80,50]   [30,20,20] (15)   137.946
[80,50]   [30,20,20] (20)   139.566
[80,50]   [30,20,20] (25)   146.439
[80,50]   [30,20,20] (30)   154.051
[80,50]   [30,30,5] (0)   173.019
[80,50]   [30,30,5] (5)   171.628
[80,50]   [30,30,5] (10)   168.389
[80,50]   [30,30,5] (15)   160.623
[80,50]   [30,30,5] (20)   137.18
[80,50]   [30,30,5] (25)   132.61
[80,50]   [30,30,5] (30)   140.387
[80,50]   [30,30,10] (0)   172.371
[80,50]   [30,30,10] (5)   173.184
[80,50]   [30,30,10] (10)   171.221
[80,50]   [30,30,10] (15)   161.998
[80,50]   [30,30,10] (20)   149.029
[80,50]   [30,30,10] (25)   151.627
[80,50]   [30,30,10] (30)   160.12
[80,50]   [30,30,15] (0)   171.76
[80,50]   [30,30,15] (5)   171.278
[80,50]   [30,30,15] (10)   170.737
[80,50]   [30,30,15] (15)   159.197
[80,50]   [30,30,15] (20)   150.582
[80,50]   [30,30,15] (25)   155.351
[80,50]   [30,30,15] (30)   163.532
[80,50]   [30,30,20] (0)   170.985
[80,50]   [30,30,20] (5)   170.208
[80,50]   [30,30,20] (10)   171.607
[80,50]   [30,30,20] (15)   163.347
[80,50]   [30,30,20] (20)   159.035
[80,50]   [30,30,20] (25)   165.406
[80,50]   [30,30,20] (30)   172.948
[80,50]   [30,40,5] (0)   4243.11
[80,50]   [30,40,5] (5)   4186.42
[80,50]   [30,40,5] (10)   4151.21
[80,50]   [30,40,5] (15)   4129.25
[80,50]   [30,40,5] (20)   4190.7
[80,50]   [30,40,5] (25)   4172.72
[80,50]   [30,40,5] (30)   4103.21
[80,50]   [30,40,10] (0)   4281.74
[80,50]   [30,40,10] (5)   4079.72
[80,50]   [30,40,10] (10)   4217.14
[80,50]   [30,40,10] (15)   4087.64
[80,50]   [30,40,10] (20)   4136.47
[80,50]   [30,40,10] (25)   4174.43
[80,50]   [30,40,10] (30)   4003.39
[80,50]   [30,40,15] (0)   4203.39
[80,50]   [30,40,15] (5)   4223.1
[80,50]   [30,40,15] (10)   4261.41
[80,50]   [30,40,15] (15)   4185.8
[80,50]   [30,40,15] (20)   4298.31
[80,50]   [30,40,15] (25)   4180.87
[80,50]   [30,40,15] (30)   4252.55
[80,50]   [30,40,20] (0)   4045.08
[80,50]   [30,40,20] (5)   4088.93
[80,50]   [30,40,20] (10)   4063.58
[80,50]   [30,40,20] (15)   3991.52
[80,50]   [30,40,20] (20)   4125.44
[80,50]   [30,40,20] (25)   4115.52
[80,50]   [30,40,20] (30)   4112.02
[80,50]   [30,50,5] (0)   12079.1
[80,50]   [30,50,5] (5)   12105.8
[80,50]   [30,50,5] (10)   11909.1
[80,50]   [30,50,5] (15)   12042.9
[80,50]   [30,50,5] (20)   11968.8
[80,50]   [30,50,5] (25)   11916.8
[80,50]   [30,50,5] (30)   12115.9
[80,50]   [30,50,10] (0)   12063.5
[80,50]   [30,50,10] (5)   11980
[80,50]   [30,50,10] (10)   12100.6
[80,50]   [30,50,10] (15)   11980.9
[80,50]   [30,50,10] (20)   11880.9
[80,50]   [30,50,10] (25)   11967.8
[80,50]   [30,50,10] (30)   11763.5
[80,50]   [30,50,15] (0)   11999.9
[80,50]   [30,50,15] (5)   11997
[80,50]   [30,50,15] (10)   11977.2
[80,50]   [30,50,15] (15)   11940.2
[80,50]   [30,50,15] (20)   11991.9
[80,50]   [30,50,15] (25)   12008.6
[80,50]   [30,50,15] (30)   11928.9
[80,50]   [30,50,20] (0)   11989.1
[80,50]   [30,50,20] (5)   11816
[80,50]   [30,50,20] (10)   11720.5
[80,50]   [30,50,20] (15)   12056.2
[80,50]   [30,50,20] (20)   12046.9
[80,50]   [30,50,20] (25)   11992.8
[80,50]   [30,50,20] (30)   11890.2
[80,50]   [30,60,5] (0)   19537.7
[80,50]   [30,60,5] (5)   19466.5
[80,50]   [30,60,5] (10)   19542.7
[80,50]   [30,60,5] (15)   19594.1
[80,50]   [30,60,5] (20)   19374.5
[80,50]   [30,60,5] (25)   19562.5
[80,50]   [30,60,5] (30)   19348.3
[80,50]   [30,60,10] (0)   19591.9
[80,50]   [30,60,10] (5)   19431.3
[80,50]   [30,60,10] (10)   19468.4
[80,50]   [30,60,10] (15)   19180.8
[80,50]   [30,60,10] (20)   19305.8
[80,50]   [30,60,10] (25)   19426.6
[80,50]   [30,60,10] (30)   19406
[80,50]   [30,60,15] (0)   19565.1
[80,50]   [30,60,15] (5)   19408.2
[80,50]   [30,60,15] (10)   19501.8
[80,50]   [30,60,15] (15)   19250
[80,50]   [30,60,15] (20)   19074.2
[80,50]   [30,60,15] (25)   19513.8
[80,50]   [30,60,15] (30)   19500.5
[80,50]   [30,60,20] (0)   19472.6
[80,50]   [30,60,20] (5)   19311.6
[80,50]   [30,60,20] (10)   19537.3
[80,50]   [30,60,20] (15)   19353.9
[80,50]   [30,60,20] (20)   19593.5
[80,50]   [30,60,20] (25)   19438.4
[80,50]   [30,60,20] (30)   19478
[80,50]   [40,10,5] (0)   20544.3
[80,50]   [40,10,5] (5)   13224.6
[80,50]   [40,10,5] (10)   185.53
[80,50]   [40,10,5] (15)   91.4352
[80,50]   [40,10,5] (20)   89.0016
[80,50]   [40,10,5] (25)   91.7759
[80,50]   [40,10,5] (30)   97.7419
[80,50]   [40,10,10] (0)   20561.2
[80,50]   [40,10,10] (5)   13133.9
[80,50]   [40,10,10] (10)   3850.75
[80,50]   [40,10,10] (15)   118.118
[80,50]   [40,10,10] (20)   111.306
[80,50]   [40,10,10] (25)   111.57
[80,50]   [40,10,10] (30)   116.962
[80,50]   [40,10,15] (0)   20523.5
[80,50]   [40,10,15] (5)   9278.11
[80,50]   [40,10,15] (10)   1658.15
[80,50]   [40,10,15] (15)   122.54
[80,50]   [40,10,15] (20)   119.408
[80,50]   [40,10,15] (25)   121.975
[80,50]   [40,10,15] (30)   128.08
[80,50]   [40,10,20] (0)   20627.9
[80,50]   [40,10,20] (5)   8820.85
[80,50]   [40,10,20] (10)   137.676
[80,50]   [40,10,20] (15)   134.098
[80,50]   [40,10,20] (20)   133.499
[80,50]   [40,10,20] (25)   136.375
[80,50]   [40,10,20] (30)   143.208
[80,50]   [40,20,5] (0)   12613.9
[80,50]   [40,20,5] (5)   12647.6
[80,50]   [40,20,5] (10)   10200.3
[80,50]   [40,20,5] (15)   430.869
[80,50]   [40,20,5] (20)   112.8
[80,50]   [40,20,5] (25)   104.421
[80,50]   [40,20,5] (30)   106.737
[80,50]   [40,20,10] (0)   12622.3
[80,50]   [40,20,10] (5)   12612.7
[80,50]   [40,20,10] (10)   10580.4
[80,50]   [40,20,10] (15)   1835.13
[80,50]   [40,20,10] (20)   132.381
[80,50]   [40,20,10] (25)   127.462
[80,50]   [40,20,10] (30)   130.44
[80,50]   [40,20,15] (0)   12572.9
[80,50]   [40,20,15] (5)   12637.7
[80,50]   [40,20,15] (10)   8704.1
[80,50]   [40,20,15] (15)   153.793
[80,50]   [40,20,15] (20)   136.336
[80,50]   [40,20,15] (25)   134.27
[80,50]   [40,20,15] (30)   138.936
[80,50]   [40,20,20] (0)   12652.6
[80,50]   [40,20,20] (5)   12556.8
[80,50]   [40,20,20] (10)   9093.9
[80,50]   [40,20,20] (15)   151.474
[80,50]   [40,20,20] (20)   144.637
[80,50]   [40,20,20] (25)   147.538
[80,50]   [40,20,20] (30)   153.759
[80,50]   [40,30,5] (0)   5599.3
[80,50]   [40,30,5] (5)   5579.13
[80,50]   [40,30,5] (10)   5603.58
[80,50]   [40,30,5] (15)   4498.99
[80,50]   [40,30,5] (20)   160.18
[80,50]   [40,30,5] (25)   129.199
[80,50]   [40,30,5] (30)   124.25
[80,50]   [40,30,10] (0)   5583.15
[80,50]   [40,30,10] (5)   5647.93
[80,50]   [40,30,10] (10)   5648.19
[80,50]   [40,30,10] (15)   4655.53
[80,50]   [40,30,10] (20)   172.344
[80,50]   [40,30,10] (25)   148.707
[80,50]   [40,30,10] (30)   149.659
[80,50]   [40,30,15] (0)   5573.35
[80,50]   [40,30,15] (5)   5646.63
[80,50]   [40,30,15] (10)   5624.55
[80,50]   [40,30,15] (15)   3650.87
[80,50]   [40,30,15] (20)   160.462
[80,50]   [40,30,15] (25)   152.762
[80,50]   [40,30,15] (30)   156.034
[80,50]   [40,30,20] (0)   5568.04
[80,50]   [40,30,20] (5)   5609.1
[80,50]   [40,30,20] (10)   5540.84
[80,50]   [40,30,20] (15)   3773.26
[80,50]   [40,30,20] (20)   168.79
[80,50]   [40,30,20] (25)   164.74
[80,50]   [40,30,20] (30)   169.793
[80,50]   [40,40,5] (0)   205.918
[80,50]   [40,40,5] (5)   205.315
[80,50]   [40,40,5] (10)   207.297
[80,50]   [40,40,5] (15)   205.247
[80,50]   [40,40,5] (20)   205.864
[80,50]   [40,40,5] (25)   179.02
[80,50]   [40,40,5] (30)   164.199
[80,50]   [40,40,10] (0)   206.394
[80,50]   [40,40,10] (5)   207.243
[80,50]   [40,40,10] (10)   205.812
[80,50]   [40,40,10] (15)   204.206
[80,50]   [40,40,10] (20)   202.433
[80,50]   [40,40,10] (25)   184.468
[80,50]   [40,40,10] (30)   180.463
[80,50]   [40,40,15] (0)   204.988
[80,50]   [40,40,15] (5)   205.089
[80,50]   [40,40,15] (10)   204.794
[80,50]   [40,40,15] (15)   208.179
[80,50]   [40,40,15] (20)   203.652
[80,50]   [40,40,15] (25)   182.121
[80,50]   [40,40,15] (30)   182.422
[80,50]   [40,40,20] (0)   206.973
[80,50]   [40,40,20] (5)   206.315
[80,50]   [40,40,20] (10)   203.874
[80,50]   [40,40,20] (15)   206.757
[80,50]   [40,40,20] (20)   202.144
[80,50]   [40,40,20] (25)   190.389
[80,50]   [40,40,20] (30)   192.616
[80,50]   [40,50,5] (0)   2815.03
[80,50]   [40,50,5] (5)   2824.89
[80,50]   [40,50,5] (10)   2954.07
[80,50]   [40,50,5] (15)   2929.55
[80,50]   [40,50,5] (20)   2847.16
[80,50]   [40,50,5] (25)   2972.39
[80,50]   [40,50,5] (30)   2934.51
[80,50]   [40,50,10] (0)   2906.65
[80,50]   [40,50,10] (5)   2852.57
[80,50]   [40,50,10] (10)   2932.53
[80,50]   [40,50,10] (15)   2998.02
[80,50]   [40,50,10] (20)   2820.46
[80,50]   [40,50,10] (25)   2921.53
[80,50]   [40,50,10] (30)   2920.13
[80,50]   [40,50,15] (0)   2813.59
[80,50]   [40,50,15] (5)   3026.5
[80,50]   [40,50,15] (10)   2896.33
[80,50]   [40,50,15] (15)   2652.6
[80,50]   [40,50,15] (20)   2831.02
[80,50]   [40,50,15] (25)   2897.11
[80,50]   [40,50,15] (30)   2883.47
[80,50]   [40,50,20] (0)   2805.47
[80,50]   [40,50,20] (5)   2863.04
[80,50]   [40,50,20] (10)   2795.59
[80,50]   [40,50,20] (15)   3038.2
[80,50]   [40,50,20] (20)   2996.3
[80,50]   [40,50,20] (25)   2993.2
[80,50]   [40,50,20] (30)   2780.44
[80,50]   [40,60,5] (0)   10410.9
[80,50]   [40,60,5] (5)   10255.8
[80,50]   [40,60,5] (10)   10378.7
[80,50]   [40,60,5] (15)   10399.6
[80,50]   [40,60,5] (20)   10422.4
[80,50]   [40,60,5] (25)   10468.4
[80,50]   [40,60,5] (30)   10420.7
[80,50]   [40,60,10] (0)   10383.4
[80,50]   [40,60,10] (5)   10240.5
[80,50]   [40,60,10] (10)   10238.4
[80,50]   [40,60,10] (15)   10389.7
[80,50]   [40,60,10] (20)   10426
[80,50]   [40,60,10] (25)   10462.8
[80,50]   [40,60,10] (30)   10304.9
[80,50]   [40,60,15] (0)   10338.2
[80,50]   [40,60,15] (5)   10285.5
[80,50]   [40,60,15] (10)   10391.9
[80,50]   [40,60,15] (15)   10351.9
[80,50]   [40,60,15] (20)   10220.1
[80,50]   [40,60,15] (25)   10443.9
[80,50]   [40,60,15] (30)   10518.7
[80,50]   [40,60,20] (0)   10420.1
[80,50]   [40,60,20] (5)   10262.8
[80,50]   [40,60,20] (10)   10348.8
[80,50]   [40,60,20] (15)   10447.3
[80,50]   [40,60,20] (20)   10401.7
[80,50]   [40,60,20] (25)   10271.1
[80,50]   [40,60,20] (30)   10475.4
[80,50]   [50,10,5] (0)   26270
[80,50]   [50,10,5] (5)   17650.1
[80,50]   [50,10,5] (10)   3183.72
[80,50]   [50,10,5] (15)   106.114
[80,50]   [50,10,5] (20)   97.2164
[80,50]   [50,10,5] (25)   98.3558
[80,50]   [50,10,5] (30)   102.777
[80,50]   [50,10,10] (0)   26145.6
[80,50]   [50,10,10] (5)   18775.4
[80,50]   [50,10,10] (10)   8390.34
[80,50]   [50,10,10] (15)   1868.91
[80,50]   [50,10,10] (20)   126.857
[80,50]   [50,10,10] (25)   121.143
[80,50]   [50,10,10] (30)   120.694
[80,50]   [50,10,15] (0)   26443.1
[80,50]   [50,10,15] (5)   14886.4
[80,50]   [50,10,15] (10)   6230.68
[80,50]   [50,10,15] (15)   212.826
[80,50]   [50,10,15] (20)   131.977
[80,50]   [50,10,15] (25)   129.739
[80,50]   [50,10,15] (30)   130.754
[80,50]   [50,10,20] (0)   26100.1
[80,50]   [50,10,20] (5)   14472.3
[80,50]   [50,10,20] (10)   4127.85
[80,50]   [50,10,20] (15)   2293.32
[80,50]   [50,10,20] (20)   145.727
[80,50]   [50,10,20] (25)   142.392
[80,50]   [50,10,20] (30)   145.742
[80,50]   [50,20,5] (0)   18486.7
[80,50]   [50,20,5] (5)   18563.6
[80,50]   [50,20,5] (10)   15533.5
[80,50]   [50,20,5] (15)   4098.43
[80,50]   [50,20,5] (20)   129.926
[80,50]   [50,20,5] (25)   113.395
[80,50]   [50,20,5] (30)   110.158
[80,50]   [50,20,10] (0)   18469.1
[80,50]   [50,20,10] (5)   18549.7
[80,50]   [50,20,10] (10)   16232.8
[80,50]   [50,20,10] (15)   6889.93
[80,50]   [50,20,10] (20)   685.823
[80,50]   [50,20,10] (25)   140.457
[80,50]   [50,20,10] (30)   133.725
[80,50]   [50,20,15] (0)   18470.3
[80,50]   [50,20,15] (5)   18514.4
[80,50]   [50,20,15] (10)   14655.4
[80,50]   [50,20,15] (15)   3436.49
[80,50]   [50,20,15] (20)   173.521
[80,50]   [50,20,15] (25)   142.55
[80,50]   [50,20,15] (30)   141.272
[80,50]   [50,20,20] (0)   18537.7
[80,50]   [50,20,20] (5)   18644.9
[80,50]   [50,20,20] (10)   14958.7
[80,50]   [50,20,20] (15)   1582.3
[80,50]   [50,20,20] (20)   169.087
[80,50]   [50,20,20] (25)   156.784
[80,50]   [50,20,20] (30)   155.469
[80,50]   [50,30,5] (0)   11760
[80,50]   [50,30,5] (5)   11713.6
[80,50]   [50,30,5] (10)   11759.4
[80,50]   [50,30,5] (15)   10052.9
[80,50]   [50,30,5] (20)   2002.42
[80,50]   [50,30,5] (25)   142.808
[80,50]   [50,30,5] (30)   126.04
[80,50]   [50,30,10] (0)   11706.8
[80,50]   [50,30,10] (5)   11703.5
[80,50]   [50,30,10] (10)   11648.6
[80,50]   [50,30,10] (15)   10617.5
[80,50]   [50,30,10] (20)   3497.68
[80,50]   [50,30,10] (25)   168.525
[80,50]   [50,30,10] (30)   151.791
[80,50]   [50,30,15] (0)   11695.6
[80,50]   [50,30,15] (5)   11673.6
[80,50]   [50,30,15] (10)   11667
[80,50]   [50,30,15] (15)   9491.03
[80,50]   [50,30,15] (20)   625.233
[80,50]   [50,30,15] (25)   164.383
[80,50]   [50,30,15] (30)   156.235
[80,50]   [50,30,20] (0)   11754.3
[80,50]   [50,30,20] (5)   11722.4
[80,50]   [50,30,20] (10)   11684.9
[80,50]   [50,30,20] (15)   9645.99
[80,50]   [50,30,20] (20)   232.115
[80,50]   [50,30,20] (25)   171.704
[80,50]   [50,30,20] (30)   170.866
[80,50]   [50,40,5] (0)   5580.77
[80,50]   [50,40,5] (5)   5576.56
[80,50]   [50,40,5] (10)   5550.95
[80,50]   [50,40,5] (15)   5496.87
[80,50]   [50,40,5] (20)   5158.07
[80,50]   [50,40,5] (25)   940.538
[80,50]   [50,40,5] (30)   162.377
[80,50]   [50,40,10] (0)   5568.83
[80,50]   [50,40,10] (5)   5535.9
[80,50]   [50,40,10] (10)   5562.36
[80,50]   [50,40,10] (15)   5556.99
[80,50]   [50,40,10] (20)   5144.89
[80,50]   [50,40,10] (25)   1344.58
[80,50]   [50,40,10] (30)   179.88
[80,50]   [50,40,15] (0)   5572.83
[80,50]   [50,40,15] (5)   5564.4
[80,50]   [50,40,15] (10)   5611.62
[80,50]   [50,40,15] (15)   5536.12
[80,50]   [50,40,15] (20)   4907.21
[80,50]   [50,40,15] (25)   229.146
[80,50]   [50,40,15] (30)   179.354
[80,50]   [50,40,20] (0)   5527.7
[80,50]   [50,40,20] (5)   5580.76
[80,50]   [50,40,20] (10)   5562.92
[80,50]   [50,40,20] (15)   5521.52
[80,50]   [50,40,20] (20)   4750.28
[80,50]   [50,40,20] (25)   225.248
[80,50]   [50,40,20] (30)   189.447
[80,50]   [50,50,5] (0)   564.831
[80,50]   [50,50,5] (5)   628.468
[80,50]   [50,50,5] (10)   611.63
[80,50]   [50,50,5] (15)   613.102
[80,50]   [50,50,5] (20)   598.053
[80,50]   [50,50,5] (25)   573.077
[80,50]   [50,50,5] (30)   212.853
[80,50]   [50,50,10] (0)   575.411
[80,50]   [50,50,10] (5)   559.522
[80,50]   [50,50,10] (10)   574.046
[80,50]   [50,50,10] (15)   564.514
[80,50]   [50,50,10] (20)   642.036
[80,50]   [50,50,10] (25)   499.91
[80,50]   [50,50,10] (30)   217.651
[80,50]   [50,50,15] (0)   600.01
[80,50]   [50,50,15] (5)   715.621
[80,50]   [50,50,15] (10)   625.907
[80,50]   [50,50,15] (15)   602.899
[80,50]   [50,50,15] (20)   689.559
[80,50]   [50,50,15] (25)   554.839
[80,50]   [50,50,15] (30)   209.951
[80,50]   [50,50,20] (0)   630.429
[80,50]   [50,50,20] (5)   593.588
[80,50]   [50,50,20] (10)   653.847
[80,50]   [50,50,20] (15)   545.772
[80,50]   [50,50,20] (20)   641.53
[80,50]   [50,50,20] (25)   386.862
[80,50]   [50,50,20] (30)   216.042
[80,50]   [50,60,5] (0)   1616.14
[80,50]   [50,60,5] (5)   1531.15
[80,50]   [50,60,5] (10)   1478.1
[80,50]   [50,60,5] (15)   1557.96
[80,50]   [50,60,5] (20)   1621.9
[80,50]   [50,60,5] (25)   1605
[80,50]   [50,60,5] (30)   1583.72
[80,50]   [50,60,10] (0)   1602.16
[80,50]   [50,60,10] (5)   1474.4
[80,50]   [50,60,10] (10)   1399.72
[80,50]   [50,60,10] (15)   1673.85
[80,50]   [50,60,10] (20)   1520.38
[80,50]   [50,60,10] (25)   1670.75
[80,50]   [50,60,10] (30)   1490.92
[80,50]   [50,60,15] (0)   1563.22
[80,50]   [50,60,15] (5)   1468.01
[80,50]   [50,60,15] (10)   1582.36
[80,50]   [50,60,15] (15)   1611.3
[80,50]   [50,60,15] (20)   1528.29
[80,50]   [50,60,15] (25)   1627.99
[80,50]   [50,60,15] (30)   1565.85
[80,50]   [50,60,20] (0)   1524.38
[80,50]   [50,60,20] (5)   1586.69
[80,50]   [50,60,20] (10)   1574.48
[80,50]   [50,60,20] (15)   1625.9
[80,50]   [50,60,20] (20)   1728.13
[80,50]   [50,60,20] (25)   1603.92
[80,50]   [50,60,20] (30)   1442.15
[80,50]   [60,10,5] (0)   31223.2
[80,50]   [60,10,5] (5)   21389.5
[80,50]   [60,10,5] (10)   6094.75
[80,50]   [60,10,5] (15)   132.599
[80,50]   [60,10,5] (20)   105.007
[80,50]   [60,10,5] (25)   103.254
[80,50]   [60,10,5] (30)   107.429
[80,50]   [60,10,10] (0)   31600
[80,50]   [60,10,10] (5)   22693.8
[80,50]   [60,10,10] (10)   12251
[80,50]   [60,10,10] (15)   5273.52
[80,50]   [60,10,10] (20)   566.249
[80,50]   [60,10,10] (25)   132.374
[80,50]   [60,10,10] (30)   127.928
[80,50]   [60,10,15] (0)   30875.5
[80,50]   [60,10,15] (5)   19632
[80,50]   [60,10,15] (10)   10315.6
[80,50]   [60,10,15] (15)   3713.85
[80,50]   [60,10,15] (20)   160.568
[80,50]   [60,10,15] (25)   138.879
[80,50]   [60,10,15] (30)   137.076
[80,50]   [60,10,20] (0)   31016.8
[80,50]   [60,10,20] (5)   18825.9
[80,50]   [60,10,20] (10)   8446.11
[80,50]   [60,10,20] (15)   6696.19
[80,50]   [60,10,20] (20)   177.8
[80,50]   [60,10,20] (25)   152.354
[80,50]   [60,10,20] (30)   152.693
[80,50]   [60,20,5] (0)   23447.1
[80,50]   [60,20,5] (5)   23479
[80,50]   [60,20,5] (10)   20052.2
[80,50]   [60,20,5] (15)   7767.67
[80,50]   [60,20,5] (20)   172.625
[80,50]   [60,20,5] (25)   121.514
[80,50]   [60,20,5] (30)   114.853
[80,50]   [60,20,10] (0)   23459.4
[80,50]   [60,20,10] (5)   23504.8
[80,50]   [60,20,10] (10)   21266.7
[80,50]   [60,20,10] (15)   10997.8
[80,50]   [60,20,10] (20)   4258.82
[80,50]   [60,20,10] (25)   177.841
[80,50]   [60,20,10] (30)   143.648
[80,50]   [60,20,15] (0)   23584.8
[80,50]   [60,20,15] (5)   23480.6
[80,50]   [60,20,15] (10)   19246.1
[80,50]   [60,20,15] (15)   7775.85
[80,50]   [60,20,15] (20)   2881.69
[80,50]   [60,20,15] (25)   158.163
[80,50]   [60,20,15] (30)   149.58
[80,50]   [60,20,20] (0)   23423.2
[80,50]   [60,20,20] (5)   23472.8
[80,50]   [60,20,20] (10)   19535.1
[80,50]   [60,20,20] (15)   6043.59
[80,50]   [60,20,20] (20)   3431.39
[80,50]   [60,20,20] (25)   185.255
[80,50]   [60,20,20] (30)   161.506
[80,50]   [60,30,5] (0)   16700.2
[80,50]   [60,30,5] (5)   16883.5
[80,50]   [60,30,5] (10)   16696.8
[80,50]   [60,30,5] (15)   14789.3
[80,50]   [60,30,5] (20)   5587.88
[80,50]   [60,30,5] (25)   161.333
[80,50]   [60,30,5] (30)   134.282
[80,50]   [60,30,10] (0)   16799.9
[80,50]   [60,30,10] (5)   16768.8
[80,50]   [60,30,10] (10)   16720.2
[80,50]   [60,30,10] (15)   15585.5
[80,50]   [60,30,10] (20)   7915.67
[80,50]   [60,30,10] (25)   1579.45
[80,50]   [60,30,10] (30)   164.72
[80,50]   [60,30,15] (0)   16806.6
[80,50]   [60,30,15] (5)   16778.7
[80,50]   [60,30,15] (10)   16673.1
[80,50]   [60,30,15] (15)   14224.5
[80,50]   [60,30,15] (20)   5031.1
[80,50]   [60,30,15] (25)   254.526
[80,50]   [60,30,15] (30)   165.691
[80,50]   [60,30,20] (0)   16760.9
[80,50]   [60,30,20] (5)   16807.5
[80,50]   [60,30,20] (10)   16765.6
[80,50]   [60,30,20] (15)   14763
[80,50]   [60,30,20] (20)   3601.47
[80,50]   [60,30,20] (25)   203.808
[80,50]   [60,30,20] (30)   179.491
[80,50]   [60,40,5] (0)   10735.9
[80,50]   [60,40,5] (5)   10626.8
[80,50]   [60,40,5] (10)   10669.2
[80,50]   [60,40,5] (15)   10660.2
[80,50]   [60,40,5] (20)   10056.5
[80,50]   [60,40,5] (25)   4821.1
[80,50]   [60,40,5] (30)   180.661
[80,50]   [60,40,10] (0)   10660.5
[80,50]   [60,40,10] (5)   10652.5
[80,50]   [60,40,10] (10)   10598.8
[80,50]   [60,40,10] (15)   10710.4
[80,50]   [60,40,10] (20)   10165.5
[80,50]   [60,40,10] (25)   5836.4
[80,50]   [60,40,10] (30)   289.111
[80,50]   [60,40,15] (0)   10716.9
[80,50]   [60,40,15] (5)   10671
[80,50]   [60,40,15] (10)   10715.4
[80,50]   [60,40,15] (15)   10719.1
[80,50]   [60,40,15] (20)   9750.8
[80,50]   [60,40,15] (25)   3993.24
[80,50]   [60,40,15] (30)   196.912
[80,50]   [60,40,20] (0)   10658.4
[80,50]   [60,40,20] (5)   10698.1
[80,50]   [60,40,20] (10)   10696.7
[80,50]   [60,40,20] (15)   10668.8
[80,50]   [60,40,20] (20)   9937.46
[80,50]   [60,40,20] (25)   3064.3
[80,50]   [60,40,20] (30)   198.849
[80,50]   [60,50,5] (0)   5692.14
[80,50]   [60,50,5] (5)   5619.68
[80,50]   [60,50,5] (10)   5736
[80,50]   [60,50,5] (15)   5630.33
[80,50]   [60,50,5] (20)   5633.94
[80,50]   [60,50,5] (25)   5543.32
[80,50]   [60,50,5] (30)   2320.07
[80,50]   [60,50,10] (0)   5642.89
[80,50]   [60,50,10] (5)   5713.81
[80,50]   [60,50,10] (10)   5692.71
[80,50]   [60,50,10] (15)   5679.88
[80,50]   [60,50,10] (20)   5712.64
[80,50]   [60,50,10] (25)   5459.15
[80,50]   [60,50,10] (30)   2886.33
[80,50]   [60,50,15] (0)   5686.45
[80,50]   [60,50,15] (5)   5664.06
[80,50]   [60,50,15] (10)   5605.74
[80,50]   [60,50,15] (15)   5710.01
[80,50]   [60,50,15] (20)   5660.73
[80,50]   [60,50,15] (25)   5308.98
[80,50]   [60,50,15] (30)   1339.74
[80,50]   [60,50,20] (0)   5680.42
[80,50]   [60,50,20] (5)   5760.7
[80,50]   [60,50,20] (10)   5693.44
[80,50]   [60,50,20] (15)   5687.31
[80,50]   [60,50,20] (20)   5651.16
[80,50]   [60,50,20] (25)   5383.76
[80,50]   [60,50,20] (30)   1136.29
[80,50]   [60,60,5] (0)   810.83
[80,50]   [60,60,5] (5)   892.495
[80,50]   [60,60,5] (10)   948.453
[80,50]   [60,60,5] (15)   885.61
[80,50]   [60,60,5] (20)   929.125
[80,50]   [60,60,5] (25)   984.453
[80,50]   [60,60,5] (30)   974.544
[80,50]   [60,60,10] (0)   925.372
[80,50]   [60,60,10] (5)   840.232
[80,50]   [60,60,10] (10)   864.734
[80,50]   [60,60,10] (15)   783.09
[80,50]   [60,60,10] (20)   978.692
[80,50]   [60,60,10] (25)   827.344
[80,50]   [60,60,10] (30)   930.626
[80,50]   [60,60,15] (0)   877.191
[80,50]   [60,60,15] (5)   938.197
[80,50]   [60,60,15] (10)   839.029
[80,50]   [60,60,15] (15)   897.842
[80,50]   [60,60,15] (20)   872.025
[80,50]   [60,60,15] (25)   881.057
[80,50]   [60,60,15] (30)   873.302
[80,50]   [60,60,20] (0)   858.118
[80,50]   [60,60,20] (5)   888.298
[80,50]   [60,60,20] (10)   890.039
[80,50]   [60,60,20] (15)   875.027
[80,50]   [60,60,20] (20)   835.764
[80,50]   [60,60,20] (25)   946.55
[80,50]   [60,60,20] (30)   753.968
