[10,50]   [10,10,5] (0)   15151.9
[10,50]   [10,10,5] (5)   11104.2
[10,50]   [10,10,5] (10)   9675.8
[10,50]   [10,10,5] (15)   9640.01
[10,50]   [10,10,5] (20)   9664.07
[10,50]   [10,10,5] (25)   9653.39
[10,50]   [10,10,5] (30)   9714.27
[10,50]   [10,10,10] (0)   15125.6
[10,50]   [10,10,10] (5)   15166
[10,50]   [10,10,10] (10)   15168.7
[10,50]   [10,10,10] (15)   15182.6
[10,50]   [10,10,10] (20)   15135.8
[10,50]   [10,10,10] (25)   15176.3
[10,50]   [10,10,10] (30)   15220.1
[10,50]   [10,10,15] (0)   15180.4
[10,50]   [10,10,15] (5)   13227.1
[10,50]   [10,10,15] (10)   13341.6
[10,50]   [10,10,15] (15)   13271.9
[10,50]   [10,10,15] (20)   13270.1
[10,50]   [10,10,15] (25)   13171.6
[10,50]   [10,10,15] (30)   13327.1
[10,50]   [10,10,20] (0)   15131.7
[10,50]   [10,10,20] (5)   15873.6
[10,50]   [10,10,20] (10)   15927.1
[10,50]   [10,10,20] (15)   16138.3
[10,50]   [10,10,20] (20)   16112.6
[10,50]   [10,10,20] (25)   16096.1
[10,50]   [10,10,20] (30)   16100.5
[10,50]   [10,20,5] (0)   32240
[10,50]   [10,20,5] (5)   32279
[10,50]   [10,20,5] (10)   32053.4
[10,50]   [10,20,5] (15)   32266.2
[10,50]   [10,20,5] (20)   32333.8
[10,50]   [10,20,5] (25)   24624.2
[10,50]   [10,20,5] (30)   22872.4
[10,50]   [10,20,10] (0)   32255.4
[10,50]   [10,20,10] (5)   32213.3
[10,50]   [10,20,10] (10)   32176.8
[10,50]   [10,20,10] (15)   32189.6
[10,50]   [10,20,10] (20)   32167.5
[10,50]   [10,20,10] (25)   28325.5
[10,50]   [10,20,10] (30)   24615.2
[10,50]   [10,20,15] (0)   32176.3
[10,50]   [10,20,15] (5)   32216.7
[10,50]   [10,20,15] (10)   32201
[10,50]   [10,20,15] (15)   32210.6
[10,50]   [10,20,15] (20)   32180.4
[10,50]   [10,20,15] (25)   24319.3
[10,50]   [10,20,15] (30)   20386.3
[10,50]   [10,20,20] (0)   32186
[10,50]   [10,20,20] (5)   32264.7
[10,50]   [10,20,20] (10)   32293.6
[10,50]   [10,20,20] (15)   32249.5
[10,50]   [10,20,20] (20)   32189.6
[10,50]   [10,20,20] (25)   30016.9
[10,50]   [10,20,20] (30)   25369.2
[10,50]   [10,30,5] (0)   37849.2
[10,50]   [10,30,5] (5)   37845.2
[10,50]   [10,30,5] (10)   37770.5
[10,50]   [10,30,5] (15)   37726.1
[10,50]   [10,30,5] (20)   37904.2
[10,50]   [10,30,5] (25)   37826.9
[10,50]   [10,30,5] (30)   35127.1
[10,50]   [10,30,10] (0)   37808.4
[10,50]   [10,30,10] (5)   37784.6
[10,50]   [10,30,10] (10)   37839.2
[10,50]   [10,30,10] (15)   37852.7
[10,50]   [10,30,10] (20)   37865.9
[10,50]   [10,30,10] (25)   37824.1
[10,50]   [10,30,10] (30)   38088.5
[10,50]   [10,30,15] (0)   37787.1
[10,50]   [10,30,15] (5)   37816
[10,50]   [10,30,15] (10)   37788.2
[10,50]   [10,30,15] (15)   37836.2
[10,50]   [10,30,15] (20)   37812.4
[10,50]   [10,30,15] (25)   37835.9
[10,50]   [10,30,15] (30)   34201.3
[10,50]   [10,30,20] (0)   37898
[10,50]   [10,30,20] (5)   37851.4
[10,50]   [10,30,20] (10)   37919.5
[10,50]   [10,30,20] (15)   37817.3
[10,50]   [10,30,20] (20)   37834.4
[10,50]   [10,30,20] (25)   37846.4
[10,50]   [10,30,20] (30)   37851.7
[10,50]   [10,40,5] (0)   47270.5
[10,50]   [10,40,5] (5)   47207.6
[10,50]   [10,40,5] (10)   47206.2
[10,50]   [10,40,5] (15)   47183.2
[10,50]   [10,40,5] (20)   47218.2
[10,50]   [10,40,5] (25)   47259.1
[10,50]   [10,40,5] (30)   47272.9
[10,50]   [10,40,10] (0)   47308.2
[10,50]   [10,40,10] (5)   47282.4
[10,50]   [10,40,10] (10)   47086.8
[10,50]   [10,40,10] (15)   47155.7
[10,50]   [10,40,10] (20)   47269.7
[10,50]   [10,40,10] (25)   47188.2
[10,50]   [10,40,10] (30)   47223.9
[10,50]   [10,40,15] (0)   47254.7
[10,50]   [10,40,15] (5)   47263.8
[10,50]   [10,40,15] (10)   47238.1
[10,50]   [10,40,15] (15)   47224.5
[10,50]   [10,40,15] (20)   47257.1
[10,50]   [10,40,15] (25)   47213
[10,50]   [10,40,15] (30)   47249.1
[10,50]   [10,40,20] (0)   47235.7
[10,50]   [10,40,20] (5)   47152.8
[10,50]   [10,40,20] (10)   47298.7
[10,50]   [10,40,20] (15)   47216
[10,50]   [10,40,20] (20)   47215
[10,50]   [10,40,20] (25)   47226.2
[10,50]   [10,40,20] (30)   47181.3
[10,50]   [10,50,5] (0)   92320.6
[10,50]   [10,50,5] (5)   92303.9
[10,50]   [10,50,5] (10)   92354.6
[10,50]   [10,50,5] (15)   92296.6
[10,50]   [10,50,5] (20)   92296.7
[10,50]   [10,50,5] (25)   92359.2
[10,50]   [10,50,5] (30)   92347.8
[10,50]   [10,50,10] (0)   92371.7
[10,50]   [10,50,10] (5)   92341.2
[10,50]   [10,50,10] (10)   92338.5
[10,50]   [10,50,10] (15)   92363.3
[10,50]   [10,50,10] (20)   92343.6
[10,50]   [10,50,10] (25)   92364.2
[10,50]   [10,50,10] (30)   92307.3
[10,50]   [10,50,15] (0)   92370.3
[10,50]   [10,50,15] (5)   92285.8
[10,50]   [10,50,15] (10)   92295.1
[10,50]   [10,50,15] (15)   92319.7
[10,50]   [10,50,15] (20)   92324
[10,50]   [10,50,15] (25)   92338
[10,50]   [10,50,15] (30)   92318.3
[10,50]   [10,50,20] (0)   92340.2
[10,50]   [10,50,20] (5)   92335.3
[10,50]   [10,50,20] (10)   92396.4
[10,50]   [10,50,20] (15)   92315
[10,50]   [10,50,20] (20)   92298.9
[10,50]   [10,50,20] (25)   92334.2
[10,50]   [10,50,20] (30)   92341.7
[10,50]   [10,60,5] (0)   60340.3
[10,50]   [10,60,5] (5)   60385.5
[10,50]   [10,60,5] (10)   60352
[10,50]   [10,60,5] (15)   60366.3
[10,50]   [10,60,5] (20)   60404.3
[10,50]   [10,60,5] (25)   60378.1
[10,50]   [10,60,5] (30)   60370.6
[10,50]   [10,60,10] (0)   60287.9
[10,50]   [10,60,10] (5)   60322.3
[10,50]   [10,60,10] (10)   60397.9
[10,50]   [10,60,10] (15)   60399
[10,50]   [10,60,10] (20)   60377.2
[10,50]   [10,60,10] (25)   60348.9
[10,50]   [10,60,10] (30)   60303.7
[10,50]   [10,60,15] (0)   60404.7
[10,50]   [10,60,15] (5)   60407
[10,50]   [10,60,15] (10)   60371.4
[10,50]   [10,60,15] (15)   60419.7
[10,50]   [10,60,15] (20)   60375.3
[10,50]   [10,60,15] (25)   60306.1
[10,50]   [10,60,15] (30)   60268.4
[10,50]   [10,60,20] (0)   60386.9
[10,50]   [10,60,20] (5)   60379.2
[10,50]   [10,60,20] (10)   60385.8
[10,50]   [10,60,20] (15)   60338.2
[10,50]   [10,60,20] (20)   60401.9
[10,50]   [10,60,20] (25)   60372.3
[10,50]   [10,60,20] (30)   60359.3
[10,50]   [20,10,5] (0)   18110.9
[10,50]   [20,10,5] (5)   14351
[10,50]   [20,10,5] (10)   10589
[10,50]   [20,10,5] (15)   9050.77
[10,50]   [20,10,5] (20)   8800.04
[10,50]   [20,10,5] (25)   8901.39
[10,50]   [20,10,5] (30)   8909.22
[10,50]   [20,10,10] (0)   18244.6
[10,50]   [20,10,10] (5)   18665.4
[10,50]   [20,10,10] (10)   17902.2
[10,50]   [20,10,10] (15)   17558.2
[10,50]   [20,10,10] (20)   17540.1
[10,50]   [20,10,10] (25)   17535.8
[10,50]   [20,10,10] (30)   17460
[10,50]   [20,10,15] (0)   18228
[10,50]   [20,10,15] (5)   15730.3
[10,50]   [20,10,15] (10)   15197.3
[10,50]   [20,10,15] (15)   15087.3
[10,50]   [20,10,15] (20)   15221.7
[10,50]   [20,10,15] (25)   15217
[10,50]   [20,10,15] (30)   15169.9
[10,50]   [20,10,20] (0)   18160.5
[10,50]   [20,10,20] (5)   20473.7
[10,50]   [20,10,20] (10)   20281.9
[10,50]   [20,10,20] (15)   20552.6
[10,50]   [20,10,20] (20)   20560.4
[10,50]   [20,10,20] (25)   20489.1
[10,50]   [20,10,20] (30)   20475.1
[10,50]   [20,20,5] (0)   22810.3
[10,50]   [20,20,5] (5)   22735.4
[10,50]   [20,20,5] (10)   19061.3
[10,50]   [20,20,5] (15)   14873.3
[10,50]   [20,20,5] (20)   14332.1
[10,50]   [20,20,5] (25)   14168.5
[10,50]   [20,20,5] (30)   14232.1
[10,50]   [20,20,10] (0)   22836.6
[10,50]   [20,20,10] (5)   22889.4
[10,50]   [20,20,10] (10)   22255
[10,50]   [20,20,10] (15)   21522.3
[10,50]   [20,20,10] (20)   21465.4
[10,50]   [20,20,10] (25)   21393.3
[10,50]   [20,20,10] (30)   21439.6
[10,50]   [20,20,15] (0)   22866.6
[10,50]   [20,20,15] (5)   22648.7
[10,50]   [20,20,15] (10)   19931.1
[10,50]   [20,20,15] (15)   19394
[10,50]   [20,20,15] (20)   19412.3
[10,50]   [20,20,15] (25)   19408.8
[10,50]   [20,20,15] (30)   19329.9
[10,50]   [20,20,20] (0)   23051.4
[10,50]   [20,20,20] (5)   22738.8
[10,50]   [20,20,20] (10)   23343.8
[10,50]   [20,20,20] (15)   22708.4
[10,50]   [20,20,20] (20)   22668.7
[10,50]   [20,20,20] (25)   22774.5
[10,50]   [20,20,20] (30)   22763.6
[10,50]   [20,30,5] (0)   29570.6
[10,50]   [20,30,5] (5)   29923.1
[10,50]   [20,30,5] (10)   29617.8
[10,50]   [20,30,5] (15)   29691.6
[10,50]   [20,30,5] (20)   29538.7
[10,50]   [20,30,5] (25)   29786.9
[10,50]   [20,30,5] (30)   28899.9
[10,50]   [20,30,10] (0)   29822.4
[10,50]   [20,30,10] (5)   29658.2
[10,50]   [20,30,10] (10)   29590.8
[10,50]   [20,30,10] (15)   29675.8
[10,50]   [20,30,10] (20)   29679.2
[10,50]   [20,30,10] (25)   29919.6
[10,50]   [20,30,10] (30)   29590.7
[10,50]   [20,30,15] (0)   29606.1
[10,50]   [20,30,15] (5)   29559.5
[10,50]   [20,30,15] (10)   29569.5
[10,50]   [20,30,15] (15)   29708.5
[10,50]   [20,30,15] (20)   29713
[10,50]   [20,30,15] (25)   28820.9
[10,50]   [20,30,15] (30)   25981.4
[10,50]   [20,30,20] (0)   29640.9
[10,50]   [20,30,20] (5)   29605
[10,50]   [20,30,20] (10)   29630.7
[10,50]   [20,30,20] (15)   29637.4
[10,50]   [20,30,20] (20)   29703.4
[10,50]   [20,30,20] (25)   29658.8
[10,50]   [20,30,20] (30)   29895.8
[10,50]   [20,40,5] (0)   42879.5
[10,50]   [20,40,5] (5)   43057.3
[10,50]   [20,40,5] (10)   43010.2
[10,50]   [20,40,5] (15)   42983.7
[10,50]   [20,40,5] (20)   43017.5
[10,50]   [20,40,5] (25)   42981.1
[10,50]   [20,40,5] (30)   43016.1
[10,50]   [20,40,10] (0)   42976
[10,50]   [20,40,10] (5)   42931.5
[10,50]   [20,40,10] (10)   42918.5
[10,50]   [20,40,10] (15)   42947.9
[10,50]   [20,40,10] (20)   42928.8
[10,50]   [20,40,10] (25)   42942.2
[10,50]   [20,40,10] (30)   42939.5
[10,50]   [20,40,15] (0)   43038.6
[10,50]   [20,40,15] (5)   42974.8
[10,50]   [20,40,15] (10)   42979.9
[10,50]   [20,40,15] (15)   42973.8
[10,50]   [20,40,15] (20)   42938
[10,50]   [20,40,15] (25)   42999.8
[10,50]   [20,40,15] (30)   42957
[10,50]   [20,40,20] (0)   42926.5
[10,50]   [20,40,20] (5)   43059.9
[10,50]   [20,40,20] (10)   42953.9
[10,50]   [20,40,20] (15)   43049.4
[10,50]   [20,40,20] (20)   42975.3
[10,50]   [20,40,20] (25)   42973.7
[10,50]   [20,40,20] (30)   42975.2
[10,50]   [20,50,5] (0)   46010.5
[10,50]   [20,50,5] (5)   46003
[10,50]   [20,50,5] (10)   45954.9
[10,50]   [20,50,5] (15)   45948.8
[10,50]   [20,50,5] (20)   46004.1
[10,50]   [20,50,5] (25)   46047.9
[10,50]   [20,50,5] (30)   46035
[10,50]   [20,50,10] (0)   46030.7
[10,50]   [20,50,10] (5)   45971.2
[10,50]   [20,50,10] (10)   45928.1
[10,50]   [20,50,10] (15)   45905.3
[10,50]   [20,50,10] (20)   46033.8
[10,50]   [20,50,10] (25)   45939.9
[10,50]   [20,50,10] (30)   46009.3
[10,50]   [20,50,15] (0)   45925.8
[10,50]   [20,50,15] (5)   46086.5
[10,50]   [20,50,15] (10)   45943.3
[10,50]   [20,50,15] (15)   45965
[10,50]   [20,50,15] (20)   45985.9
[10,50]   [20,50,15] (25)   46014.6
[10,50]   [20,50,15] (30)   46074.7
[10,50]   [20,50,20] (0)   45954.1
[10,50]   [20,50,20] (5)   46011.1
[10,50]   [20,50,20] (10)   45981.5
[10,50]   [20,50,20] (15)   45996
[10,50]   [20,50,20] (20)   46055.4
[10,50]   [20,50,20] (25)   46021.5
[10,50]   [20,50,20] (30)   46013.9
[10,50]   [20,60,5] (0)   52081.8
[10,50]   [20,60,5] (5)   52093.9
[10,50]   [20,60,5] (10)   52025.3
[10,50]   [20,60,5] (15)   51999.3
[10,50]   [20,60,5] (20)   52132.2
[10,50]   [20,60,5] (25)   52043.2
[10,50]   [20,60,5] (30)   52056.2
[10,50]   [20,60,10] (0)   52056.3
[10,50]   [20,60,10] (5)   52036.3
[10,50]   [20,60,10] (10)   52157.6
[10,50]   [20,60,10] (15)   52041.9
[10,50]   [20,60,10] (20)   52004.2
[10,50]   [20,60,10] (25)   52049
[10,50]   [20,60,10] (30)   52076.2
[10,50]   [20,60,15] (0)   52016.3
[10,50]   [20,60,15] (5)   52075.7
[10,50]   [20,60,15] (10)   52078.8
[10,50]   [20,60,15] (15)   51873.4
[10,50]   [20,60,15] (20)   52009.3
[10,50]   [20,60,15] (25)   52017.3
[10,50]   [20,60,15] (30)   52106.4
[10,50]   [20,60,20] (0)   51996.5
[10,50]   [20,60,20] (5)   52051.4
[10,50]   [20,60,20] (10)   52024.8
[10,50]   [20,60,20] (15)   51979.5
[10,50]   [20,60,20] (20)   52056.3
[10,50]   [20,60,20] (25)   52072.9
[10,50]   [20,60,20] (30)   51980.2
[10,50]   [30,10,5] (0)   22719.7
[10,50]   [30,10,5] (5)   17276.3
[10,50]   [30,10,5] (10)   12404.6
[10,50]   [30,10,5] (15)   10469.7
[10,50]   [30,10,5] (20)   9538.16
[10,50]   [30,10,5] (25)   9071.29
[10,50]   [30,10,5] (30)   9033.9
[10,50]   [30,10,10] (0)   22719.5
[10,50]   [30,10,10] (5)   21466.9
[10,50]   [30,10,10] (10)   19972.2
[10,50]   [30,10,10] (15)   19082.2
[10,50]   [30,10,10] (20)   18897.9
[10,50]   [30,10,10] (25)   18702.5
[10,50]   [30,10,10] (30)   18852.4
[10,50]   [30,10,15] (0)   22817.5
[10,50]   [30,10,15] (5)   19335
[10,50]   [30,10,15] (10)   18590.1
[10,50]   [30,10,15] (15)   17459.8
[10,50]   [30,10,15] (20)   17745.8
[10,50]   [30,10,15] (25)   17827.7
[10,50]   [30,10,15] (30)   17868.6
[10,50]   [30,10,20] (0)   22897.6
[10,50]   [30,10,20] (5)   23036.1
[10,50]   [30,10,20] (10)   22923.9
[10,50]   [30,10,20] (15)   22728.9
[10,50]   [30,10,20] (20)   22661.4
[10,50]   [30,10,20] (25)   22734.3
[10,50]   [30,10,20] (30)   22680.8
[10,50]   [30,20,5] (0)   25233.2
[10,50]   [30,20,5] (5)   25332.3
[10,50]   [30,20,5] (10)   21039.6
[10,50]   [30,20,5] (15)   15338.1
[10,50]   [30,20,5] (20)   12794.6
[10,50]   [30,20,5] (25)   11768.6
[10,50]   [30,20,5] (30)   11679.8
[10,50]   [30,20,10] (0)   25191
[10,50]   [30,20,10] (5)   25264.8
[10,50]   [30,20,10] (10)   24668.8
[10,50]   [30,20,10] (15)   21674.9
[10,50]   [30,20,10] (20)   21823.8
[10,50]   [30,20,10] (25)   21350.8
[10,50]   [30,20,10] (30)   21609
[10,50]   [30,20,15] (0)   25227.3
[10,50]   [30,20,15] (5)   25274.4
[10,50]   [30,20,15] (10)   22500.7
[10,50]   [30,20,15] (15)   20615.4
[10,50]   [30,20,15] (20)   20116.6
[10,50]   [30,20,15] (25)   19870.7
[10,50]   [30,20,15] (30)   19876.7
[10,50]   [30,20,20] (0)   25304.2
[10,50]   [30,20,20] (5)   25254.5
[10,50]   [30,20,20] (10)   25515.6
[10,50]   [30,20,20] (15)   24229.3
[10,50]   [30,20,20] (20)   24519
[10,50]   [30,20,20] (25)   24467.2
[10,50]   [30,20,20] (30)   24422
[10,50]   [30,30,5] (0)   30369.8
[10,50]   [30,30,5] (5)   30323.4
[10,50]   [30,30,5] (10)   29194.3
[10,50]   [30,30,5] (15)   24926.4
[10,50]   [30,30,5] (20)   18982.7
[10,50]   [30,30,5] (25)   16525.4
[10,50]   [30,30,5] (30)   16348.1
[10,50]   [30,30,10] (0)   30329.2
[10,50]   [30,30,10] (5)   30366.6
[10,50]   [30,30,10] (10)   30144.8
[10,50]   [30,30,10] (15)   27836.5
[10,50]   [30,30,10] (20)   25553.3
[10,50]   [30,30,10] (25)   25224.1
[10,50]   [30,30,10] (30)   25210.6
[10,50]   [30,30,15] (0)   30289.4
[10,50]   [30,30,15] (5)   30319.2
[10,50]   [30,30,15] (10)   30244.8
[10,50]   [30,30,15] (15)   26102.2
[10,50]   [30,30,15] (20)   24853.3
[10,50]   [30,30,15] (25)   24356.6
[10,50]   [30,30,15] (30)   24278
[10,50]   [30,30,20] (0)   30251.8
[10,50]   [30,30,20] (5)   30338.3
[10,50]   [30,30,20] (10)   30311.6
[10,50]   [30,30,20] (15)   28534.3
[10,50]   [30,30,20] (20)   27439.8
[10,50]   [30,30,20] (25)   27487
[10,50]   [30,30,20] (30)   27402
[10,50]   [30,40,5] (0)   31406.1
[10,50]   [30,40,5] (5)   31771.8
[10,50]   [30,40,5] (10)   31473.1
[10,50]   [30,40,5] (15)   31631.2
[10,50]   [30,40,5] (20)   31736
[10,50]   [30,40,5] (25)   31242.6
[10,50]   [30,40,5] (30)   31070
[10,50]   [30,40,10] (0)   31133.8
[10,50]   [30,40,10] (5)   31190.1
[10,50]   [30,40,10] (10)   31323.6
[10,50]   [30,40,10] (15)   31622.4
[10,50]   [30,40,10] (20)   31432.5
[10,50]   [30,40,10] (25)   31350
[10,50]   [30,40,10] (30)   31400.5
[10,50]   [30,40,15] (0)   31270.6
[10,50]   [30,40,15] (5)   31320.8
[10,50]   [30,40,15] (10)   31921.8
[10,50]   [30,40,15] (15)   31670.3
[10,50]   [30,40,15] (20)   32186.2
[10,50]   [30,40,15] (25)   31262.5
[10,50]   [30,40,15] (30)   31451.9
[10,50]   [30,40,20] (0)   31659.2
[10,50]   [30,40,20] (5)   31588.4
[10,50]   [30,40,20] (10)   32063.7
[10,50]   [30,40,20] (15)   31478.1
[10,50]   [30,40,20] (20)   31267.1
[10,50]   [30,40,20] (25)   31525.9
[10,50]   [30,40,20] (30)   31675.3
[10,50]   [30,50,5] (0)   38264.4
[10,50]   [30,50,5] (5)   38236.1
[10,50]   [30,50,5] (10)   38296.3
[10,50]   [30,50,5] (15)   38379.3
[10,50]   [30,50,5] (20)   38232.8
[10,50]   [30,50,5] (25)   38311.7
[10,50]   [30,50,5] (30)   38157.7
[10,50]   [30,50,10] (0)   38306.2
[10,50]   [30,50,10] (5)   38396.3
[10,50]   [30,50,10] (10)   38163.4
[10,50]   [30,50,10] (15)   38468.1
[10,50]   [30,50,10] (20)   38297.9
[10,50]   [30,50,10] (25)   38330.5
[10,50]   [30,50,10] (30)   38272
[10,50]   [30,50,15] (0)   38242.6
[10,50]   [30,50,15] (5)   38213.6
[10,50]   [30,50,15] (10)   38355
[10,50]   [30,50,15] (15)   38188
[10,50]   [30,50,15] (20)   38571.1
[10,50]   [30,50,15] (25)   38331
[10,50]   [30,50,15] (30)   38269.8
[10,50]   [30,50,20] (0)   38336.3
[10,50]   [30,50,20] (5)   38287.7
[10,50]   [30,50,20] (10)   38259.1
[10,50]   [30,50,20] (15)   38483.6
[10,50]   [30,50,20] (20)   38315.7
[10,50]   [30,50,20] (25)   38326.9
[10,50]   [30,50,20] (30)   38257.5
[10,50]   [30,60,5] (0)   48667.3
[10,50]   [30,60,5] (5)   48667.3
[10,50]   [30,60,5] (10)   48694.7
[10,50]   [30,60,5] (15)   48654.3
[10,50]   [30,60,5] (20)   48720.3
[10,50]   [30,60,5] (25)   48699.4
[10,50]   [30,60,5] (30)   48609.8
[10,50]   [30,60,10] (0)   48644.1
[10,50]   [30,60,10] (5)   48791.7
[10,50]   [30,60,10] (10)   48760.5
[10,50]   [30,60,10] (15)   48644.5
[10,50]   [30,60,10] (20)   48730
[10,50]   [30,60,10] (25)   48713.3
[10,50]   [30,60,10] (30)   48635.7
[10,50]   [30,60,15] (0)   48722.9
[10,50]   [30,60,15] (5)   48703.9
[10,50]   [30,60,15] (10)   48759.2
[10,50]   [30,60,15] (15)   48682.6
[10,50]   [30,60,15] (20)   48749.7
[10,50]   [30,60,15] (25)   48754.7
[10,50]   [30,60,15] (30)   48750.6
[10,50]   [30,60,20] (0)   48732
[10,50]   [30,60,20] (5)   48802.4
[10,50]   [30,60,20] (10)   48641.6
[10,50]   [30,60,20] (15)   48698.8
[10,50]   [30,60,20] (20)   48629.2
[10,50]   [30,60,20] (25)   48661.5
[10,50]   [30,60,20] (30)   48721.9
[10,50]   [40,10,5] (0)   25527.7
[10,50]   [40,10,5] (5)   19766.9
[10,50]   [40,10,5] (10)   14313.6
[10,50]   [40,10,5] (15)   11760.4
[10,50]   [40,10,5] (20)   10429.7
[10,50]   [40,10,5] (25)   9607.99
[10,50]   [40,10,5] (30)   8950.41
[10,50]   [40,10,10] (0)   25241.8
[10,50]   [40,10,10] (5)   24235.3
[10,50]   [40,10,10] (10)   22255.4
[10,50]   [40,10,10] (15)   20945.2
[10,50]   [40,10,10] (20)   20112.2
[10,50]   [40,10,10] (25)   19614.3
[10,50]   [40,10,10] (30)   19302.5
[10,50]   [40,10,15] (0)   25392.2
[10,50]   [40,10,15] (5)   21812.4
[10,50]   [40,10,15] (10)   20129.4
[10,50]   [40,10,15] (15)   19478.2
[10,50]   [40,10,15] (20)   19321.2
[10,50]   [40,10,15] (25)   19033.7
[10,50]   [40,10,15] (30)   18928.8
[10,50]   [40,10,20] (0)   25307.3
[10,50]   [40,10,20] (5)   25397
[10,50]   [40,10,20] (10)   24482.7
[10,50]   [40,10,20] (15)   23981.1
[10,50]   [40,10,20] (20)   24004.7
[10,50]   [40,10,20] (25)   23991.5
[10,50]   [40,10,20] (30)   23988.7
[10,50]   [40,20,5] (0)   30233.3
[10,50]   [40,20,5] (5)   30319.5
[10,50]   [40,20,5] (10)   23077.8
[10,50]   [40,20,5] (15)   17509.5
[10,50]   [40,20,5] (20)   13878.5
[10,50]   [40,20,5] (25)   12013.8
[10,50]   [40,20,5] (30)   10993
[10,50]   [40,20,10] (0)   30299.2
[10,50]   [40,20,10] (5)   30311
[10,50]   [40,20,10] (10)   25925.2
[10,50]   [40,20,10] (15)   24265.3
[10,50]   [40,20,10] (20)   22798.7
[10,50]   [40,20,10] (25)   21755.7
[10,50]   [40,20,10] (30)   21465.2
[10,50]   [40,20,15] (0)   30261.9
[10,50]   [40,20,15] (5)   30298.5
[10,50]   [40,20,15] (10)   25613.2
[10,50]   [40,20,15] (15)   23548.6
[10,50]   [40,20,15] (20)   22575.1
[10,50]   [40,20,15] (25)   21946.2
[10,50]   [40,20,15] (30)   21875.5
[10,50]   [40,20,20] (0)   30314.2
[10,50]   [40,20,20] (5)   30260.9
[10,50]   [40,20,20] (10)   26431.9
[10,50]   [40,20,20] (15)   26035.9
[10,50]   [40,20,20] (20)   25891.7
[10,50]   [40,20,20] (25)   25388.3
[10,50]   [40,20,20] (30)   25597.6
[10,50]   [40,30,5] (0)   28897.4
[10,50]   [40,30,5] (5)   28926.1
[10,50]   [40,30,5] (10)   28859.9
[10,50]   [40,30,5] (15)   25675
[10,50]   [40,30,5] (20)   19691.2
[10,50]   [40,30,5] (25)   15550.3
[10,50]   [40,30,5] (30)   13969.3
[10,50]   [40,30,10] (0)   28921.4
[10,50]   [40,30,10] (5)   28931.6
[10,50]   [40,30,10] (10)   28950.4
[10,50]   [40,30,10] (15)   28215.3
[10,50]   [40,30,10] (20)   26204.1
[10,50]   [40,30,10] (25)   24562
[10,50]   [40,30,10] (30)   23940.9
[10,50]   [40,30,15] (0)   28913.3
[10,50]   [40,30,15] (5)   28961.4
[10,50]   [40,30,15] (10)   28500.2
[10,50]   [40,30,15] (15)   26445.1
[10,50]   [40,30,15] (20)   24236.7
[10,50]   [40,30,15] (25)   23312.7
[10,50]   [40,30,15] (30)   22856.3
[10,50]   [40,30,20] (0)   28922
[10,50]   [40,30,20] (5)   28925.4
[10,50]   [40,30,20] (10)   28904.7
[10,50]   [40,30,20] (15)   28467.7
[10,50]   [40,30,20] (20)   27333.2
[10,50]   [40,30,20] (25)   27099.9
[10,50]   [40,30,20] (30)   27377.5
[10,50]   [40,40,5] (0)   30183.8
[10,50]   [40,40,5] (5)   30158.4
[10,50]   [40,40,5] (10)   30383.6
[10,50]   [40,40,5] (15)   29953.5
[10,50]   [40,40,5] (20)   27683.4
[10,50]   [40,40,5] (25)   23117.8
[10,50]   [40,40,5] (30)   19085.2
[10,50]   [40,40,10] (0)   30307.7
[10,50]   [40,40,10] (5)   30579.9
[10,50]   [40,40,10] (10)   30328.5
[10,50]   [40,40,10] (15)   30483.4
[10,50]   [40,40,10] (20)   30219.1
[10,50]   [40,40,10] (25)   28455
[10,50]   [40,40,10] (30)   27586.6
[10,50]   [40,40,15] (0)   30183
[10,50]   [40,40,15] (5)   30284.5
[10,50]   [40,40,15] (10)   30401.8
[10,50]   [40,40,15] (15)   30284.4
[10,50]   [40,40,15] (20)   28016.8
[10,50]   [40,40,15] (25)   26729.3
[10,50]   [40,40,15] (30)   25758.9
[10,50]   [40,40,20] (0)   30289
[10,50]   [40,40,20] (5)   30295.5
[10,50]   [40,40,20] (10)   30298.8
[10,50]   [40,40,20] (15)   30277.6
[10,50]   [40,40,20] (20)   30398.3
[10,50]   [40,40,20] (25)   29618.5
[10,50]   [40,40,20] (30)   29548.3
[10,50]   [40,50,5] (0)   36452.3
[10,50]   [40,50,5] (5)   36395.1
[10,50]   [40,50,5] (10)   36508.8
[10,50]   [40,50,5] (15)   36054.9
[10,50]   [40,50,5] (20)   36871.7
[10,50]   [40,50,5] (25)   36275.6
[10,50]   [40,50,5] (30)   36111.9
[10,50]   [40,50,10] (0)   36495.2
[10,50]   [40,50,10] (5)   36516.2
[10,50]   [40,50,10] (10)   36007.2
[10,50]   [40,50,10] (15)   35992.8
[10,50]   [40,50,10] (20)   35887.6
[10,50]   [40,50,10] (25)   36059.8
[10,50]   [40,50,10] (30)   35506.6
[10,50]   [40,50,15] (0)   35794.4
[10,50]   [40,50,15] (5)   36258.9
[10,50]   [40,50,15] (10)   36140.1
[10,50]   [40,50,15] (15)   36680
[10,50]   [40,50,15] (20)   36128.7
[10,50]   [40,50,15] (25)   36486.5
[10,50]   [40,50,15] (30)   36466.6
[10,50]   [40,50,20] (0)   35878.9
[10,50]   [40,50,20] (5)   35819.5
[10,50]   [40,50,20] (10)   35732.6
[10,50]   [40,50,20] (15)   36276.9
[10,50]   [40,50,20] (20)   36170.8
[10,50]   [40,50,20] (25)   35093.9
[10,50]   [40,50,20] (30)   35045.9
[10,50]   [40,60,5] (0)   38720.9
[10,50]   [40,60,5] (5)   38927.1
[10,50]   [40,60,5] (10)   38928.2
[10,50]   [40,60,5] (15)   38950.4
[10,50]   [40,60,5] (20)   38694.1
[10,50]   [40,60,5] (25)   38759.6
[10,50]   [40,60,5] (30)   38723.6
[10,50]   [40,60,10] (0)   38625.6
[10,50]   [40,60,10] (5)   38684.6
[10,50]   [40,60,10] (10)   38693.7
[10,50]   [40,60,10] (15)   38659.6
[10,50]   [40,60,10] (20)   38648.8
[10,50]   [40,60,10] (25)   38779.4
[10,50]   [40,60,10] (30)   38710.2
[10,50]   [40,60,15] (0)   38583.2
[10,50]   [40,60,15] (5)   38687.5
[10,50]   [40,60,15] (10)   38796.7
[10,50]   [40,60,15] (15)   38895.4
[10,50]   [40,60,15] (20)   39074.8
[10,50]   [40,60,15] (25)   38873.4
[10,50]   [40,60,15] (30)   38662.8
[10,50]   [40,60,20] (0)   38639.9
[10,50]   [40,60,20] (5)   39048
[10,50]   [40,60,20] (10)   38641.8
[10,50]   [40,60,20] (15)   39030
[10,50]   [40,60,20] (20)   38702.4
[10,50]   [40,60,20] (25)   38760.8
[10,50]   [40,60,20] (30)   38888.3
[10,50]   [50,10,5] (0)   31790.4
[10,50]   [50,10,5] (5)   21972.3
[10,50]   [50,10,5] (10)   15707.5
[10,50]   [50,10,5] (15)   13073.6
[10,50]   [50,10,5] (20)   11440
[10,50]   [50,10,5] (25)   10364.5
[10,50]   [50,10,5] (30)   9699.43
[10,50]   [50,10,10] (0)   31920.1
[10,50]   [50,10,10] (5)   26001.5
[10,50]   [50,10,10] (10)   23992.1
[10,50]   [50,10,10] (15)   22504
[10,50]   [50,10,10] (20)   21384.3
[10,50]   [50,10,10] (25)   20602.5
[10,50]   [50,10,10] (30)   20119.9
[10,50]   [50,10,15] (0)   32003.5
[10,50]   [50,10,15] (5)   22834.5
[10,50]   [50,10,15] (10)   20847.7
[10,50]   [50,10,15] (15)   19860.3
[10,50]   [50,10,15] (20)   19224.5
[10,50]   [50,10,15] (25)   18725.7
[10,50]   [50,10,15] (30)   18188.6
[10,50]   [50,10,20] (0)   31925.8
[10,50]   [50,10,20] (5)   26795.2
[10,50]   [50,10,20] (10)   25893.9
[10,50]   [50,10,20] (15)   25913.6
[10,50]   [50,10,20] (20)   25197.5
[10,50]   [50,10,20] (25)   25221.7
[10,50]   [50,10,20] (30)   25075.9
[10,50]   [50,20,5] (0)   29032.9
[10,50]   [50,20,5] (5)   29034.7
[10,50]   [50,20,5] (10)   25276
[10,50]   [50,20,5] (15)   18784.8
[10,50]   [50,20,5] (20)   15221.2
[10,50]   [50,20,5] (25)   12820.7
[10,50]   [50,20,5] (30)   11742.3
[10,50]   [50,20,10] (0)   29077.1
[10,50]   [50,20,10] (5)   29067.8
[10,50]   [50,20,10] (10)   28148.6
[10,50]   [50,20,10] (15)   25877.6
[10,50]   [50,20,10] (20)   24142.7
[10,50]   [50,20,10] (25)   23070.7
[10,50]   [50,20,10] (30)   22083
[10,50]   [50,20,15] (0)   29037.9
[10,50]   [50,20,15] (5)   29007
[10,50]   [50,20,15] (10)   25642.8
[10,50]   [50,20,15] (15)   23852.4
[10,50]   [50,20,15] (20)   22943.4
[10,50]   [50,20,15] (25)   22198.9
[10,50]   [50,20,15] (30)   21685.2
[10,50]   [50,20,20] (0)   29089.1
[10,50]   [50,20,20] (5)   28999.5
[10,50]   [50,20,20] (10)   28407.9
[10,50]   [50,20,20] (15)   27290
[10,50]   [50,20,20] (20)   27196.1
[10,50]   [50,20,20] (25)   26488.5
[10,50]   [50,20,20] (30)   26457.6
[10,50]   [50,30,5] (0)   30292.3
[10,50]   [50,30,5] (5)   30315.2
[10,50]   [50,30,5] (10)   29737.3
[10,50]   [50,30,5] (15)   27379
[10,50]   [50,30,5] (20)   21275.8
[10,50]   [50,30,5] (25)   16504
[10,50]   [50,30,5] (30)   14055.6
[10,50]   [50,30,10] (0)   30269.4
[10,50]   [50,30,10] (5)   30310.6
[10,50]   [50,30,10] (10)   30327.6
[10,50]   [50,30,10] (15)   29891.5
[10,50]   [50,30,10] (20)   27316.6
[10,50]   [50,30,10] (25)   25859.6
[10,50]   [50,30,10] (30)   24286.9
[10,50]   [50,30,15] (0)   30294.6
[10,50]   [50,30,15] (5)   30260.1
[10,50]   [50,30,15] (10)   29595
[10,50]   [50,30,15] (15)   27731.1
[10,50]   [50,30,15] (20)   25590.6
[10,50]   [50,30,15] (25)   24437.5
[10,50]   [50,30,15] (30)   23278.2
[10,50]   [50,30,20] (0)   30297.8
[10,50]   [50,30,20] (5)   30324.5
[10,50]   [50,30,20] (10)   30270.4
[10,50]   [50,30,20] (15)   29764.5
[10,50]   [50,30,20] (20)   28590.4
[10,50]   [50,30,20] (25)   28347.3
[10,50]   [50,30,20] (30)   27838.7
[10,50]   [50,40,5] (0)   30312.1
[10,50]   [50,40,5] (5)   30312.3
[10,50]   [50,40,5] (10)   30346.5
[10,50]   [50,40,5] (15)   30050
[10,50]   [50,40,5] (20)   28623.6
[10,50]   [50,40,5] (25)   23833.1
[10,50]   [50,40,5] (30)   18494.5
[10,50]   [50,40,10] (0)   30359
[10,50]   [50,40,10] (5)   30311.1
[10,50]   [50,40,10] (10)   30318.5
[10,50]   [50,40,10] (15)   30264.9
[10,50]   [50,40,10] (20)   30543.8
[10,50]   [50,40,10] (25)   29203.2
[10,50]   [50,40,10] (30)   27212.7
[10,50]   [50,40,15] (0)   30304.4
[10,50]   [50,40,15] (5)   30305.3
[10,50]   [50,40,15] (10)   30341.3
[10,50]   [50,40,15] (15)   30149.3
[10,50]   [50,40,15] (20)   28972.3
[10,50]   [50,40,15] (25)   26405.6
[10,50]   [50,40,15] (30)   24704.9
[10,50]   [50,40,20] (0)   30332.2
[10,50]   [50,40,20] (5)   30330.2
[10,50]   [50,40,20] (10)   30323.6
[10,50]   [50,40,20] (15)   30334.1
[10,50]   [50,40,20] (20)   30965.3
[10,50]   [50,40,20] (25)   29822.1
[10,50]   [50,40,20] (30)   29326.9
[10,50]   [50,50,5] (0)   32712.5
[10,50]   [50,50,5] (5)   32749.2
[10,50]   [50,50,5] (10)   32695.6
[10,50]   [50,50,5] (15)   32582.4
[10,50]   [50,50,5] (20)   32262.7
[10,50]   [50,50,5] (25)   30384.5
[10,50]   [50,50,5] (30)   27354.5
[10,50]   [50,50,10] (0)   32644.1
[10,50]   [50,50,10] (5)   32556.9
[10,50]   [50,50,10] (10)   32707.5
[10,50]   [50,50,10] (15)   32708.2
[10,50]   [50,50,10] (20)   32661.4
[10,50]   [50,50,10] (25)   32599.8
[10,50]   [50,50,10] (30)   30890
[10,50]   [50,50,15] (0)   32715.7
[10,50]   [50,50,15] (5)   32684
[10,50]   [50,50,15] (10)   32614.1
[10,50]   [50,50,15] (15)   32720.2
[10,50]   [50,50,15] (20)   31960.9
[10,50]   [50,50,15] (25)   30918.3
[10,50]   [50,50,15] (30)   29384.1
[10,50]   [50,50,20] (0)   32699.1
[10,50]   [50,50,20] (5)   32736.4
[10,50]   [50,50,20] (10)   32744.9
[10,50]   [50,50,20] (15)   32753.7
[10,50]   [50,50,20] (20)   32775.3
[10,50]   [50,50,20] (25)   32457.7
[10,50]   [50,50,20] (30)   31326.6
[10,50]   [50,60,5] (0)   28889.6
[10,50]   [50,60,5] (5)   31303.1
[10,50]   [50,60,5] (10)   28611
[10,50]   [50,60,5] (15)   31355.7
[10,50]   [50,60,5] (20)   32289.8
[10,50]   [50,60,5] (25)   28046.4
[10,50]   [50,60,5] (30)   30539.6
[10,50]   [50,60,10] (0)   31772.9
[10,50]   [50,60,10] (5)   32288.6
[10,50]   [50,60,10] (10)   35786.4
[10,50]   [50,60,10] (15)   28468.9
[10,50]   [50,60,10] (20)   35395.8
[10,50]   [50,60,10] (25)   29373.4
[10,50]   [50,60,10] (30)   21905.6
[10,50]   [50,60,15] (0)   31883.7
[10,50]   [50,60,15] (5)   37788.8
[10,50]   [50,60,15] (10)   28765.9
[10,50]   [50,60,15] (15)   28782.6
[10,50]   [50,60,15] (20)   31209.7
[10,50]   [50,60,15] (25)   35646.9
[10,50]   [50,60,15] (30)   31915.9
[10,50]   [50,60,20] (0)   28815
[10,50]   [50,60,20] (5)   29899.2
[10,50]   [50,60,20] (10)   34981.1
[10,50]   [50,60,20] (15)   28524.3
[10,50]   [50,60,20] (20)   31487
[10,50]   [50,60,20] (25)   35055.4
[10,50]   [50,60,20] (30)   35926.8
[10,50]   [60,10,5] (0)   32717.8
[10,50]   [60,10,5] (5)   23991.5
[10,50]   [60,10,5] (10)   17269.4
[10,50]   [60,10,5] (15)   14157.1
[10,50]   [60,10,5] (20)   12223.7
[10,50]   [60,10,5] (25)   11419.6
[10,50]   [60,10,5] (30)   10508.4
[10,50]   [60,10,10] (0)   32911.9
[10,50]   [60,10,10] (5)   27977.3
[10,50]   [60,10,10] (10)   25468.1
[10,50]   [60,10,10] (15)   23845
[10,50]   [60,10,10] (20)   22775.2
[10,50]   [60,10,10] (25)   21882.8
[10,50]   [60,10,10] (30)   20993.9
[10,50]   [60,10,15] (0)   32755.8
[10,50]   [60,10,15] (5)   25168.2
[10,50]   [60,10,15] (10)   23816.5
[10,50]   [60,10,15] (15)   22704.4
[10,50]   [60,10,15] (20)   22044.6
[10,50]   [60,10,15] (25)   21260
[10,50]   [60,10,15] (30)   20910.1
[10,50]   [60,10,20] (0)   32776
[10,50]   [60,10,20] (5)   29229.9
[10,50]   [60,10,20] (10)   25519.1
[10,50]   [60,10,20] (15)   27841.6
[10,50]   [60,10,20] (20)   26258.9
[10,50]   [60,10,20] (25)   26354.1
[10,50]   [60,10,20] (30)   25835
[10,50]   [60,20,5] (0)   30517.5
[10,50]   [60,20,5] (5)   30554.9
[10,50]   [60,20,5] (10)   26672.9
[10,50]   [60,20,5] (15)   20405.6
[10,50]   [60,20,5] (20)   15926.1
[10,50]   [60,20,5] (25)   13698.8
[10,50]   [60,20,5] (30)   12641.2
[10,50]   [60,20,10] (0)   30533.9
[10,50]   [60,20,10] (5)   30500.1
[10,50]   [60,20,10] (10)   29584
[10,50]   [60,20,10] (15)   27349.7
[10,50]   [60,20,10] (20)   25501.6
[10,50]   [60,20,10] (25)   24048.4
[10,50]   [60,20,10] (30)   22923.1
[10,50]   [60,20,15] (0)   30533.5
[10,50]   [60,20,15] (5)   30825.4
[10,50]   [60,20,15] (10)   27246.5
[10,50]   [60,20,15] (15)   25347.8
[10,50]   [60,20,15] (20)   24613.5
[10,50]   [60,20,15] (25)   23264.2
[10,50]   [60,20,15] (30)   22455.5
[10,50]   [60,20,20] (0)   30550.7
[10,50]   [60,20,20] (5)   30523.9
[10,50]   [60,20,20] (10)   29436.2
[10,50]   [60,20,20] (15)   28572.5
[10,50]   [60,20,20] (20)   28439.6
[10,50]   [60,20,20] (25)   27680.9
[10,50]   [60,20,20] (30)   26595.5
[10,50]   [60,30,5] (0)   34421.6
[10,50]   [60,30,5] (5)   34462.9
[10,50]   [60,30,5] (10)   34072.4
[10,50]   [60,30,5] (15)   28892.9
[10,50]   [60,30,5] (20)   22499.7
[10,50]   [60,30,5] (25)   17587.6
[10,50]   [60,30,5] (30)   15103.7
[10,50]   [60,30,10] (0)   34630.1
[10,50]   [60,30,10] (5)   34474.5
[10,50]   [60,30,10] (10)   34289.8
[10,50]   [60,30,10] (15)   32080
[10,50]   [60,30,10] (20)   28905.5
[10,50]   [60,30,10] (25)   26653.2
[10,50]   [60,30,10] (30)   24775.4
[10,50]   [60,30,15] (0)   34465.7
[10,50]   [60,30,15] (5)   34480
[10,50]   [60,30,15] (10)   34464.1
[10,50]   [60,30,15] (15)   30831.1
[10,50]   [60,30,15] (20)   27846.7
[10,50]   [60,30,15] (25)   26626.2
[10,50]   [60,30,15] (30)   24917.6
[10,50]   [60,30,20] (0)   34480.1
[10,50]   [60,30,20] (5)   34451.2
[10,50]   [60,30,20] (10)   34421.6
[10,50]   [60,30,20] (15)   32040.3
[10,50]   [60,30,20] (20)   29896.7
[10,50]   [60,30,20] (25)   29504.5
[10,50]   [60,30,20] (30)   28512.5
[10,50]   [60,40,5] (0)   32668.1
[10,50]   [60,40,5] (5)   32658.3
[10,50]   [60,40,5] (10)   32715
[10,50]   [60,40,5] (15)   32299.1
[10,50]   [60,40,5] (20)   30330.6
[10,50]   [60,40,5] (25)   25031.3
[10,50]   [60,40,5] (30)   19633.4
[10,50]   [60,40,10] (0)   32666.2
[10,50]   [60,40,10] (5)   32721.4
[10,50]   [60,40,10] (10)   32702.8
[10,50]   [60,40,10] (15)   32701.1
[10,50]   [60,40,10] (20)   32386.2
[10,50]   [60,40,10] (25)   30215.3
[10,50]   [60,40,10] (30)   27622.3
[10,50]   [60,40,15] (0)   32652.7
[10,50]   [60,40,15] (5)   32645.6
[10,50]   [60,40,15] (10)   32679.9
[10,50]   [60,40,15] (15)   32692.1
[10,50]   [60,40,15] (20)   30214.7
[10,50]   [60,40,15] (25)   28234.8
[10,50]   [60,40,15] (30)   26728.7
[10,50]   [60,40,20] (0)   32685.9
[10,50]   [60,40,20] (5)   32674.1
[10,50]   [60,40,20] (10)   32634.5
[10,50]   [60,40,20] (15)   32623.7
[10,50]   [60,40,20] (20)   32342.2
[10,50]   [60,40,20] (25)   30347.2
[10,50]   [60,40,20] (30)   28518.5
[10,50]   [60,50,5] (0)   33592.4
[10,50]   [60,50,5] (5)   33655.2
[10,50]   [60,50,5] (10)   33620.1
[10,50]   [60,50,5] (15)   33655.3
[10,50]   [60,50,5] (20)   33120.8
[10,50]   [60,50,5] (25)   31743.2
[10,50]   [60,50,5] (30)   27625.5
[10,50]   [60,50,10] (0)   33677.4
[10,50]   [60,50,10] (5)   33647.3
[10,50]   [60,50,10] (10)   33585.6
[10,50]   [60,50,10] (15)   33666.6
[10,50]   [60,50,10] (20)   33662.7
[10,50]   [60,50,10] (25)   33198.5
[10,50]   [60,50,10] (30)   31030.7
[10,50]   [60,50,15] (0)   33606.4
[10,50]   [60,50,15] (5)   33688.6
[10,50]   [60,50,15] (10)   33657.4
[10,50]   [60,50,15] (15)   33606.5
[10,50]   [60,50,15] (20)   32176.8
[10,50]   [60,50,15] (25)   31555.8
[10,50]   [60,50,15] (30)   29836.9
[10,50]   [60,50,20] (0)   33667.9
[10,50]   [60,50,20] (5)   33630.4
[10,50]   [60,50,20] (10)   33638.2
[10,50]   [60,50,20] (15)   33654
[10,50]   [60,50,20] (20)   33636.5
[10,50]   [60,50,20] (25)   33342.2
[10,50]   [60,50,20] (30)   32383.9
[10,50]   [60,60,5] (0)   46845.3
[10,50]   [60,60,5] (5)   46856.3
[10,50]   [60,60,5] (10)   46918.9
[10,50]   [60,60,5] (15)   46867.8
[10,50]   [60,60,5] (20)   46885.4
[10,50]   [60,60,5] (25)   46853.2
[10,50]   [60,60,5] (30)   32996.8
[10,50]   [60,60,10] (0)   46854.2
[10,50]   [60,60,10] (5)   46843.8
[10,50]   [60,60,10] (10)   46871.5
[10,50]   [60,60,10] (15)   46856.1
[10,50]   [60,60,10] (20)   46920
[10,50]   [60,60,10] (25)   46123.5
[10,50]   [60,60,10] (30)   34234.2
[10,50]   [60,60,15] (0)   46834.4
[10,50]   [60,60,15] (5)   46858.2
[10,50]   [60,60,15] (10)   46878.1
[10,50]   [60,60,15] (15)   46890.4
[10,50]   [60,60,15] (20)   46868.2
[10,50]   [60,60,15] (25)   45549.1
[10,50]   [60,60,15] (30)   33635.6
[10,50]   [60,60,20] (0)   46800.9
[10,50]   [60,60,20] (5)   46794.6
[10,50]   [60,60,20] (10)   46831.4
[10,50]   [60,60,20] (15)   46875.5
[10,50]   [60,60,20] (20)   46836.4
[10,50]   [60,60,20] (25)   46877.8
[10,50]   [60,60,20] (30)   35384.3
