[50,10]   [10,10,5] (0)   63.5562
[50,10]   [10,10,5] (5)   43.9973
[50,10]   [10,10,5] (10)   47.2513
[50,10]   [10,10,5] (15)   57.3443
[50,10]   [10,10,5] (20)   67.4777
[50,10]   [10,10,5] (25)   77.7463
[50,10]   [10,10,5] (30)   87.8746
[50,10]   [10,10,10] (0)   64.6166
[50,10]   [10,10,10] (5)   52.5315
[50,10]   [10,10,10] (10)   59.6139
[50,10]   [10,10,10] (15)   68.379
[50,10]   [10,10,10] (20)   77.08
[50,10]   [10,10,10] (25)   85.8905
[50,10]   [10,10,10] (30)   94.5227
[50,10]   [10,10,15] (0)   64.3189
[50,10]   [10,10,15] (5)   54.375
[50,10]   [10,10,15] (10)   62.599
[50,10]   [10,10,15] (15)   71.7779
[50,10]   [10,10,15] (20)   80.5169
[50,10]   [10,10,15] (25)   89.6354
[50,10]   [10,10,15] (30)   98.7744
[50,10]   [10,10,20] (0)   63.6445
[50,10]   [10,10,20] (5)   63.3529
[50,10]   [10,10,20] (10)   71.3835
[50,10]   [10,10,20] (15)   80.1826
[50,10]   [10,10,20] (20)   88.8735
[50,10]   [10,10,20] (25)   97.1324
[50,10]   [10,10,20] (30)   106.17
[50,10]   [10,20,5] (0)   6480.93
[50,10]   [10,20,5] (5)   6511.23
[50,10]   [10,20,5] (10)   6449.71
[50,10]   [10,20,5] (15)   6414.04
[50,10]   [10,20,5] (20)   6083.04
[50,10]   [10,20,5] (25)   6633.37
[50,10]   [10,20,5] (30)   6870.24
[50,10]   [10,20,10] (0)   6466.64
[50,10]   [10,20,10] (5)   6475.85
[50,10]   [10,20,10] (10)   6415.22
[50,10]   [10,20,10] (15)   6494.88
[50,10]   [10,20,10] (20)   7328.61
[50,10]   [10,20,10] (25)   8561.91
[50,10]   [10,20,10] (30)   8060.28
[50,10]   [10,20,15] (0)   6432.19
[50,10]   [10,20,15] (5)   6642.47
[50,10]   [10,20,15] (10)   6557.16
[50,10]   [10,20,15] (15)   6549.32
[50,10]   [10,20,15] (20)   6067.75
[50,10]   [10,20,15] (25)   4811.41
[50,10]   [10,20,15] (30)   4936.28
[50,10]   [10,20,20] (0)   6545.39
[50,10]   [10,20,20] (5)   6464.08
[50,10]   [10,20,20] (10)   6451.19
[50,10]   [10,20,20] (15)   6543.43
[50,10]   [10,20,20] (20)   6508.15
[50,10]   [10,20,20] (25)   6416.23
[50,10]   [10,20,20] (30)   6783.58
[50,10]   [10,30,5] (0)   15708.1
[50,10]   [10,30,5] (5)   15696.1
[50,10]   [10,30,5] (10)   15587.8
[50,10]   [10,30,5] (15)   15614.4
[50,10]   [10,30,5] (20)   15582.6
[50,10]   [10,30,5] (25)   15577.9
[50,10]   [10,30,5] (30)   14194.9
[50,10]   [10,30,10] (0)   15558.5
[50,10]   [10,30,10] (5)   15711.5
[50,10]   [10,30,10] (10)   15947.2
[50,10]   [10,30,10] (15)   15734.4
[50,10]   [10,30,10] (20)   15678.2
[50,10]   [10,30,10] (25)   15640.1
[50,10]   [10,30,10] (30)   15450.6
[50,10]   [10,30,15] (0)   15766.8
[50,10]   [10,30,15] (5)   15697.3
[50,10]   [10,30,15] (10)   15749.4
[50,10]   [10,30,15] (15)   15556
[50,10]   [10,30,15] (20)   15653.4
[50,10]   [10,30,15] (25)   15684.1
[50,10]   [10,30,15] (30)   14333.5
[50,10]   [10,30,20] (0)   15660.9
[50,10]   [10,30,20] (5)   15455.2
[50,10]   [10,30,20] (10)   15630.1
[50,10]   [10,30,20] (15)   15596.2
[50,10]   [10,30,20] (20)   15606.7
[50,10]   [10,30,20] (25)   15615.6
[50,10]   [10,30,20] (30)   15477.2
[50,10]   [10,40,5] (0)   22043.2
[50,10]   [10,40,5] (5)   22158.3
[50,10]   [10,40,5] (10)   22170.5
[50,10]   [10,40,5] (15)   22249.9
[50,10]   [10,40,5] (20)   22071.3
[50,10]   [10,40,5] (25)   22170.5
[50,10]   [10,40,5] (30)   22119
[50,10]   [10,40,10] (0)   22213
[50,10]   [10,40,10] (5)   22147.5
[50,10]   [10,40,10] (10)   22152.7
[50,10]   [10,40,10] (15)   22064.7
[50,10]   [10,40,10] (20)   22088.9
[50,10]   [10,40,10] (25)   22084.6
[50,10]   [10,40,10] (30)   22050.5
[50,10]   [10,40,15] (0)   22053.7
[50,10]   [10,40,15] (5)   22212.5
[50,10]   [10,40,15] (10)   22079.1
[50,10]   [10,40,15] (15)   22152.5
[50,10]   [10,40,15] (20)   22045.2
[50,10]   [10,40,15] (25)   22053.7
[50,10]   [10,40,15] (30)   22239.2
[50,10]   [10,40,20] (0)   22049.7
[50,10]   [10,40,20] (5)   21945.3
[50,10]   [10,40,20] (10)   21834.6
[50,10]   [10,40,20] (15)   22041.6
[50,10]   [10,40,20] (20)   22241.1
[50,10]   [10,40,20] (25)   22064.8
[50,10]   [10,40,20] (30)   22063.8
[50,10]   [10,50,5] (0)   30342.6
[50,10]   [10,50,5] (5)   30425.1
[50,10]   [10,50,5] (10)   30484.7
[50,10]   [10,50,5] (15)   30651.7
[50,10]   [10,50,5] (20)   30360.7
[50,10]   [10,50,5] (25)   30577.4
[50,10]   [10,50,5] (30)   30372.1
[50,10]   [10,50,10] (0)   30503.1
[50,10]   [10,50,10] (5)   30348
[50,10]   [10,50,10] (10)   30425.2
[50,10]   [10,50,10] (15)   30413.8
[50,10]   [10,50,10] (20)   30423.6
[50,10]   [10,50,10] (25)   30518.2
[50,10]   [10,50,10] (30)   30373.8
[50,10]   [10,50,15] (0)   30470.7
[50,10]   [10,50,15] (5)   30407.1
[50,10]   [10,50,15] (10)   30676.6
[50,10]   [10,50,15] (15)   30344
[50,10]   [10,50,15] (20)   30452.3
[50,10]   [10,50,15] (25)   30414.7
[50,10]   [10,50,15] (30)   30324.8
[50,10]   [10,50,20] (0)   30468
[50,10]   [10,50,20] (5)   30316.1
[50,10]   [10,50,20] (10)   30414
[50,10]   [10,50,20] (15)   30596.3
[50,10]   [10,50,20] (20)   30567
[50,10]   [10,50,20] (25)   30539.6
[50,10]   [10,50,20] (30)   30469.5
[50,10]   [10,60,5] (0)   31379.1
[50,10]   [10,60,5] (5)   31313.2
[50,10]   [10,60,5] (10)   31819.6
[50,10]   [10,60,5] (15)   31248.4
[50,10]   [10,60,5] (20)   31265.7
[50,10]   [10,60,5] (25)   31274
[50,10]   [10,60,5] (30)   31086.5
[50,10]   [10,60,10] (0)   31529
[50,10]   [10,60,10] (5)   31258
[50,10]   [10,60,10] (10)   31248.8
[50,10]   [10,60,10] (15)   31259.8
[50,10]   [10,60,10] (20)   31260.6
[50,10]   [10,60,10] (25)   31519.5
[50,10]   [10,60,10] (30)   31153.8
[50,10]   [10,60,15] (0)   31383.8
[50,10]   [10,60,15] (5)   31407.8
[50,10]   [10,60,15] (10)   31249.1
[50,10]   [10,60,15] (15)   31225.6
[50,10]   [10,60,15] (20)   31406.6
[50,10]   [10,60,15] (25)   31238.7
[50,10]   [10,60,15] (30)   31127.5
[50,10]   [10,60,20] (0)   31440.4
[50,10]   [10,60,20] (5)   31306.9
[50,10]   [10,60,20] (10)   31268.5
[50,10]   [10,60,20] (15)   31255.6
[50,10]   [10,60,20] (20)   31121.9
[50,10]   [10,60,20] (25)   31422.1
[50,10]   [10,60,20] (30)   31294.5
[50,10]   [20,10,5] (0)   8360
[50,10]   [20,10,5] (5)   1157.16
[50,10]   [20,10,5] (10)   48.7123
[50,10]   [20,10,5] (15)   51.8393
[50,10]   [20,10,5] (20)   61.5011
[50,10]   [20,10,5] (25)   71.8317
[50,10]   [20,10,5] (30)   82.1005
[50,10]   [20,10,10] (0)   8435.53
[50,10]   [20,10,10] (5)   1573.74
[50,10]   [20,10,10] (10)   64.1005
[50,10]   [20,10,10] (15)   68.9997
[50,10]   [20,10,10] (20)   77.148
[50,10]   [20,10,10] (25)   85.4887
[50,10]   [20,10,10] (30)   93.9262
[50,10]   [20,10,15] (0)   8424.24
[50,10]   [20,10,15] (5)   92.4645
[50,10]   [20,10,15] (10)   70.2662
[50,10]   [20,10,15] (15)   76.5525
[50,10]   [20,10,15] (20)   84.3897
[50,10]   [20,10,15] (25)   92.8548
[50,10]   [20,10,15] (30)   101.156
[50,10]   [20,10,20] (0)   8497.36
[50,10]   [20,10,20] (5)   111.474
[50,10]   [20,10,20] (10)   81.4
[50,10]   [20,10,20] (15)   86.6255
[50,10]   [20,10,20] (20)   94.7766
[50,10]   [20,10,20] (25)   102.759
[50,10]   [20,10,20] (30)   111.005
[50,10]   [20,20,5] (0)   98.5964
[50,10]   [20,20,5] (5)   95.9089
[50,10]   [20,20,5] (10)   82.7727
[50,10]   [20,20,5] (15)   71.5123
[50,10]   [20,20,5] (20)   78.8011
[50,10]   [20,20,5] (25)   86.9295
[50,10]   [20,20,5] (30)   95.6412
[50,10]   [20,20,10] (0)   97.7237
[50,10]   [20,20,10] (5)   95.4121
[50,10]   [20,20,10] (10)   87.6434
[50,10]   [20,20,10] (15)   86.3938
[50,10]   [20,20,10] (20)   94.0894
[50,10]   [20,20,10] (25)   102.209
[50,10]   [20,20,10] (30)   109.91
[50,10]   [20,20,15] (0)   96.7692
[50,10]   [20,20,15] (5)   99.5364
[50,10]   [20,20,15] (10)   84.714
[50,10]   [20,20,15] (15)   87.9802
[50,10]   [20,20,15] (20)   95.9719
[50,10]   [20,20,15] (25)   104.162
[50,10]   [20,20,15] (30)   112.184
[50,10]   [20,20,20] (0)   97.5683
[50,10]   [20,20,20] (5)   98.1177
[50,10]   [20,20,20] (10)   90.5714
[50,10]   [20,20,20] (15)   96.7973
[50,10]   [20,20,20] (20)   104.468
[50,10]   [20,20,20] (25)   112.374
[50,10]   [20,20,20] (30)   120.215
[50,10]   [20,30,5] (0)   4340.32
[50,10]   [20,30,5] (5)   4326.05
[50,10]   [20,30,5] (10)   4266.58
[50,10]   [20,30,5] (15)   4337.6
[50,10]   [20,30,5] (20)   4299.73
[50,10]   [20,30,5] (25)   4070.46
[50,10]   [20,30,5] (30)   3999.58
[50,10]   [20,30,10] (0)   4378.61
[50,10]   [20,30,10] (5)   4246.26
[50,10]   [20,30,10] (10)   4352.11
[50,10]   [20,30,10] (15)   4312.93
[50,10]   [20,30,10] (20)   4222.98
[50,10]   [20,30,10] (25)   4383.73
[50,10]   [20,30,10] (30)   4249.79
[50,10]   [20,30,15] (0)   4268.5
[50,10]   [20,30,15] (5)   4309.28
[50,10]   [20,30,15] (10)   4344.15
[50,10]   [20,30,15] (15)   4346.48
[50,10]   [20,30,15] (20)   4261.5
[50,10]   [20,30,15] (25)   3879.11
[50,10]   [20,30,15] (30)   2881.96
[50,10]   [20,30,20] (0)   4255.56
[50,10]   [20,30,20] (5)   4239.24
[50,10]   [20,30,20] (10)   4290.06
[50,10]   [20,30,20] (15)   4324.1
[50,10]   [20,30,20] (20)   4337.8
[50,10]   [20,30,20] (25)   4408.91
[50,10]   [20,30,20] (30)   4309.63
[50,10]   [20,40,5] (0)   12517.8
[50,10]   [20,40,5] (5)   12582.2
[50,10]   [20,40,5] (10)   12589.6
[50,10]   [20,40,5] (15)   12562.8
[50,10]   [20,40,5] (20)   12500.1
[50,10]   [20,40,5] (25)   12641.7
[50,10]   [20,40,5] (30)   12669
[50,10]   [20,40,10] (0)   12620.7
[50,10]   [20,40,10] (5)   12585.1
[50,10]   [20,40,10] (10)   12717.8
[50,10]   [20,40,10] (15)   12626.5
[50,10]   [20,40,10] (20)   12611.6
[50,10]   [20,40,10] (25)   12669.3
[50,10]   [20,40,10] (30)   12458.4
[50,10]   [20,40,15] (0)   12738.4
[50,10]   [20,40,15] (5)   12766
[50,10]   [20,40,15] (10)   12713.6
[50,10]   [20,40,15] (15)   12670.4
[50,10]   [20,40,15] (20)   12526.2
[50,10]   [20,40,15] (25)   12768.3
[50,10]   [20,40,15] (30)   12716.3
[50,10]   [20,40,20] (0)   12688.1
[50,10]   [20,40,20] (5)   12654.3
[50,10]   [20,40,20] (10)   12560.5
[50,10]   [20,40,20] (15)   12643.9
[50,10]   [20,40,20] (20)   12792.9
[50,10]   [20,40,20] (25)   12843.8
[50,10]   [20,40,20] (30)   12629.2
[50,10]   [20,50,5] (0)   16842.3
[50,10]   [20,50,5] (5)   16670.2
[50,10]   [20,50,5] (10)   16986.9
[50,10]   [20,50,5] (15)   16905.3
[50,10]   [20,50,5] (20)   16793.4
[50,10]   [20,50,5] (25)   16864.5
[50,10]   [20,50,5] (30)   16896.2
[50,10]   [20,50,10] (0)   17038.1
[50,10]   [20,50,10] (5)   17008.8
[50,10]   [20,50,10] (10)   16797.2
[50,10]   [20,50,10] (15)   17019.4
[50,10]   [20,50,10] (20)   16855.8
[50,10]   [20,50,10] (25)   16883.4
[50,10]   [20,50,10] (30)   16828.9
[50,10]   [20,50,15] (0)   16930.8
[50,10]   [20,50,15] (5)   16969.4
[50,10]   [20,50,15] (10)   16791.7
[50,10]   [20,50,15] (15)   16846.3
[50,10]   [20,50,15] (20)   17028.8
[50,10]   [20,50,15] (25)   17029.4
[50,10]   [20,50,15] (30)   16872.7
[50,10]   [20,50,20] (0)   16779.8
[50,10]   [20,50,20] (5)   16831.5
[50,10]   [20,50,20] (10)   16981.5
[50,10]   [20,50,20] (15)   16946.3
[50,10]   [20,50,20] (20)   16953
[50,10]   [20,50,20] (25)   17021.6
[50,10]   [20,50,20] (30)   16875
[50,10]   [20,60,5] (0)   21502.8
[50,10]   [20,60,5] (5)   21536.3
[50,10]   [20,60,5] (10)   21513.3
[50,10]   [20,60,5] (15)   21638
[50,10]   [20,60,5] (20)   21419.9
[50,10]   [20,60,5] (25)   21438.1
[50,10]   [20,60,5] (30)   21615.2
[50,10]   [20,60,10] (0)   21719.5
[50,10]   [20,60,10] (5)   21343
[50,10]   [20,60,10] (10)   21425.4
[50,10]   [20,60,10] (15)   21430.4
[50,10]   [20,60,10] (20)   21544.2
[50,10]   [20,60,10] (25)   21449.2
[50,10]   [20,60,10] (30)   21570.6
[50,10]   [20,60,15] (0)   21433.2
[50,10]   [20,60,15] (5)   21401.2
[50,10]   [20,60,15] (10)   21440.2
[50,10]   [20,60,15] (15)   21421.7
[50,10]   [20,60,15] (20)   21527.5
[50,10]   [20,60,15] (25)   21593
[50,10]   [20,60,15] (30)   21517.8
[50,10]   [20,60,20] (0)   21479.8
[50,10]   [20,60,20] (5)   21516.2
[50,10]   [20,60,20] (10)   21489
[50,10]   [20,60,20] (15)   21403.1
[50,10]   [20,60,20] (20)   21511.8
[50,10]   [20,60,20] (25)   21471.4
[50,10]   [20,60,20] (30)   21678.3
[50,10]   [30,10,5] (0)   13066.8
[50,10]   [30,10,5] (5)   5930.02
[50,10]   [30,10,5] (10)   58.1431
[50,10]   [30,10,5] (15)   58.3179
[50,10]   [30,10,5] (20)   63.4249
[50,10]   [30,10,5] (25)   71.1864
[50,10]   [30,10,5] (30)   81.2438
[50,10]   [30,10,10] (0)   13066.2
[50,10]   [30,10,10] (5)   6919.77
[50,10]   [30,10,10] (10)   91.5365
[50,10]   [30,10,10] (15)   73.6747
[50,10]   [30,10,10] (20)   77.983
[50,10]   [30,10,10] (25)   84.8112
[50,10]   [30,10,10] (30)   93.1804
[50,10]   [30,10,15] (0)   12857.6
[50,10]   [30,10,15] (5)   2930.28
[50,10]   [30,10,15] (10)   76.8369
[50,10]   [30,10,15] (15)   78.4545
[50,10]   [30,10,15] (20)   82.9587
[50,10]   [30,10,15] (25)   90.849
[50,10]   [30,10,15] (30)   99.2831
[50,10]   [30,10,20] (0)   12674.9
[50,10]   [30,10,20] (5)   2729
[50,10]   [30,10,20] (10)   81.8702
[50,10]   [30,10,20] (15)   89.2473
[50,10]   [30,10,20] (20)   97.3222
[50,10]   [30,10,20] (25)   104.117
[50,10]   [30,10,20] (30)   112.673
[50,10]   [30,20,5] (0)   5424.03
[50,10]   [30,20,5] (5)   5319.9
[50,10]   [30,20,5] (10)   2748.23
[50,10]   [30,20,5] (15)   74.7861
[50,10]   [30,20,5] (20)   71.1305
[50,10]   [30,20,5] (25)   76.8115
[50,10]   [30,20,5] (30)   86.056
[50,10]   [30,20,10] (0)   5414.64
[50,10]   [30,20,10] (5)   5366.39
[50,10]   [30,20,10] (10)   3501.15
[50,10]   [30,20,10] (15)   87.8963
[50,10]   [30,20,10] (20)   88.2936
[50,10]   [30,20,10] (25)   94.19
[50,10]   [30,20,10] (30)   102.27
[50,10]   [30,20,15] (0)   5363.31
[50,10]   [30,20,15] (5)   5259.12
[50,10]   [30,20,15] (10)   947.765
[50,10]   [30,20,15] (15)   91.2171
[50,10]   [30,20,15] (20)   92.0745
[50,10]   [30,20,15] (25)   98.7586
[50,10]   [30,20,15] (30)   106.793
[50,10]   [30,20,20] (0)   5369.54
[50,10]   [30,20,20] (5)   5417.45
[50,10]   [30,20,20] (10)   1929.87
[50,10]   [30,20,20] (15)   101.63
[50,10]   [30,20,20] (20)   103.362
[50,10]   [30,20,20] (25)   110.48
[50,10]   [30,20,20] (30)   118.45
[50,10]   [30,30,5] (0)   110.23
[50,10]   [30,30,5] (5)   109.222
[50,10]   [30,30,5] (10)   112.459
[50,10]   [30,30,5] (15)   106.594
[50,10]   [30,30,5] (20)   92.5538
[50,10]   [30,30,5] (25)   91.4512
[50,10]   [30,30,5] (30)   99.3534
[50,10]   [30,30,10] (0)   109.699
[50,10]   [30,30,10] (5)   110.461
[50,10]   [30,30,10] (10)   109.869
[50,10]   [30,30,10] (15)   111.502
[50,10]   [30,30,10] (20)   104.721
[50,10]   [30,30,10] (25)   109.292
[50,10]   [30,30,10] (30)   117.167
[50,10]   [30,30,15] (0)   112.16
[50,10]   [30,30,15] (5)   111.906
[50,10]   [30,30,15] (10)   108.908
[50,10]   [30,30,15] (15)   108.688
[50,10]   [30,30,15] (20)   107.893
[50,10]   [30,30,15] (25)   114.245
[50,10]   [30,30,15] (30)   122.021
[50,10]   [30,30,20] (0)   111.22
[50,10]   [30,30,20] (5)   112.165
[50,10]   [30,30,20] (10)   108.286
[50,10]   [30,30,20] (15)   109.931
[50,10]   [30,30,20] (20)   110.902
[50,10]   [30,30,20] (25)   117.513
[50,10]   [30,30,20] (30)   125.678
[50,10]   [30,40,5] (0)   2253.89
[50,10]   [30,40,5] (5)   2216.48
[50,10]   [30,40,5] (10)   2105.9
[50,10]   [30,40,5] (15)   2140.64
[50,10]   [30,40,5] (20)   2093.47
[50,10]   [30,40,5] (25)   2089.77
[50,10]   [30,40,5] (30)   2138.54
[50,10]   [30,40,10] (0)   2114.48
[50,10]   [30,40,10] (5)   2186.86
[50,10]   [30,40,10] (10)   2220.51
[50,10]   [30,40,10] (15)   2143.57
[50,10]   [30,40,10] (20)   2148.72
[50,10]   [30,40,10] (25)   2183.36
[50,10]   [30,40,10] (30)   2068.38
[50,10]   [30,40,15] (0)   2151.82
[50,10]   [30,40,15] (5)   2167.01
[50,10]   [30,40,15] (10)   2141.51
[50,10]   [30,40,15] (15)   2148.72
[50,10]   [30,40,15] (20)   2279.05
[50,10]   [30,40,15] (25)   2171
[50,10]   [30,40,15] (30)   2072.84
[50,10]   [30,40,20] (0)   2180.79
[50,10]   [30,40,20] (5)   2191.33
[50,10]   [30,40,20] (10)   1975.56
[50,10]   [30,40,20] (15)   2162.76
[50,10]   [30,40,20] (20)   2182.59
[50,10]   [30,40,20] (25)   2145.76
[50,10]   [30,40,20] (30)   2036.97
[50,10]   [30,50,5] (0)   8207.57
[50,10]   [30,50,5] (5)   8201.39
[50,10]   [30,50,5] (10)   8191.37
[50,10]   [30,50,5] (15)   8128.36
[50,10]   [30,50,5] (20)   8124.93
[50,10]   [30,50,5] (25)   8254.58
[50,10]   [30,50,5] (30)   8178.71
[50,10]   [30,50,10] (0)   8341.55
[50,10]   [30,50,10] (5)   8317.51
[50,10]   [30,50,10] (10)   8254.3
[50,10]   [30,50,10] (15)   8137.1
[50,10]   [30,50,10] (20)   8311.53
[50,10]   [30,50,10] (25)   8113.15
[50,10]   [30,50,10] (30)   8354.59
[50,10]   [30,50,15] (0)   8244.21
[50,10]   [30,50,15] (5)   8106.07
[50,10]   [30,50,15] (10)   8199.77
[50,10]   [30,50,15] (15)   8266.93
[50,10]   [30,50,15] (20)   8227.61
[50,10]   [30,50,15] (25)   8149.4
[50,10]   [30,50,15] (30)   8216.34
[50,10]   [30,50,20] (0)   8305.51
[50,10]   [30,50,20] (5)   8185.82
[50,10]   [30,50,20] (10)   8271.6
[50,10]   [30,50,20] (15)   8326.45
[50,10]   [30,50,20] (20)   8117.48
[50,10]   [30,50,20] (25)   8205.22
[50,10]   [30,50,20] (30)   8184.02
[50,10]   [30,60,5] (0)   14140.9
[50,10]   [30,60,5] (5)   14284.7
[50,10]   [30,60,5] (10)   14167.5
[50,10]   [30,60,5] (15)   14239.2
[50,10]   [30,60,5] (20)   14037.8
[50,10]   [30,60,5] (25)   14054.1
[50,10]   [30,60,5] (30)   14059.5
[50,10]   [30,60,10] (0)   14074.4
[50,10]   [30,60,10] (5)   14084.6
[50,10]   [30,60,10] (10)   14286.2
[50,10]   [30,60,10] (15)   14307.8
[50,10]   [30,60,10] (20)   14248.8
[50,10]   [30,60,10] (25)   14314
[50,10]   [30,60,10] (30)   14391.8
[50,10]   [30,60,15] (0)   14175.6
[50,10]   [30,60,15] (5)   14111.3
[50,10]   [30,60,15] (10)   14094.1
[50,10]   [30,60,15] (15)   14363.9
[50,10]   [30,60,15] (20)   14066.8
[50,10]   [30,60,15] (25)   14208.3
[50,10]   [30,60,15] (30)   14178.9
[50,10]   [30,60,20] (0)   14173.5
[50,10]   [30,60,20] (5)   14330.2
[50,10]   [30,60,20] (10)   14287.8
[50,10]   [30,60,20] (15)   14213.1
[50,10]   [30,60,20] (20)   14041.6
[50,10]   [30,60,20] (25)   14326.5
[50,10]   [30,60,20] (30)   14105.4
[50,10]   [40,10,5] (0)   17259
[50,10]   [40,10,5] (5)   10279
[50,10]   [40,10,5] (10)   92.9664
[50,10]   [40,10,5] (15)   64.4374
[50,10]   [40,10,5] (20)   68.3051
[50,10]   [40,10,5] (25)   73.2307
[50,10]   [40,10,5] (30)   79.0164
[50,10]   [40,10,10] (0)   17686.4
[50,10]   [40,10,10] (5)   11464
[50,10]   [40,10,10] (10)   3466.57
[50,10]   [40,10,10] (15)   84.8798
[50,10]   [40,10,10] (20)   83.4224
[50,10]   [40,10,10] (25)   86.5658
[50,10]   [40,10,10] (30)   92.5592
[50,10]   [40,10,15] (0)   17265.9
[50,10]   [40,10,15] (5)   7013.23
[50,10]   [40,10,15] (10)   759.003
[50,10]   [40,10,15] (15)   87.628
[50,10]   [40,10,15] (20)   88.1096
[50,10]   [40,10,15] (25)   92.7279
[50,10]   [40,10,15] (30)   98.7929
[50,10]   [40,10,20] (0)   17174.2
[50,10]   [40,10,20] (5)   7760.72
[50,10]   [40,10,20] (10)   102.504
[50,10]   [40,10,20] (15)   99.5511
[50,10]   [40,10,20] (20)   101.468
[50,10]   [40,10,20] (25)   105.521
[50,10]   [40,10,20] (30)   112.532
[50,10]   [40,20,5] (0)   11124.9
[50,10]   [40,20,5] (5)   11443.6
[50,10]   [40,20,5] (10)   7775.42
[50,10]   [40,20,5] (15)   122.533
[50,10]   [40,20,5] (20)   76.2999
[50,10]   [40,20,5] (25)   78.33
[50,10]   [40,20,5] (30)   84.1912
[50,10]   [40,20,10] (0)   11075.2
[50,10]   [40,20,10] (5)   11192.2
[50,10]   [40,20,10] (10)   8390.58
[50,10]   [40,20,10] (15)   1259.23
[50,10]   [40,20,10] (20)   92.6167
[50,10]   [40,20,10] (25)   92.1388
[50,10]   [40,20,10] (30)   97.3653
[50,10]   [40,20,15] (0)   11118.3
[50,10]   [40,20,15] (5)   11093.7
[50,10]   [40,20,15] (10)   6856.37
[50,10]   [40,20,15] (15)   102.762
[50,10]   [40,20,15] (20)   93.783
[50,10]   [40,20,15] (25)   95.16
[50,10]   [40,20,15] (30)   100.803
[50,10]   [40,20,20] (0)   11148.2
[50,10]   [40,20,20] (5)   11077.9
[50,10]   [40,20,20] (10)   7532.48
[50,10]   [40,20,20] (15)   110.097
[50,10]   [40,20,20] (20)   105.695
[50,10]   [40,20,20] (25)   110.605
[50,10]   [40,20,20] (30)   116.559
[50,10]   [40,30,5] (0)   4244.51
[50,10]   [40,30,5] (5)   4242.58
[50,10]   [40,30,5] (10)   4129.03
[50,10]   [40,30,5] (15)   2941.6
[50,10]   [40,30,5] (20)   102.239
[50,10]   [40,30,5] (25)   87.6422
[50,10]   [40,30,5] (30)   89.6418
[50,10]   [40,30,10] (0)   4244.97
[50,10]   [40,30,10] (5)   4267.62
[50,10]   [40,30,10] (10)   4309.79
[50,10]   [40,30,10] (15)   3180.34
[50,10]   [40,30,10] (20)   116.318
[50,10]   [40,30,10] (25)   104.825
[50,10]   [40,30,10] (30)   107.519
[50,10]   [40,30,15] (0)   4264.95
[50,10]   [40,30,15] (5)   4323.43
[50,10]   [40,30,15] (10)   4081.93
[50,10]   [40,30,15] (15)   2267.86
[50,10]   [40,30,15] (20)   110.712
[50,10]   [40,30,15] (25)   108.63
[50,10]   [40,30,15] (30)   112.621
[50,10]   [40,30,20] (0)   4184.6
[50,10]   [40,30,20] (5)   4269.28
[50,10]   [40,30,20] (10)   4291.79
[50,10]   [40,30,20] (15)   2361.94
[50,10]   [40,30,20] (20)   117.56
[50,10]   [40,30,20] (25)   117.771
[50,10]   [40,30,20] (30)   124.567
[50,10]   [40,40,5] (0)   140.817
[50,10]   [40,40,5] (5)   140.221
[50,10]   [40,40,5] (10)   140.082
[50,10]   [40,40,5] (15)   138.334
[50,10]   [40,40,5] (20)   132.04
[50,10]   [40,40,5] (25)   115.412
[50,10]   [40,40,5] (30)   107.632
[50,10]   [40,40,10] (0)   139.887
[50,10]   [40,40,10] (5)   141.417
[50,10]   [40,40,10] (10)   140.225
[50,10]   [40,40,10] (15)   138.591
[50,10]   [40,40,10] (20)   135.032
[50,10]   [40,40,10] (25)   124.944
[50,10]   [40,40,10] (30)   125.655
[50,10]   [40,40,15] (0)   138.564
[50,10]   [40,40,15] (5)   137.353
[50,10]   [40,40,15] (10)   141.201
[50,10]   [40,40,15] (15)   141.116
[50,10]   [40,40,15] (20)   130.326
[50,10]   [40,40,15] (25)   122.867
[50,10]   [40,40,15] (30)   125.614
[50,10]   [40,40,20] (0)   138.687
[50,10]   [40,40,20] (5)   138.505
[50,10]   [40,40,20] (10)   138.813
[50,10]   [40,40,20] (15)   139.201
[50,10]   [40,40,20] (20)   134.979
[50,10]   [40,40,20] (25)   131.89
[50,10]   [40,40,20] (30)   136.998
[50,10]   [40,50,5] (0)   860.464
[50,10]   [40,50,5] (5)   850.394
[50,10]   [40,50,5] (10)   850.109
[50,10]   [40,50,5] (15)   945.108
[50,10]   [40,50,5] (20)   895.423
[50,10]   [40,50,5] (25)   846.952
[50,10]   [40,50,5] (30)   984.715
[50,10]   [40,50,10] (0)   1018.54
[50,10]   [40,50,10] (5)   911.423
[50,10]   [40,50,10] (10)   943.521
[50,10]   [40,50,10] (15)   928.933
[50,10]   [40,50,10] (20)   831.885
[50,10]   [40,50,10] (25)   841.595
[50,10]   [40,50,10] (30)   936.561
[50,10]   [40,50,15] (0)   972.364
[50,10]   [40,50,15] (5)   813.765
[50,10]   [40,50,15] (10)   881.681
[50,10]   [40,50,15] (15)   871.682
[50,10]   [40,50,15] (20)   953.214
[50,10]   [40,50,15] (25)   873.612
[50,10]   [40,50,15] (30)   965.72
[50,10]   [40,50,20] (0)   875.036
[50,10]   [40,50,20] (5)   806.623
[50,10]   [40,50,20] (10)   963.527
[50,10]   [40,50,20] (15)   844.447
[50,10]   [40,50,20] (20)   888.58
[50,10]   [40,50,20] (25)   884.912
[50,10]   [40,50,20] (30)   880.33
[50,10]   [40,60,5] (0)   6072.1
[50,10]   [40,60,5] (5)   6015.98
[50,10]   [40,60,5] (10)   5961.97
[50,10]   [40,60,5] (15)   6104.51
[50,10]   [40,60,5] (20)   6020.42
[50,10]   [40,60,5] (25)   6090.76
[50,10]   [40,60,5] (30)   5998.13
[50,10]   [40,60,10] (0)   6088.76
[50,10]   [40,60,10] (5)   6032.86
[50,10]   [40,60,10] (10)   6081.98
[50,10]   [40,60,10] (15)   6009.82
[50,10]   [40,60,10] (20)   5882.1
[50,10]   [40,60,10] (25)   6087.6
[50,10]   [40,60,10] (30)   5860.98
[50,10]   [40,60,15] (0)   5919.64
[50,10]   [40,60,15] (5)   5963.65
[50,10]   [40,60,15] (10)   5899.89
[50,10]   [40,60,15] (15)   6095.41
[50,10]   [40,60,15] (20)   5954.62
[50,10]   [40,60,15] (25)   5992.13
[50,10]   [40,60,15] (30)   6053.42
[50,10]   [40,60,20] (0)   6165.6
[50,10]   [40,60,20] (5)   5966.66
[50,10]   [40,60,20] (10)   6021.57
[50,10]   [40,60,20] (15)   5904.67
[50,10]   [40,60,20] (20)   6062.37
[50,10]   [40,60,20] (25)   6108.64
[50,10]   [40,60,20] (30)   6107.25
[50,10]   [50,10,5] (0)   35172
[50,10]   [50,10,5] (5)   13662.9
[50,10]   [50,10,5] (10)   2319.18
[50,10]   [50,10,5] (15)   72.6045
[50,10]   [50,10,5] (20)   74.0763
[50,10]   [50,10,5] (25)   79.1379
[50,10]   [50,10,5] (30)   82.3501
[50,10]   [50,10,10] (0)   34925.2
[50,10]   [50,10,10] (5)   15090.5
[50,10]   [50,10,10] (10)   6972.43
[50,10]   [50,10,10] (15)   1426.37
[50,10]   [50,10,10] (20)   92.1751
[50,10]   [50,10,10] (25)   92.3947
[50,10]   [50,10,10] (30)   95.2475
[50,10]   [50,10,15] (0)   35283.6
[50,10]   [50,10,15] (5)   12796.3
[50,10]   [50,10,15] (10)   5006.41
[50,10]   [50,10,15] (15)   173.436
[50,10]   [50,10,15] (20)   100.064
[50,10]   [50,10,15] (25)   101.023
[50,10]   [50,10,15] (30)   104.28
[50,10]   [50,10,20] (0)   34852.9
[50,10]   [50,10,20] (5)   11371.5
[50,10]   [50,10,20] (10)   3368.37
[50,10]   [50,10,20] (15)   1468.58
[50,10]   [50,10,20] (20)   111.071
[50,10]   [50,10,20] (25)   112.069
[50,10]   [50,10,20] (30)   115.203
[50,10]   [50,20,5] (0)   14238.3
[50,10]   [50,20,5] (5)   13954.6
[50,10]   [50,20,5] (10)   10915.1
[50,10]   [50,20,5] (15)   2376.66
[50,10]   [50,20,5] (20)   83.3692
[50,10]   [50,20,5] (25)   83.0216
[50,10]   [50,20,5] (30)   88.2246
[50,10]   [50,20,10] (0)   14308
[50,10]   [50,20,10] (5)   13895.2
[50,10]   [50,20,10] (10)   11931.6
[50,10]   [50,20,10] (15)   4740.37
[50,10]   [50,20,10] (20)   177.591
[50,10]   [50,20,10] (25)   97.6925
[50,10]   [50,20,10] (30)   99.427
[50,10]   [50,20,15] (0)   13914.8
[50,10]   [50,20,15] (5)   13957.3
[50,10]   [50,20,15] (10)   10165.9
[50,10]   [50,20,15] (15)   2066.4
[50,10]   [50,20,15] (20)   111.178
[50,10]   [50,20,15] (25)   102.768
[50,10]   [50,20,15] (30)   105.323
[50,10]   [50,20,20] (0)   14111.8
[50,10]   [50,20,20] (5)   13993
[50,10]   [50,20,20] (10)   10896.4
[50,10]   [50,20,20] (15)   575.094
[50,10]   [50,20,20] (20)   120.444
[50,10]   [50,20,20] (25)   116.903
[50,10]   [50,20,20] (30)   118.491
[50,10]   [50,30,5] (0)   8648.85
[50,10]   [50,30,5] (5)   8640.32
[50,10]   [50,30,5] (10)   8459.78
[50,10]   [50,30,5] (15)   6882.25
[50,10]   [50,30,5] (20)   539.467
[50,10]   [50,30,5] (25)   93.5164
[50,10]   [50,30,5] (30)   92.2457
[50,10]   [50,30,10] (0)   8479.36
[50,10]   [50,30,10] (5)   8523.05
[50,10]   [50,30,10] (10)   8646.13
[50,10]   [50,30,10] (15)   7426.05
[50,10]   [50,30,10] (20)   2170.95
[50,10]   [50,30,10] (25)   114.39
[50,10]   [50,30,10] (30)   106.923
[50,10]   [50,30,15] (0)   8500.25
[50,10]   [50,30,15] (5)   8567.7
[50,10]   [50,30,15] (10)   8585.81
[50,10]   [50,30,15] (15)   6110.57
[50,10]   [50,30,15] (20)   156.054
[50,10]   [50,30,15] (25)   114.471
[50,10]   [50,30,15] (30)   111.967
[50,10]   [50,30,20] (0)   8527.78
[50,10]   [50,30,20] (5)   8459.65
[50,10]   [50,30,20] (10)   8566.44
[50,10]   [50,30,20] (15)   7145.22
[50,10]   [50,30,20] (20)   168.391
[50,10]   [50,30,20] (25)   121.654
[50,10]   [50,30,20] (30)   122.429
[50,10]   [50,40,5] (0)   4357.46
[50,10]   [50,40,5] (5)   4398.34
[50,10]   [50,40,5] (10)   4402.95
[50,10]   [50,40,5] (15)   4205.79
[50,10]   [50,40,5] (20)   3007.59
[50,10]   [50,40,5] (25)   162.647
[50,10]   [50,40,5] (30)   106.104
[50,10]   [50,40,10] (0)   4364.34
[50,10]   [50,40,10] (5)   4386.27
[50,10]   [50,40,10] (10)   4310.5
[50,10]   [50,40,10] (15)   4297.75
[50,10]   [50,40,10] (20)   3237.6
[50,10]   [50,40,10] (25)   282.441
[50,10]   [50,40,10] (30)   125.009
[50,10]   [50,40,15] (0)   4408.51
[50,10]   [50,40,15] (5)   4420.81
[50,10]   [50,40,15] (10)   4397.73
[50,10]   [50,40,15] (15)   4276.87
[50,10]   [50,40,15] (20)   2706.12
[50,10]   [50,40,15] (25)   139.621
[50,10]   [50,40,15] (30)   125.309
[50,10]   [50,40,20] (0)   4437.7
[50,10]   [50,40,20] (5)   4465.14
[50,10]   [50,40,20] (10)   4427.82
[50,10]   [50,40,20] (15)   4153.96
[50,10]   [50,40,20] (20)   2798.51
[50,10]   [50,40,20] (25)   145.72
[50,10]   [50,40,20] (30)   134.066
[50,10]   [50,50,5] (0)   175.324
[50,10]   [50,50,5] (5)   171.951
[50,10]   [50,50,5] (10)   181.947
[50,10]   [50,50,5] (15)   179.938
[50,10]   [50,50,5] (20)   175.935
[50,10]   [50,50,5] (25)   166.943
[50,10]   [50,50,5] (30)   138.689
[50,10]   [50,50,10] (0)   185.54
[50,10]   [50,50,10] (5)   183.52
[50,10]   [50,50,10] (10)   176.323
[50,10]   [50,50,10] (15)   183.85
[50,10]   [50,50,10] (20)   173.731
[50,10]   [50,50,10] (25)   172.867
[50,10]   [50,50,10] (30)   146.824
[50,10]   [50,50,15] (0)   176.922
[50,10]   [50,50,15] (5)   183.511
[50,10]   [50,50,15] (10)   183.358
[50,10]   [50,50,15] (15)   186.386
[50,10]   [50,50,15] (20)   176.363
[50,10]   [50,50,15] (25)   161.976
[50,10]   [50,50,15] (30)   140.795
[50,10]   [50,50,20] (0)   181.513
[50,10]   [50,50,20] (5)   190.457
[50,10]   [50,50,20] (10)   179.897
[50,10]   [50,50,20] (15)   180.313
[50,10]   [50,50,20] (20)   178.375
[50,10]   [50,50,20] (25)   167.852
[50,10]   [50,50,20] (30)   147.293
[50,10]   [50,60,5] (0)   210.546
[50,10]   [50,60,5] (5)   187.85
[50,10]   [50,60,5] (10)   216.003
[50,10]   [50,60,5] (15)   195.56
[50,10]   [50,60,5] (20)   175.428
[50,10]   [50,60,5] (25)   192.008
[50,10]   [50,60,5] (30)   191.255
[50,10]   [50,60,10] (0)   200.579
[50,10]   [50,60,10] (5)   192.37
[50,10]   [50,60,10] (10)   184.041
[50,10]   [50,60,10] (15)   199.919
[50,10]   [50,60,10] (20)   190.754
[50,10]   [50,60,10] (25)   201.637
[50,10]   [50,60,10] (30)   208.169
[50,10]   [50,60,15] (0)   206.064
[50,10]   [50,60,15] (5)   192.17
[50,10]   [50,60,15] (10)   196.334
[50,10]   [50,60,15] (15)   199.163
[50,10]   [50,60,15] (20)   198.541
[50,10]   [50,60,15] (25)   204.245
[50,10]   [50,60,15] (30)   188.095
[50,10]   [50,60,20] (0)   193.814
[50,10]   [50,60,20] (5)   202.595
[50,10]   [50,60,20] (10)   202.414
[50,10]   [50,60,20] (15)   208.056
[50,10]   [50,60,20] (20)   208.082
[50,10]   [50,60,20] (25)   188.083
[50,10]   [50,60,20] (30)   188.836
[50,10]   [60,10,5] (0)   24757.2
[50,10]   [60,10,5] (5)   16609.7
[50,10]   [60,10,5] (10)   4707.41
[50,10]   [60,10,5] (15)   86.7137
[50,10]   [60,10,5] (20)   79.3723
[50,10]   [60,10,5] (25)   81.9126
[50,10]   [60,10,5] (30)   86.7944
[50,10]   [60,10,10] (0)   24327.8
[50,10]   [60,10,10] (5)   17971.5
[50,10]   [60,10,10] (10)   10080.4
[50,10]   [60,10,10] (15)   4434.53
[50,10]   [60,10,10] (20)   435.262
[50,10]   [60,10,10] (25)   99.3808
[50,10]   [60,10,10] (30)   101.122
[50,10]   [60,10,15] (0)   24640.3
[50,10]   [60,10,15] (5)   13813.7
[50,10]   [60,10,15] (10)   7456.81
[50,10]   [60,10,15] (15)   2041.03
[50,10]   [60,10,15] (20)   108.989
[50,10]   [60,10,15] (25)   104.125
[50,10]   [60,10,15] (30)   107.262
[50,10]   [60,10,20] (0)   24339.8
[50,10]   [60,10,20] (5)   15134.1
[50,10]   [60,10,20] (10)   6812.63
[50,10]   [60,10,20] (15)   5182.72
[50,10]   [60,10,20] (20)   125.729
[50,10]   [60,10,20] (25)   117.031
[50,10]   [60,10,20] (30)   121.504
[50,10]   [60,20,5] (0)   17615.4
[50,10]   [60,20,5] (5)   17511.9
[50,10]   [60,20,5] (10)   14337.4
[50,10]   [60,20,5] (15)   5020.31
[50,10]   [60,20,5] (20)   97.8348
[50,10]   [60,20,5] (25)   88.6037
[50,10]   [60,20,5] (30)   89.9239
[50,10]   [60,20,10] (0)   17183.4
[50,10]   [60,20,10] (5)   16977.8
[50,10]   [60,20,10] (10)   15022.4
[50,10]   [60,20,10] (15)   8191.16
[50,10]   [60,20,10] (20)   2976.47
[50,10]   [60,20,10] (25)   114.707
[50,10]   [60,20,10] (30)   104.949
[50,10]   [60,20,15] (0)   17190
[50,10]   [60,20,15] (5)   17272.9
[50,10]   [60,20,15] (10)   13184.7
[50,10]   [60,20,15] (15)   5163.66
[50,10]   [60,20,15] (20)   1214.96
[50,10]   [60,20,15] (25)   109.866
[50,10]   [60,20,15] (30)   111.488
[50,10]   [60,20,20] (0)   17296.6
[50,10]   [60,20,20] (5)   17767.7
[50,10]   [60,20,20] (10)   14459.4
[50,10]   [60,20,20] (15)   4078.17
[50,10]   [60,20,20] (20)   2065.45
[50,10]   [60,20,20] (25)   132.394
[50,10]   [60,20,20] (30)   126.497
[50,10]   [60,30,5] (0)   12828.9
[50,10]   [60,30,5] (5)   12828.3
[50,10]   [60,30,5] (10)   12734
[50,10]   [60,30,5] (15)   10308.4
[50,10]   [60,30,5] (20)   3319.68
[50,10]   [60,30,5] (25)   100.006
[50,10]   [60,30,5] (30)   95.9641
[50,10]   [60,30,10] (0)   12947.4
[50,10]   [60,30,10] (5)   13144.2
[50,10]   [60,30,10] (10)   12975.3
[50,10]   [60,30,10] (15)   11271.6
[50,10]   [60,30,10] (20)   5578.64
[50,10]   [60,30,10] (25)   723.634
[50,10]   [60,30,10] (30)   111.939
[50,10]   [60,30,15] (0)   12803.2
[50,10]   [60,30,15] (5)   12898
[50,10]   [60,30,15] (10)   12892.6
[50,10]   [60,30,15] (15)   10231.7
[50,10]   [60,30,15] (20)   3056.88
[50,10]   [60,30,15] (25)   141.715
[50,10]   [60,30,15] (30)   116.654
[50,10]   [60,30,20] (0)   13064.9
[50,10]   [60,30,20] (5)   12881
[50,10]   [60,30,20] (10)   12867.8
[50,10]   [60,30,20] (15)   10618.9
[50,10]   [60,30,20] (20)   2077.46
[50,10]   [60,30,20] (25)   145.203
[50,10]   [60,30,20] (30)   131.142
[50,10]   [60,40,5] (0)   7276.75
[50,10]   [60,40,5] (5)   7348.46
[50,10]   [60,40,5] (10)   7257.37
[50,10]   [60,40,5] (15)   7067.3
[50,10]   [60,40,5] (20)   6532.99
[50,10]   [60,40,5] (25)   2304.77
[50,10]   [60,40,5] (30)   114.303
[50,10]   [60,40,10] (0)   7217.15
[50,10]   [60,40,10] (5)   7298.72
[50,10]   [60,40,10] (10)   7205.95
[50,10]   [60,40,10] (15)   7207.71
[50,10]   [60,40,10] (20)   6797.22
[50,10]   [60,40,10] (25)   3405.53
[50,10]   [60,40,10] (30)   145.615
[50,10]   [60,40,15] (0)   7250.91
[50,10]   [60,40,15] (5)   7282.85
[50,10]   [60,40,15] (10)   7341.35
[50,10]   [60,40,15] (15)   7088.54
[50,10]   [60,40,15] (20)   6209.91
[50,10]   [60,40,15] (25)   1463.53
[50,10]   [60,40,15] (30)   131.268
[50,10]   [60,40,20] (0)   7206.7
[50,10]   [60,40,20] (5)   7165.77
[50,10]   [60,40,20] (10)   7208.74
[50,10]   [60,40,20] (15)   7162.66
[50,10]   [60,40,20] (20)   6436.59
[50,10]   [60,40,20] (25)   1085.43
[50,10]   [60,40,20] (30)   144.636
[50,10]   [60,50,5] (0)   3393.95
[50,10]   [60,50,5] (5)   3428.66
[50,10]   [60,50,5] (10)   3487.07
[50,10]   [60,50,5] (15)   3429.22
[50,10]   [60,50,5] (20)   3425.31
[50,10]   [60,50,5] (25)   3154.98
[50,10]   [60,50,5] (30)   851.571
[50,10]   [60,50,10] (0)   3439.58
[50,10]   [60,50,10] (5)   3451.28
[50,10]   [60,50,10] (10)   3424.46
[50,10]   [60,50,10] (15)   3505.48
[50,10]   [60,50,10] (20)   3503.43
[50,10]   [60,50,10] (25)   3189.08
[50,10]   [60,50,10] (30)   936.176
[50,10]   [60,50,15] (0)   3500.91
[50,10]   [60,50,15] (5)   3490.1
[50,10]   [60,50,15] (10)   3567.66
[50,10]   [60,50,15] (15)   3443.86
[50,10]   [60,50,15] (20)   3388.79
[50,10]   [60,50,15] (25)   2920.26
[50,10]   [60,50,15] (30)   223.913
[50,10]   [60,50,20] (0)   3543.17
[50,10]   [60,50,20] (5)   3440.11
[50,10]   [60,50,20] (10)   3473.27
[50,10]   [60,50,20] (15)   3474.86
[50,10]   [60,50,20] (20)   3416.11
[50,10]   [60,50,20] (25)   2998.58
[50,10]   [60,50,20] (30)   223.058
[50,10]   [60,60,5] (0)   1974.83
[50,10]   [60,60,5] (5)   1897.14
[50,10]   [60,60,5] (10)   2065.12
[50,10]   [60,60,5] (15)   1968.89
[50,10]   [60,60,5] (20)   1960.21
[50,10]   [60,60,5] (25)   1934.06
[50,10]   [60,60,5] (30)   533.095
[50,10]   [60,60,10] (0)   1948.33
[50,10]   [60,60,10] (5)   1901.67
[50,10]   [60,60,10] (10)   1929.26
[50,10]   [60,60,10] (15)   1945.87
[50,10]   [60,60,10] (20)   2006.43
[50,10]   [60,60,10] (25)   2018.4
[50,10]   [60,60,10] (30)   387.472
[50,10]   [60,60,15] (0)   1923.67
[50,10]   [60,60,15] (5)   2002.64
[50,10]   [60,60,15] (10)   1978.27
[50,10]   [60,60,15] (15)   1941.31
[50,10]   [60,60,15] (20)   1996.14
[50,10]   [60,60,15] (25)   1985.92
[50,10]   [60,60,15] (30)   331.519
[50,10]   [60,60,20] (0)   1919.31
[50,10]   [60,60,20] (5)   2008.78
[50,10]   [60,60,20] (10)   1991.92
[50,10]   [60,60,20] (15)   2028.42
[50,10]   [60,60,20] (20)   1986.56
[50,10]   [60,60,20] (25)   1905.05
[50,10]   [60,60,20] (30)   337.64
