[40,50]   [10,10,5] (0)   392.044
[40,50]   [10,10,5] (5)   78.2442
[40,50]   [10,10,5] (10)   75.6828
[40,50]   [10,10,5] (15)   85.3802
[40,50]   [10,10,5] (20)   95.4445
[40,50]   [10,10,5] (25)   105.477
[40,50]   [10,10,5] (30)   115.761
[40,50]   [10,10,10] (0)   308.787
[40,50]   [10,10,10] (5)   347.885
[40,50]   [10,10,10] (10)   349.458
[40,50]   [10,10,10] (15)   391.129
[40,50]   [10,10,10] (20)   363.549
[40,50]   [10,10,10] (25)   457.856
[40,50]   [10,10,10] (30)   419.03
[40,50]   [10,10,15] (0)   348.342
[40,50]   [10,10,15] (5)   92.939
[40,50]   [10,10,15] (10)   98.2616
[40,50]   [10,10,15] (15)   107.738
[40,50]   [10,10,15] (20)   115.545
[40,50]   [10,10,15] (25)   125.739
[40,50]   [10,10,15] (30)   133.476
[40,50]   [10,10,20] (0)   380.403
[40,50]   [10,10,20] (5)   389.4
[40,50]   [10,10,20] (10)   408.796
[40,50]   [10,10,20] (15)   387.387
[40,50]   [10,10,20] (20)   444.363
[40,50]   [10,10,20] (25)   349.567
[40,50]   [10,10,20] (30)   384.11
[40,50]   [10,20,5] (0)   10416.5
[40,50]   [10,20,5] (5)   10263.8
[40,50]   [10,20,5] (10)   10312.9
[40,50]   [10,20,5] (15)   10205.9
[40,50]   [10,20,5] (20)   10027
[40,50]   [10,20,5] (25)   7705.36
[40,50]   [10,20,5] (30)   7145.03
[40,50]   [10,20,10] (0)   10102.6
[40,50]   [10,20,10] (5)   10287.5
[40,50]   [10,20,10] (10)   10106.3
[40,50]   [10,20,10] (15)   10257.8
[40,50]   [10,20,10] (20)   10216.5
[40,50]   [10,20,10] (25)   9632.84
[40,50]   [10,20,10] (30)   7814.55
[40,50]   [10,20,15] (0)   10241.7
[40,50]   [10,20,15] (5)   10098.6
[40,50]   [10,20,15] (10)   9935.49
[40,50]   [10,20,15] (15)   10115.8
[40,50]   [10,20,15] (20)   10667.7
[40,50]   [10,20,15] (25)   7530.27
[40,50]   [10,20,15] (30)   6154.03
[40,50]   [10,20,20] (0)   9985.05
[40,50]   [10,20,20] (5)   10166.2
[40,50]   [10,20,20] (10)   10153.9
[40,50]   [10,20,20] (15)   10158.2
[40,50]   [10,20,20] (20)   10134.8
[40,50]   [10,20,20] (25)   9139.74
[40,50]   [10,20,20] (30)   8019.11
[40,50]   [10,30,5] (0)   17908
[40,50]   [10,30,5] (5)   19248
[40,50]   [10,30,5] (10)   17976.7
[40,50]   [10,30,5] (15)   18585.4
[40,50]   [10,30,5] (20)   18130
[40,50]   [10,30,5] (25)   18306.3
[40,50]   [10,30,5] (30)   17581.8
[40,50]   [10,30,10] (0)   18090
[40,50]   [10,30,10] (5)   18394.8
[40,50]   [10,30,10] (10)   18214.7
[40,50]   [10,30,10] (15)   18105.9
[40,50]   [10,30,10] (20)   17745
[40,50]   [10,30,10] (25)   17964.5
[40,50]   [10,30,10] (30)   17908.4
[40,50]   [10,30,15] (0)   17887.1
[40,50]   [10,30,15] (5)   18437.6
[40,50]   [10,30,15] (10)   17962.6
[40,50]   [10,30,15] (15)   18328.6
[40,50]   [10,30,15] (20)   17844.6
[40,50]   [10,30,15] (25)   17738.1
[40,50]   [10,30,15] (30)   15697.7
[40,50]   [10,30,20] (0)   18384.3
[40,50]   [10,30,20] (5)   17939.7
[40,50]   [10,30,20] (10)   18324.9
[40,50]   [10,30,20] (15)   17861.2
[40,50]   [10,30,20] (20)   18245.9
[40,50]   [10,30,20] (25)   17650.1
[40,50]   [10,30,20] (30)   18250.1
[40,50]   [10,40,5] (0)   23287.9
[40,50]   [10,40,5] (5)   26320.4
[40,50]   [10,40,5] (10)   23758.7
[40,50]   [10,40,5] (15)   26396.9
[40,50]   [10,40,5] (20)   26655.2
[40,50]   [10,40,5] (25)   26352.4
[40,50]   [10,40,5] (30)   26207.7
[40,50]   [10,40,10] (0)   25973.1
[40,50]   [10,40,10] (5)   26007
[40,50]   [10,40,10] (10)   26494.7
[40,50]   [10,40,10] (15)   26707.6
[40,50]   [10,40,10] (20)   25904.9
[40,50]   [10,40,10] (25)   25818.9
[40,50]   [10,40,10] (30)   26063.6
[40,50]   [10,40,15] (0)   26828.9
[40,50]   [10,40,15] (5)   25912.9
[40,50]   [10,40,15] (10)   26238.2
[40,50]   [10,40,15] (15)   26606.8
[40,50]   [10,40,15] (20)   26936.4
[40,50]   [10,40,15] (25)   26378.8
[40,50]   [10,40,15] (30)   23679.2
[40,50]   [10,40,20] (0)   25760.1
[40,50]   [10,40,20] (5)   26129.9
[40,50]   [10,40,20] (10)   26106.8
[40,50]   [10,40,20] (15)   26474.5
[40,50]   [10,40,20] (20)   26968.3
[40,50]   [10,40,20] (25)   26134.9
[40,50]   [10,40,20] (30)   26257.9
[40,50]   [10,50,5] (0)   37030.7
[40,50]   [10,50,5] (5)   36705.2
[40,50]   [10,50,5] (10)   36240.9
[40,50]   [10,50,5] (15)   36806.2
[40,50]   [10,50,5] (20)   36214.1
[40,50]   [10,50,5] (25)   35905.1
[40,50]   [10,50,5] (30)   36725.1
[40,50]   [10,50,10] (0)   36519
[40,50]   [10,50,10] (5)   36178.7
[40,50]   [10,50,10] (10)   36388.6
[40,50]   [10,50,10] (15)   36686.5
[40,50]   [10,50,10] (20)   36491
[40,50]   [10,50,10] (25)   36392.2
[40,50]   [10,50,10] (30)   37180.9
[40,50]   [10,50,15] (0)   36656.4
[40,50]   [10,50,15] (5)   37137.7
[40,50]   [10,50,15] (10)   36113.5
[40,50]   [10,50,15] (15)   36594.4
[40,50]   [10,50,15] (20)   36998.8
[40,50]   [10,50,15] (25)   36285.4
[40,50]   [10,50,15] (30)   35914.5
[40,50]   [10,50,20] (0)   36121.3
[40,50]   [10,50,20] (5)   36337.1
[40,50]   [10,50,20] (10)   36563.6
[40,50]   [10,50,20] (15)   36131.6
[40,50]   [10,50,20] (20)   36755.6
[40,50]   [10,50,20] (25)   36898.4
[40,50]   [10,50,20] (30)   36392.8
[40,50]   [10,60,5] (0)   38495.2
[40,50]   [10,60,5] (5)   39272.3
[40,50]   [10,60,5] (10)   38900.9
[40,50]   [10,60,5] (15)   38829.7
[40,50]   [10,60,5] (20)   39231.9
[40,50]   [10,60,5] (25)   39430.9
[40,50]   [10,60,5] (30)   39688.5
[40,50]   [10,60,10] (0)   39179.6
[40,50]   [10,60,10] (5)   39085.7
[40,50]   [10,60,10] (10)   38825
[40,50]   [10,60,10] (15)   38993.5
[40,50]   [10,60,10] (20)   38758.7
[40,50]   [10,60,10] (25)   39419.6
[40,50]   [10,60,10] (30)   38827.2
[40,50]   [10,60,15] (0)   38564.2
[40,50]   [10,60,15] (5)   38794.9
[40,50]   [10,60,15] (10)   39193.1
[40,50]   [10,60,15] (15)   39194.6
[40,50]   [10,60,15] (20)   39599.1
[40,50]   [10,60,15] (25)   39898.2
[40,50]   [10,60,15] (30)   38739
[40,50]   [10,60,20] (0)   38652
[40,50]   [10,60,20] (5)   39056.3
[40,50]   [10,60,20] (10)   39530.8
[40,50]   [10,60,20] (15)   38779.4
[40,50]   [10,60,20] (20)   39661.8
[40,50]   [10,60,20] (25)   39082
[40,50]   [10,60,20] (30)   39203
[40,50]   [20,10,5] (0)   8690
[40,50]   [20,10,5] (5)   1423.06
[40,50]   [20,10,5] (10)   78.1611
[40,50]   [20,10,5] (15)   80.3549
[40,50]   [20,10,5] (20)   89.5748
[40,50]   [20,10,5] (25)   99.2522
[40,50]   [20,10,5] (30)   109.174
[40,50]   [20,10,10] (0)   7866.73
[40,50]   [20,10,10] (5)   1899.98
[40,50]   [20,10,10] (10)   428.874
[40,50]   [20,10,10] (15)   428.706
[40,50]   [20,10,10] (20)   452.341
[40,50]   [20,10,10] (25)   360.828
[40,50]   [20,10,10] (30)   469.749
[40,50]   [20,10,15] (0)   8135.36
[40,50]   [20,10,15] (5)   117.557
[40,50]   [20,10,15] (10)   100.787
[40,50]   [20,10,15] (15)   107.346
[40,50]   [20,10,15] (20)   115.468
[40,50]   [20,10,15] (25)   123.719
[40,50]   [20,10,15] (30)   132.004
[40,50]   [20,10,20] (0)   8551.21
[40,50]   [20,10,20] (5)   505.242
[40,50]   [20,10,20] (10)   518.398
[40,50]   [20,10,20] (15)   546.484
[40,50]   [20,10,20] (20)   499.891
[40,50]   [20,10,20] (25)   491.902
[40,50]   [20,10,20] (30)   477.284
[40,50]   [20,20,5] (0)   553.181
[40,50]   [20,20,5] (5)   620.881
[40,50]   [20,20,5] (10)   129.102
[40,50]   [20,20,5] (15)   109.577
[40,50]   [20,20,5] (20)   116.165
[40,50]   [20,20,5] (25)   125.365
[40,50]   [20,20,5] (30)   132.546
[40,50]   [20,20,10] (0)   514.222
[40,50]   [20,20,10] (5)   605.314
[40,50]   [20,20,10] (10)   569.902
[40,50]   [20,20,10] (15)   534.444
[40,50]   [20,20,10] (20)   482.458
[40,50]   [20,20,10] (25)   484.973
[40,50]   [20,20,10] (30)   464.807
[40,50]   [20,20,15] (0)   583.735
[40,50]   [20,20,15] (5)   582.939
[40,50]   [20,20,15] (10)   118.721
[40,50]   [20,20,15] (15)   129.061
[40,50]   [20,20,15] (20)   137.073
[40,50]   [20,20,15] (25)   144.759
[40,50]   [20,20,15] (30)   152.818
[40,50]   [20,20,20] (0)   558.456
[40,50]   [20,20,20] (5)   510.127
[40,50]   [20,20,20] (10)   606.583
[40,50]   [20,20,20] (15)   520.904
[40,50]   [20,20,20] (20)   567.137
[40,50]   [20,20,20] (25)   586.812
[40,50]   [20,20,20] (30)   619.113
[40,50]   [20,30,5] (0)   6285.24
[40,50]   [20,30,5] (5)   6260
[40,50]   [20,30,5] (10)   6355.96
[40,50]   [20,30,5] (15)   6371.46
[40,50]   [20,30,5] (20)   6254.3
[40,50]   [20,30,5] (25)   6234.89
[40,50]   [20,30,5] (30)   5045.93
[40,50]   [20,30,10] (0)   6243.34
[40,50]   [20,30,10] (5)   6255.15
[40,50]   [20,30,10] (10)   6210.08
[40,50]   [20,30,10] (15)   6550.24
[40,50]   [20,30,10] (20)   6457.65
[40,50]   [20,30,10] (25)   6129.8
[40,50]   [20,30,10] (30)   6270.71
[40,50]   [20,30,15] (0)   6208.17
[40,50]   [20,30,15] (5)   6319.87
[40,50]   [20,30,15] (10)   6210.29
[40,50]   [20,30,15] (15)   6419.66
[40,50]   [20,30,15] (20)   6264.49
[40,50]   [20,30,15] (25)   6355.9
[40,50]   [20,30,15] (30)   4303.86
[40,50]   [20,30,20] (0)   6425.91
[40,50]   [20,30,20] (5)   6232.34
[40,50]   [20,30,20] (10)   6224.94
[40,50]   [20,30,20] (15)   6200.47
[40,50]   [20,30,20] (20)   6406.6
[40,50]   [20,30,20] (25)   6352.97
[40,50]   [20,30,20] (30)   6311.05
[40,50]   [20,40,5] (0)   14212.9
[40,50]   [20,40,5] (5)   14262.7
[40,50]   [20,40,5] (10)   14491.9
[40,50]   [20,40,5] (15)   14138
[40,50]   [20,40,5] (20)   14401.9
[40,50]   [20,40,5] (25)   14148.5
[40,50]   [20,40,5] (30)   14134.7
[40,50]   [20,40,10] (0)   14182.9
[40,50]   [20,40,10] (5)   14101.8
[40,50]   [20,40,10] (10)   14052.1
[40,50]   [20,40,10] (15)   14180.4
[40,50]   [20,40,10] (20)   14153.3
[40,50]   [20,40,10] (25)   14235.1
[40,50]   [20,40,10] (30)   14389.3
[40,50]   [20,40,15] (0)   14608.6
[40,50]   [20,40,15] (5)   14037
[40,50]   [20,40,15] (10)   13982.9
[40,50]   [20,40,15] (15)   13951
[40,50]   [20,40,15] (20)   14032.7
[40,50]   [20,40,15] (25)   14209.9
[40,50]   [20,40,15] (30)   14306
[40,50]   [20,40,20] (0)   14537.7
[40,50]   [20,40,20] (5)   13917.9
[40,50]   [20,40,20] (10)   14310.9
[40,50]   [20,40,20] (15)   14408.8
[40,50]   [20,40,20] (20)   14156.6
[40,50]   [20,40,20] (25)   14297
[40,50]   [20,40,20] (30)   13989
[40,50]   [20,50,5] (0)   22566
[40,50]   [20,50,5] (5)   21932.8
[40,50]   [20,50,5] (10)   21693.1
[40,50]   [20,50,5] (15)   22284.5
[40,50]   [20,50,5] (20)   22128.6
[40,50]   [20,50,5] (25)   22509.4
[40,50]   [20,50,5] (30)   22118.3
[40,50]   [20,50,10] (0)   22371.1
[40,50]   [20,50,10] (5)   22687.1
[40,50]   [20,50,10] (10)   21906.1
[40,50]   [20,50,10] (15)   22105.3
[40,50]   [20,50,10] (20)   22619.6
[40,50]   [20,50,10] (25)   22231.3
[40,50]   [20,50,10] (30)   22128.8
[40,50]   [20,50,15] (0)   21930.6
[40,50]   [20,50,15] (5)   22229.6
[40,50]   [20,50,15] (10)   22108.1
[40,50]   [20,50,15] (15)   21912.6
[40,50]   [20,50,15] (20)   22104.2
[40,50]   [20,50,15] (25)   21763.7
[40,50]   [20,50,15] (30)   22156
[40,50]   [20,50,20] (0)   22365.6
[40,50]   [20,50,20] (5)   22121.6
[40,50]   [20,50,20] (10)   22193.4
[40,50]   [20,50,20] (15)   22208.2
[40,50]   [20,50,20] (20)   22499.7
[40,50]   [20,50,20] (25)   22025.7
[40,50]   [20,50,20] (30)   21754.5
[40,50]   [20,60,5] (0)   28231.8
[40,50]   [20,60,5] (5)   29215.8
[40,50]   [20,60,5] (10)   28251.1
[40,50]   [20,60,5] (15)   28869.3
[40,50]   [20,60,5] (20)   28859.7
[40,50]   [20,60,5] (25)   28169.2
[40,50]   [20,60,5] (30)   28572.2
[40,50]   [20,60,10] (0)   28487.4
[40,50]   [20,60,10] (5)   28371.4
[40,50]   [20,60,10] (10)   28496.6
[40,50]   [20,60,10] (15)   28315.7
[40,50]   [20,60,10] (20)   27972.1
[40,50]   [20,60,10] (25)   29037.8
[40,50]   [20,60,10] (30)   28459.2
[40,50]   [20,60,15] (0)   28399.1
[40,50]   [20,60,15] (5)   28121.3
[40,50]   [20,60,15] (10)   28036.3
[40,50]   [20,60,15] (15)   28271.7
[40,50]   [20,60,15] (20)   27877
[40,50]   [20,60,15] (25)   27835.7
[40,50]   [20,60,15] (30)   28827.6
[40,50]   [20,60,20] (0)   28220.1
[40,50]   [20,60,20] (5)   28175.1
[40,50]   [20,60,20] (10)   29008.7
[40,50]   [20,60,20] (15)   27718.3
[40,50]   [20,60,20] (20)   28163.9
[40,50]   [20,60,20] (25)   28279.3
[40,50]   [20,60,20] (30)   28858.3
[40,50]   [30,10,5] (0)   16002.3
[40,50]   [30,10,5] (5)   6841.38
[40,50]   [30,10,5] (10)   93.1618
[40,50]   [30,10,5] (15)   85.3115
[40,50]   [30,10,5] (20)   87.5289
[40,50]   [30,10,5] (25)   95.0535
[40,50]   [30,10,5] (30)   105.443
[40,50]   [30,10,10] (0)   16261
[40,50]   [30,10,10] (5)   8912.59
[40,50]   [30,10,10] (10)   490.607
[40,50]   [30,10,10] (15)   474.529
[40,50]   [30,10,10] (20)   472.684
[40,50]   [30,10,10] (25)   415.155
[40,50]   [30,10,10] (30)   392.695
[40,50]   [30,10,15] (0)   16022.9
[40,50]   [30,10,15] (5)   3865.24
[40,50]   [30,10,15] (10)   115.164
[40,50]   [30,10,15] (15)   114.136
[40,50]   [30,10,15] (20)   116.203
[40,50]   [30,10,15] (25)   123.59
[40,50]   [30,10,15] (30)   132.155
[40,50]   [30,10,20] (0)   15681.2
[40,50]   [30,10,20] (5)   3675.79
[40,50]   [30,10,20] (10)   565.297
[40,50]   [30,10,20] (15)   625.67
[40,50]   [30,10,20] (20)   589.828
[40,50]   [30,10,20] (25)   534.326
[40,50]   [30,10,20] (30)   619.153
[40,50]   [30,20,5] (0)   7115.58
[40,50]   [30,20,5] (5)   6844.92
[40,50]   [30,20,5] (10)   3604.33
[40,50]   [30,20,5] (15)   113.778
[40,50]   [30,20,5] (20)   101.041
[40,50]   [30,20,5] (25)   105.019
[40,50]   [30,20,5] (30)   113.776
[40,50]   [30,20,10] (0)   7199.83
[40,50]   [30,20,10] (5)   6874.83
[40,50]   [30,20,10] (10)   4846.65
[40,50]   [30,20,10] (15)   591.939
[40,50]   [30,20,10] (20)   522.044
[40,50]   [30,20,10] (25)   450.998
[40,50]   [30,20,10] (30)   506.624
[40,50]   [30,20,15] (0)   7119.13
[40,50]   [30,20,15] (5)   7210.78
[40,50]   [30,20,15] (10)   2867.57
[40,50]   [30,20,15] (15)   132.285
[40,50]   [30,20,15] (20)   129.898
[40,50]   [30,20,15] (25)   136.784
[40,50]   [30,20,15] (30)   144.407
[40,50]   [30,20,20] (0)   7377.47
[40,50]   [30,20,20] (5)   6937.9
[40,50]   [30,20,20] (10)   3451.5
[40,50]   [30,20,20] (15)   622.101
[40,50]   [30,20,20] (20)   536.66
[40,50]   [30,20,20] (25)   557.609
[40,50]   [30,20,20] (30)   594.614
[40,50]   [30,30,5] (0)   747.289
[40,50]   [30,30,5] (5)   787.448
[40,50]   [30,30,5] (10)   694.462
[40,50]   [30,30,5] (15)   231.905
[40,50]   [30,30,5] (20)   131.323
[40,50]   [30,30,5] (25)   127.581
[40,50]   [30,30,5] (30)   135.997
[40,50]   [30,30,10] (0)   668.861
[40,50]   [30,30,10] (5)   851.205
[40,50]   [30,30,10] (10)   770.845
[40,50]   [30,30,10] (15)   753.138
[40,50]   [30,30,10] (20)   621.18
[40,50]   [30,30,10] (25)   647.275
[40,50]   [30,30,10] (30)   648.608
[40,50]   [30,30,15] (0)   787.031
[40,50]   [30,30,15] (5)   782.752
[40,50]   [30,30,15] (10)   815.891
[40,50]   [30,30,15] (15)   230.264
[40,50]   [30,30,15] (20)   162.54
[40,50]   [30,30,15] (25)   165.056
[40,50]   [30,30,15] (30)   172.11
[40,50]   [30,30,20] (0)   797.776
[40,50]   [30,30,20] (5)   719.542
[40,50]   [30,30,20] (10)   711.514
[40,50]   [30,30,20] (15)   748.58
[40,50]   [30,30,20] (20)   703.238
[40,50]   [30,30,20] (25)   635.319
[40,50]   [30,30,20] (30)   645.916
[40,50]   [30,40,5] (0)   4288.39
[40,50]   [30,40,5] (5)   4347.38
[40,50]   [30,40,5] (10)   4179.77
[40,50]   [30,40,5] (15)   4183.71
[40,50]   [30,40,5] (20)   4213.93
[40,50]   [30,40,5] (25)   4384.53
[40,50]   [30,40,5] (30)   4044.73
[40,50]   [30,40,10] (0)   4173.13
[40,50]   [30,40,10] (5)   4338.74
[40,50]   [30,40,10] (10)   4217.71
[40,50]   [30,40,10] (15)   4229.11
[40,50]   [30,40,10] (20)   4196.19
[40,50]   [30,40,10] (25)   4120.36
[40,50]   [30,40,10] (30)   4288.16
[40,50]   [30,40,15] (0)   4261.24
[40,50]   [30,40,15] (5)   3989.34
[40,50]   [30,40,15] (10)   4211.23
[40,50]   [30,40,15] (15)   4344.95
[40,50]   [30,40,15] (20)   4112.44
[40,50]   [30,40,15] (25)   4202.42
[40,50]   [30,40,15] (30)   4295.56
[40,50]   [30,40,20] (0)   4207.23
[40,50]   [30,40,20] (5)   4224.86
[40,50]   [30,40,20] (10)   4357.75
[40,50]   [30,40,20] (15)   4044.03
[40,50]   [30,40,20] (20)   4321.54
[40,50]   [30,40,20] (25)   4068.04
[40,50]   [30,40,20] (30)   4230.26
[40,50]   [30,50,5] (0)   11636.4
[40,50]   [30,50,5] (5)   11772.2
[40,50]   [30,50,5] (10)   11784.5
[40,50]   [30,50,5] (15)   11296.2
[40,50]   [30,50,5] (20)   11846.8
[40,50]   [30,50,5] (25)   11866.6
[40,50]   [30,50,5] (30)   11535.4
[40,50]   [30,50,10] (0)   12014.4
[40,50]   [30,50,10] (5)   11819.4
[40,50]   [30,50,10] (10)   11700.9
[40,50]   [30,50,10] (15)   11831.4
[40,50]   [30,50,10] (20)   11523
[40,50]   [30,50,10] (25)   11678.3
[40,50]   [30,50,10] (30)   11869
[40,50]   [30,50,15] (0)   11863.5
[40,50]   [30,50,15] (5)   11725.9
[40,50]   [30,50,15] (10)   11987.3
[40,50]   [30,50,15] (15)   11866.5
[40,50]   [30,50,15] (20)   11761.8
[40,50]   [30,50,15] (25)   11553.7
[40,50]   [30,50,15] (30)   11711.6
[40,50]   [30,50,20] (0)   11780
[40,50]   [30,50,20] (5)   11716.5
[40,50]   [30,50,20] (10)   11707
[40,50]   [30,50,20] (15)   11471.2
[40,50]   [30,50,20] (20)   11920.1
[40,50]   [30,50,20] (25)   11788.6
[40,50]   [30,50,20] (30)   11459.7
[40,50]   [30,60,5] (0)   22938
[40,50]   [30,60,5] (5)   22776.7
[40,50]   [30,60,5] (10)   22875.2
[40,50]   [30,60,5] (15)   22652.3
[40,50]   [30,60,5] (20)   22827.5
[40,50]   [30,60,5] (25)   22655.9
[40,50]   [30,60,5] (30)   22295.3
[40,50]   [30,60,10] (0)   22625
[40,50]   [30,60,10] (5)   22699.4
[40,50]   [30,60,10] (10)   22540
[40,50]   [30,60,10] (15)   22833.4
[40,50]   [30,60,10] (20)   22649
[40,50]   [30,60,10] (25)   22778.2
[40,50]   [30,60,10] (30)   22978.5
[40,50]   [30,60,15] (0)   23214.2
[40,50]   [30,60,15] (5)   22784.1
[40,50]   [30,60,15] (10)   22456.4
[40,50]   [30,60,15] (15)   22354.9
[40,50]   [30,60,15] (20)   22861.9
[40,50]   [30,60,15] (25)   22913.7
[40,50]   [30,60,15] (30)   22857.6
[40,50]   [30,60,20] (0)   22822.8
[40,50]   [30,60,20] (5)   22647.2
[40,50]   [30,60,20] (10)   22506
[40,50]   [30,60,20] (15)   22815.9
[40,50]   [30,60,20] (20)   22792.2
[40,50]   [30,60,20] (25)   22899.5
[40,50]   [30,60,20] (30)   22594.7
[40,50]   [40,10,5] (0)   21601.6
[40,50]   [40,10,5] (5)   12428.8
[40,50]   [40,10,5] (10)   147.848
[40,50]   [40,10,5] (15)   92.9292
[40,50]   [40,10,5] (20)   91.9345
[40,50]   [40,10,5] (25)   96.0295
[40,50]   [40,10,5] (30)   101.746
[40,50]   [40,10,10] (0)   22037
[40,50]   [40,10,10] (5)   14253.8
[40,50]   [40,10,10] (10)   4155.31
[40,50]   [40,10,10] (15)   515.172
[40,50]   [40,10,10] (20)   506.395
[40,50]   [40,10,10] (25)   509.005
[40,50]   [40,10,10] (30)   397.229
[40,50]   [40,10,15] (0)   20829.6
[40,50]   [40,10,15] (5)   8511.87
[40,50]   [40,10,15] (10)   1400.19
[40,50]   [40,10,15] (15)   125.587
[40,50]   [40,10,15] (20)   121.723
[40,50]   [40,10,15] (25)   124.375
[40,50]   [40,10,15] (30)   129.593
[40,50]   [40,10,20] (0)   22179.5
[40,50]   [40,10,20] (5)   10102.6
[40,50]   [40,10,20] (10)   588.158
[40,50]   [40,10,20] (15)   642.435
[40,50]   [40,10,20] (20)   561.484
[40,50]   [40,10,20] (25)   578.135
[40,50]   [40,10,20] (30)   580.348
[40,50]   [40,20,5] (0)   14632.3
[40,50]   [40,20,5] (5)   14722.7
[40,50]   [40,20,5] (10)   8861.91
[40,50]   [40,20,5] (15)   200.307
[40,50]   [40,20,5] (20)   106.498
[40,50]   [40,20,5] (25)   105.499
[40,50]   [40,20,5] (30)   108.213
[40,50]   [40,20,10] (0)   15449.1
[40,50]   [40,20,10] (5)   15183.2
[40,50]   [40,20,10] (10)   11987.9
[40,50]   [40,20,10] (15)   1788.31
[40,50]   [40,20,10] (20)   612.394
[40,50]   [40,20,10] (25)   575.677
[40,50]   [40,20,10] (30)   493.527
[40,50]   [40,20,15] (0)   14831.3
[40,50]   [40,20,15] (5)   13988.6
[40,50]   [40,20,15] (10)   9755.58
[40,50]   [40,20,15] (15)   156.476
[40,50]   [40,20,15] (20)   137.573
[40,50]   [40,20,15] (25)   128.489
[40,50]   [40,20,15] (30)   133.124
[40,50]   [40,20,20] (0)   14209.1
[40,50]   [40,20,20] (5)   14882
[40,50]   [40,20,20] (10)   9962.01
[40,50]   [40,20,20] (15)   654.709
[40,50]   [40,20,20] (20)   628.906
[40,50]   [40,20,20] (25)   721.345
[40,50]   [40,20,20] (30)   623.351
[40,50]   [40,30,5] (0)   5871.42
[40,50]   [40,30,5] (5)   5861.01
[40,50]   [40,30,5] (10)   6087.07
[40,50]   [40,30,5] (15)   4460.43
[40,50]   [40,30,5] (20)   153.501
[40,50]   [40,30,5] (25)   122.737
[40,50]   [40,30,5] (30)   120.497
[40,50]   [40,30,10] (0)   5758.9
[40,50]   [40,30,10] (5)   6100.68
[40,50]   [40,30,10] (10)   5760.75
[40,50]   [40,30,10] (15)   4904.88
[40,50]   [40,30,10] (20)   680.5
[40,50]   [40,30,10] (25)   677.87
[40,50]   [40,30,10] (30)   633.734
[40,50]   [40,30,15] (0)   6200.8
[40,50]   [40,30,15] (5)   5799.2
[40,50]   [40,30,15] (10)   5628.94
[40,50]   [40,30,15] (15)   3762.9
[40,50]   [40,30,15] (20)   193.93
[40,50]   [40,30,15] (25)   156.538
[40,50]   [40,30,15] (30)   159.03
[40,50]   [40,30,20] (0)   6192.5
[40,50]   [40,30,20] (5)   6012.56
[40,50]   [40,30,20] (10)   6060.68
[40,50]   [40,30,20] (15)   4147.48
[40,50]   [40,30,20] (20)   539.744
[40,50]   [40,30,20] (25)   723.906
[40,50]   [40,30,20] (30)   648.187
[40,50]   [40,40,5] (0)   793.834
[40,50]   [40,40,5] (5)   732.672
[40,50]   [40,40,5] (10)   772.612
[40,50]   [40,40,5] (15)   874.112
[40,50]   [40,40,5] (20)   815.853
[40,50]   [40,40,5] (25)   190.396
[40,50]   [40,40,5] (30)   152.212
[40,50]   [40,40,10] (0)   908.576
[40,50]   [40,40,10] (5)   802.343
[40,50]   [40,40,10] (10)   863.277
[40,50]   [40,40,10] (15)   781.638
[40,50]   [40,40,10] (20)   780.257
[40,50]   [40,40,10] (25)   663.487
[40,50]   [40,40,10] (30)   771.857
[40,50]   [40,40,15] (0)   745.727
[40,50]   [40,40,15] (5)   749.878
[40,50]   [40,40,15] (10)   858.807
[40,50]   [40,40,15] (15)   843.765
[40,50]   [40,40,15] (20)   739.698
[40,50]   [40,40,15] (25)   439.018
[40,50]   [40,40,15] (30)   333.272
[40,50]   [40,40,20] (0)   781
[40,50]   [40,40,20] (5)   832.518
[40,50]   [40,40,20] (10)   789.396
[40,50]   [40,40,20] (15)   896.355
[40,50]   [40,40,20] (20)   838.316
[40,50]   [40,40,20] (25)   805.848
[40,50]   [40,40,20] (30)   759.492
[40,50]   [40,50,5] (0)   10439.9
[40,50]   [40,50,5] (5)   10921
[40,50]   [40,50,5] (10)   10652.8
[40,50]   [40,50,5] (15)   10690.7
[40,50]   [40,50,5] (20)   10694.3
[40,50]   [40,50,5] (25)   10375.8
[40,50]   [40,50,5] (30)   10656.3
[40,50]   [40,50,10] (0)   10550
[40,50]   [40,50,10] (5)   10313.4
[40,50]   [40,50,10] (10)   10682.6
[40,50]   [40,50,10] (15)   10652.6
[40,50]   [40,50,10] (20)   10459.7
[40,50]   [40,50,10] (25)   10657.1
[40,50]   [40,50,10] (30)   9939.64
[40,50]   [40,50,15] (0)   10649
[40,50]   [40,50,15] (5)   10618.2
[40,50]   [40,50,15] (10)   10889.9
[40,50]   [40,50,15] (15)   10893.1
[40,50]   [40,50,15] (20)   10657.5
[40,50]   [40,50,15] (25)   10707.5
[40,50]   [40,50,15] (30)   10896.2
[40,50]   [40,50,20] (0)   10481.4
[40,50]   [40,50,20] (5)   10441.6
[40,50]   [40,50,20] (10)   10757.4
[40,50]   [40,50,20] (15)   10874.2
[40,50]   [40,50,20] (20)   10664.6
[40,50]   [40,50,20] (25)   10784
[40,50]   [40,50,20] (30)   10764.3
[40,50]   [40,60,5] (0)   9984.34
[40,50]   [40,60,5] (5)   9991.53
[40,50]   [40,60,5] (10)   10042.8
[40,50]   [40,60,5] (15)   9774.64
[40,50]   [40,60,5] (20)   10207.9
[40,50]   [40,60,5] (25)   10204.4
[40,50]   [40,60,5] (30)   10161.1
[40,50]   [40,60,10] (0)   9744.15
[40,50]   [40,60,10] (5)   10318.3
[40,50]   [40,60,10] (10)   10218.2
[40,50]   [40,60,10] (15)   10115.2
[40,50]   [40,60,10] (20)   10128.5
[40,50]   [40,60,10] (25)   9774.68
[40,50]   [40,60,10] (30)   9974.17
[40,50]   [40,60,15] (0)   9943.87
[40,50]   [40,60,15] (5)   10038.7
[40,50]   [40,60,15] (10)   10143.5
[40,50]   [40,60,15] (15)   9771.23
[40,50]   [40,60,15] (20)   9921.7
[40,50]   [40,60,15] (25)   9847.59
[40,50]   [40,60,15] (30)   10022.6
[40,50]   [40,60,20] (0)   10135.6
[40,50]   [40,60,20] (5)   9991.07
[40,50]   [40,60,20] (10)   10024.3
[40,50]   [40,60,20] (15)   10291.6
[40,50]   [40,60,20] (20)   9801.94
[40,50]   [40,60,20] (25)   10007.6
[40,50]   [40,60,20] (30)   9885.22
[40,50]   [50,10,5] (0)   26380.4
[40,50]   [50,10,5] (5)   17648.2
[40,50]   [50,10,5] (10)   2539.56
[40,50]   [50,10,5] (15)   100.021
[40,50]   [50,10,5] (20)   97.0661
[40,50]   [50,10,5] (25)   99.5933
[40,50]   [50,10,5] (30)   104.006
[40,50]   [50,10,10] (0)   26738.9
[40,50]   [50,10,10] (5)   20139.6
[40,50]   [50,10,10] (10)   8838.23
[40,50]   [50,10,10] (15)   1796.09
[40,50]   [50,10,10] (20)   606.812
[40,50]   [50,10,10] (25)   604.045
[40,50]   [50,10,10] (30)   661.163
[40,50]   [50,10,15] (0)   25445.7
[40,50]   [50,10,15] (5)   13930
[40,50]   [50,10,15] (10)   6001.63
[40,50]   [50,10,15] (15)   154.209
[40,50]   [50,10,15] (20)   130.612
[40,50]   [50,10,15] (25)   130.297
[40,50]   [50,10,15] (30)   132.955
[40,50]   [50,10,20] (0)   26224.3
[40,50]   [50,10,20] (5)   17237.1
[40,50]   [50,10,20] (10)   4088.06
[40,50]   [50,10,20] (15)   1998.72
[40,50]   [50,10,20] (20)   803.563
[40,50]   [50,10,20] (25)   757.615
[40,50]   [50,10,20] (30)   736.306
[40,50]   [50,20,5] (0)   19303.9
[40,50]   [50,20,5] (5)   20601.3
[40,50]   [50,20,5] (10)   14376.9
[40,50]   [50,20,5] (15)   2929.86
[40,50]   [50,20,5] (20)   118.119
[40,50]   [50,20,5] (25)   108.752
[40,50]   [50,20,5] (30)   109.911
[40,50]   [50,20,10] (0)   19648.4
[40,50]   [50,20,10] (5)   19638.3
[40,50]   [50,20,10] (10)   16943.5
[40,50]   [50,20,10] (15)   6554.47
[40,50]   [50,20,10] (20)   823.072
[40,50]   [50,20,10] (25)   710.803
[40,50]   [50,20,10] (30)   700.161
[40,50]   [50,20,15] (0)   19499
[40,50]   [50,20,15] (5)   19773.8
[40,50]   [50,20,15] (10)   12816.4
[40,50]   [50,20,15] (15)   2937.93
[40,50]   [50,20,15] (20)   159.639
[40,50]   [50,20,15] (25)   140.112
[40,50]   [50,20,15] (30)   142.127
[40,50]   [50,20,20] (0)   18770.7
[40,50]   [50,20,20] (5)   18868.6
[40,50]   [50,20,20] (10)   15736.8
[40,50]   [50,20,20] (15)   811.67
[40,50]   [50,20,20] (20)   924.61
[40,50]   [50,20,20] (25)   950.823
[40,50]   [50,20,20] (30)   908
[40,50]   [50,30,5] (0)   12388.2
[40,50]   [50,30,5] (5)   11681
[40,50]   [50,30,5] (10)   12233
[40,50]   [50,30,5] (15)   10014.5
[40,50]   [50,30,5] (20)   1251.57
[40,50]   [50,30,5] (25)   128.458
[40,50]   [50,30,5] (30)   120.082
[40,50]   [50,30,10] (0)   12417.6
[40,50]   [50,30,10] (5)   12483.5
[40,50]   [50,30,10] (10)   11761.9
[40,50]   [50,30,10] (15)   11268.3
[40,50]   [50,30,10] (20)   3325.64
[40,50]   [50,30,10] (25)   921.706
[40,50]   [50,30,10] (30)   743.65
[40,50]   [50,30,15] (0)   12074.8
[40,50]   [50,30,15] (5)   11733.9
[40,50]   [50,30,15] (10)   12268.3
[40,50]   [50,30,15] (15)   9108.45
[40,50]   [50,30,15] (20)   348.633
[40,50]   [50,30,15] (25)   172.01
[40,50]   [50,30,15] (30)   160.206
[40,50]   [50,30,20] (0)   11391
[40,50]   [50,30,20] (5)   11746.5
[40,50]   [50,30,20] (10)   12642.7
[40,50]   [50,30,20] (15)   10153.6
[40,50]   [50,30,20] (20)   922.123
[40,50]   [50,30,20] (25)   953.801
[40,50]   [50,30,20] (30)   879.747
[40,50]   [50,40,5] (0)   5787.41
[40,50]   [50,40,5] (5)   5915.58
[40,50]   [50,40,5] (10)   6030.76
[40,50]   [50,40,5] (15)   5774.49
[40,50]   [50,40,5] (20)   5298.16
[40,50]   [50,40,5] (25)   405.499
[40,50]   [50,40,5] (30)   150.363
[40,50]   [50,40,10] (0)   6273.58
[40,50]   [50,40,10] (5)   6180.45
[40,50]   [50,40,10] (10)   6293.14
[40,50]   [50,40,10] (15)   5912.59
[40,50]   [50,40,10] (20)   5397.89
[40,50]   [50,40,10] (25)   1281.64
[40,50]   [50,40,10] (30)   748.515
[40,50]   [50,40,15] (0)   6026.53
[40,50]   [50,40,15] (5)   5770.92
[40,50]   [50,40,15] (10)   5731.99
[40,50]   [50,40,15] (15)   6104.7
[40,50]   [50,40,15] (20)   5011.21
[40,50]   [50,40,15] (25)   564.96
[40,50]   [50,40,15] (30)   300.19
[40,50]   [50,40,20] (0)   6164.46
[40,50]   [50,40,20] (5)   6087.62
[40,50]   [50,40,20] (10)   6101.24
[40,50]   [50,40,20] (15)   5891.32
[40,50]   [50,40,20] (20)   4894.47
[40,50]   [50,40,20] (25)   1150.29
[40,50]   [50,40,20] (30)   1070.48
[40,50]   [50,50,5] (0)   1351.44
[40,50]   [50,50,5] (5)   1339.01
[40,50]   [50,50,5] (10)   1233.33
[40,50]   [50,50,5] (15)   1366.72
[40,50]   [50,50,5] (20)   1332.57
[40,50]   [50,50,5] (25)   1149.23
[40,50]   [50,50,5] (30)   569.174
[40,50]   [50,50,10] (0)   1290.73
[40,50]   [50,50,10] (5)   1401.33
[40,50]   [50,50,10] (10)   1359.8
[40,50]   [50,50,10] (15)   1388.5
[40,50]   [50,50,10] (20)   1245.34
[40,50]   [50,50,10] (25)   1331.62
[40,50]   [50,50,10] (30)   1260.16
[40,50]   [50,50,15] (0)   1365.87
[40,50]   [50,50,15] (5)   1400.03
[40,50]   [50,50,15] (10)   1398.97
[40,50]   [50,50,15] (15)   1210.66
[40,50]   [50,50,15] (20)   1445.93
[40,50]   [50,50,15] (25)   1252.95
[40,50]   [50,50,15] (30)   907.399
[40,50]   [50,50,20] (0)   1370.53
[40,50]   [50,50,20] (5)   1304.73
[40,50]   [50,50,20] (10)   1429.56
[40,50]   [50,50,20] (15)   1351.92
[40,50]   [50,50,20] (20)   1389.37
[40,50]   [50,50,20] (25)   1399.94
[40,50]   [50,50,20] (30)   1229.17
[40,50]   [50,60,5] (0)   2907.58
[40,50]   [50,60,5] (5)   2786.88
[40,50]   [50,60,5] (10)   2653.31
[40,50]   [50,60,5] (15)   2745.23
[40,50]   [50,60,5] (20)   2755.14
[40,50]   [50,60,5] (25)   2697.84
[40,50]   [50,60,5] (30)   2594.59
[40,50]   [50,60,10] (0)   2646.57
[40,50]   [50,60,10] (5)   2598.74
[40,50]   [50,60,10] (10)   2851.63
[40,50]   [50,60,10] (15)   2622.6
[40,50]   [50,60,10] (20)   2683.29
[40,50]   [50,60,10] (25)   2757.47
[40,50]   [50,60,10] (30)   2821.6
[40,50]   [50,60,15] (0)   2717.05
[40,50]   [50,60,15] (5)   2897.09
[40,50]   [50,60,15] (10)   2842.45
[40,50]   [50,60,15] (15)   2797.71
[40,50]   [50,60,15] (20)   2733.92
[40,50]   [50,60,15] (25)   2856.43
[40,50]   [50,60,15] (30)   2722.63
[40,50]   [50,60,20] (0)   2712.6
[40,50]   [50,60,20] (5)   2697.69
[40,50]   [50,60,20] (10)   2819.58
[40,50]   [50,60,20] (15)   2762.46
[40,50]   [50,60,20] (20)   2784.57
[40,50]   [50,60,20] (25)   2508.8
[40,50]   [50,60,20] (30)   2878.42
[40,50]   [60,10,5] (0)   33255.6
[40,50]   [60,10,5] (5)   20992.9
[40,50]   [60,10,5] (10)   5638.39
[40,50]   [60,10,5] (15)   115.567
[40,50]   [60,10,5] (20)   101.646
[40,50]   [60,10,5] (25)   103.148
[40,50]   [60,10,5] (30)   106.928
[40,50]   [60,10,10] (0)   32621.3
[40,50]   [60,10,10] (5)   24615.1
[40,50]   [60,10,10] (10)   13281.5
[40,50]   [60,10,10] (15)   5759.01
[40,50]   [60,10,10] (20)   789.219
[40,50]   [60,10,10] (25)   690.194
[40,50]   [60,10,10] (30)   687.724
[40,50]   [60,10,15] (0)   32624.9
[40,50]   [60,10,15] (5)   18873.9
[40,50]   [60,10,15] (10)   10824.3
[40,50]   [60,10,15] (15)   3074.59
[40,50]   [60,10,15] (20)   156.497
[40,50]   [60,10,15] (25)   141.142
[40,50]   [60,10,15] (30)   142.975
[40,50]   [60,10,20] (0)   33927.5
[40,50]   [60,10,20] (5)   20519.3
[40,50]   [60,10,20] (10)   7547.91
[40,50]   [60,10,20] (15)   7476.46
[40,50]   [60,10,20] (20)   957.52
[40,50]   [60,10,20] (25)   909.096
[40,50]   [60,10,20] (30)   850.331
[40,50]   [60,20,5] (0)   23968
[40,50]   [60,20,5] (5)   24331.2
[40,50]   [60,20,5] (10)   19337.5
[40,50]   [60,20,5] (15)   6586.7
[40,50]   [60,20,5] (20)   139.604
[40,50]   [60,20,5] (25)   113.565
[40,50]   [60,20,5] (30)   113.781
[40,50]   [60,20,10] (0)   24608.9
[40,50]   [60,20,10] (5)   24567.4
[40,50]   [60,20,10] (10)   22255.6
[40,50]   [60,20,10] (15)   11591.7
[40,50]   [60,20,10] (20)   4470.61
[40,50]   [60,20,10] (25)   812.216
[40,50]   [60,20,10] (30)   742.693
[40,50]   [60,20,15] (0)   24869.2
[40,50]   [60,20,15] (5)   23752.5
[40,50]   [60,20,15] (10)   18012.2
[40,50]   [60,20,15] (15)   8000.3
[40,50]   [60,20,15] (20)   1924.51
[40,50]   [60,20,15] (25)   156.842
[40,50]   [60,20,15] (30)   151.304
[40,50]   [60,20,20] (0)   25196.2
[40,50]   [60,20,20] (5)   25960.5
[40,50]   [60,20,20] (10)   20879.1
[40,50]   [60,20,20] (15)   6281.86
[40,50]   [60,20,20] (20)   3147.19
[40,50]   [60,20,20] (25)   1131.97
[40,50]   [60,20,20] (30)   978.31
[40,50]   [60,30,5] (0)   19978.3
[40,50]   [60,30,5] (5)   19939.6
[40,50]   [60,30,5] (10)   18758.8
[40,50]   [60,30,5] (15)   15124.6
[40,50]   [60,30,5] (20)   4989.75
[40,50]   [60,30,5] (25)   141.36
[40,50]   [60,30,5] (30)   126.097
[40,50]   [60,30,10] (0)   20427.6
[40,50]   [60,30,10] (5)   19590.2
[40,50]   [60,30,10] (10)   18611.3
[40,50]   [60,30,10] (15)   16281.5
[40,50]   [60,30,10] (20)   7772.5
[40,50]   [60,30,10] (25)   1388.37
[40,50]   [60,30,10] (30)   837.005
[40,50]   [60,30,15] (0)   19884.2
[40,50]   [60,30,15] (5)   19996.4
[40,50]   [60,30,15] (10)   19120.6
[40,50]   [60,30,15] (15)   14644.6
[40,50]   [60,30,15] (20)   4701.64
[40,50]   [60,30,15] (25)   219.694
[40,50]   [60,30,15] (30)   172.327
[40,50]   [60,30,20] (0)   18401.2
[40,50]   [60,30,20] (5)   19612.8
[40,50]   [60,30,20] (10)   20761.1
[40,50]   [60,30,20] (15)   15247.4
[40,50]   [60,30,20] (20)   3507.7
[40,50]   [60,30,20] (25)   1094.69
[40,50]   [60,30,20] (30)   1180.17
[40,50]   [60,40,5] (0)   11089.6
[40,50]   [60,40,5] (5)   11418.7
[40,50]   [60,40,5] (10)   10438
[40,50]   [60,40,5] (15)   10884.3
[40,50]   [60,40,5] (20)   10819.6
[40,50]   [60,40,5] (25)   3893.18
[40,50]   [60,40,5] (30)   163.329
[40,50]   [60,40,10] (0)   11391.6
[40,50]   [60,40,10] (5)   10897.2
[40,50]   [60,40,10] (10)   10296.6
[40,50]   [60,40,10] (15)   11454.4
[40,50]   [60,40,10] (20)   10136.2
[40,50]   [60,40,10] (25)   5540.03
[40,50]   [60,40,10] (30)   1034.32
[40,50]   [60,40,15] (0)   11052.2
[40,50]   [60,40,15] (5)   10711.7
[40,50]   [60,40,15] (10)   10817
[40,50]   [60,40,15] (15)   11234.8
[40,50]   [60,40,15] (20)   9761.05
[40,50]   [60,40,15] (25)   2757.38
[40,50]   [60,40,15] (30)   361.027
[40,50]   [60,40,20] (0)   11314.8
[40,50]   [60,40,20] (5)   10931.4
[40,50]   [60,40,20] (10)   10797.2
[40,50]   [60,40,20] (15)   11194
[40,50]   [60,40,20] (20)   9914.71
[40,50]   [60,40,20] (25)   2312.66
[40,50]   [60,40,20] (30)   1138.28
[40,50]   [60,50,5] (0)   5008.3
[40,50]   [60,50,5] (5)   5213.32
[40,50]   [60,50,5] (10)   4961.06
[40,50]   [60,50,5] (15)   5420.71
[40,50]   [60,50,5] (20)   5253.49
[40,50]   [60,50,5] (25)   5177.54
[40,50]   [60,50,5] (30)   1721.11
[40,50]   [60,50,10] (0)   5340.7
[40,50]   [60,50,10] (5)   5167.49
[40,50]   [60,50,10] (10)   5553.25
[40,50]   [60,50,10] (15)   5203.05
[40,50]   [60,50,10] (20)   5430.28
[40,50]   [60,50,10] (25)   5202.85
[40,50]   [60,50,10] (30)   2533.73
[40,50]   [60,50,15] (0)   5282.5
[40,50]   [60,50,15] (5)   5111.98
[40,50]   [60,50,15] (10)   5197.59
[40,50]   [60,50,15] (15)   5178.04
[40,50]   [60,50,15] (20)   5362.78
[40,50]   [60,50,15] (25)   5013.14
[40,50]   [60,50,15] (30)   1170.48
[40,50]   [60,50,20] (0)   5471.17
[40,50]   [60,50,20] (5)   4980.25
[40,50]   [60,50,20] (10)   5121.24
[40,50]   [60,50,20] (15)   5086.06
[40,50]   [60,50,20] (20)   5339.76
[40,50]   [60,50,20] (25)   4983.41
[40,50]   [60,50,20] (30)   1538.39
[40,50]   [60,60,5] (0)   2343.58
[40,50]   [60,60,5] (5)   2353.37
[40,50]   [60,60,5] (10)   2295.03
[40,50]   [60,60,5] (15)   2340.02
[40,50]   [60,60,5] (20)   2411.32
[40,50]   [60,60,5] (25)   2113.39
[40,50]   [60,60,5] (30)   1519.76
[40,50]   [60,60,10] (0)   2349.6
[40,50]   [60,60,10] (5)   2339.02
[40,50]   [60,60,10] (10)   2347.87
[40,50]   [60,60,10] (15)   2386.31
[40,50]   [60,60,10] (20)   2190.13
[40,50]   [60,60,10] (25)   2303.29
[40,50]   [60,60,10] (30)   1655.76
[40,50]   [60,60,15] (0)   2274.6
[40,50]   [60,60,15] (5)   2271.25
[40,50]   [60,60,15] (10)   2211.44
[40,50]   [60,60,15] (15)   2333.79
[40,50]   [60,60,15] (20)   2368.85
[40,50]   [60,60,15] (25)   2324.06
[40,50]   [60,60,15] (30)   1644.05
[40,50]   [60,60,20] (0)   2319.15
[40,50]   [60,60,20] (5)   2292.52
[40,50]   [60,60,20] (10)   2234.69
[40,50]   [60,60,20] (15)   2333.9
[40,50]   [60,60,20] (20)   2310.04
[40,50]   [60,60,20] (25)   2377
[40,50]   [60,60,20] (30)   1775.64
