[90,40]   [10,10,5] (0)   92.5897
[90,40]   [10,10,5] (5)   62.9879
[90,40]   [10,10,5] (10)   60.2582
[90,40]   [10,10,5] (15)   70.1515
[90,40]   [10,10,5] (20)   80.1675
[90,40]   [10,10,5] (25)   90.0009
[90,40]   [10,10,5] (30)   99.6888
[90,40]   [10,10,10] (0)   91.0094
[90,40]   [10,10,10] (5)   72.1289
[90,40]   [10,10,10] (10)   76.8373
[90,40]   [10,10,10] (15)   85.7096
[90,40]   [10,10,10] (20)   94.3158
[90,40]   [10,10,10] (25)   103.227
[90,40]   [10,10,10] (30)   111.935
[90,40]   [10,10,15] (0)   88.7682
[90,40]   [10,10,15] (5)   74.5156
[90,40]   [10,10,15] (10)   80.8922
[90,40]   [10,10,15] (15)   90.4778
[90,40]   [10,10,15] (20)   98.4809
[90,40]   [10,10,15] (25)   107.462
[90,40]   [10,10,15] (30)   116.465
[90,40]   [10,10,20] (0)   87.3483
[90,40]   [10,10,20] (5)   83.4377
[90,40]   [10,10,20] (10)   90.8904
[90,40]   [10,10,20] (15)   99.964
[90,40]   [10,10,20] (20)   108.531
[90,40]   [10,10,20] (25)   116.987
[90,40]   [10,10,20] (30)   125.172
[90,40]   [10,20,5] (0)   8405.75
[90,40]   [10,20,5] (5)   8268.12
[90,40]   [10,20,5] (10)   8360.65
[90,40]   [10,20,5] (15)   8333.24
[90,40]   [10,20,5] (20)   8222.17
[90,40]   [10,20,5] (25)   7872.33
[90,40]   [10,20,5] (30)   7521.54
[90,40]   [10,20,10] (0)   8370.34
[90,40]   [10,20,10] (5)   8300
[90,40]   [10,20,10] (10)   8383.75
[90,40]   [10,20,10] (15)   8240.6
[90,40]   [10,20,10] (20)   8402.89
[90,40]   [10,20,10] (25)   8351.7
[90,40]   [10,20,10] (30)   8490.64
[90,40]   [10,20,15] (0)   8366.54
[90,40]   [10,20,15] (5)   8453.41
[90,40]   [10,20,15] (10)   8490.12
[90,40]   [10,20,15] (15)   8399.81
[90,40]   [10,20,15] (20)   8253.05
[90,40]   [10,20,15] (25)   7394.19
[90,40]   [10,20,15] (30)   6781.1
[90,40]   [10,20,20] (0)   8464.73
[90,40]   [10,20,20] (5)   8377.88
[90,40]   [10,20,20] (10)   8394.76
[90,40]   [10,20,20] (15)   8328.08
[90,40]   [10,20,20] (20)   8343.78
[90,40]   [10,20,20] (25)   8401.92
[90,40]   [10,20,20] (30)   8500.67
[90,40]   [10,30,5] (0)   17966.6
[90,40]   [10,30,5] (5)   17948
[90,40]   [10,30,5] (10)   18052.9
[90,40]   [10,30,5] (15)   17964.8
[90,40]   [10,30,5] (20)   17919.8
[90,40]   [10,30,5] (25)   17977.2
[90,40]   [10,30,5] (30)   17730.8
[90,40]   [10,30,10] (0)   18117.2
[90,40]   [10,30,10] (5)   18154.6
[90,40]   [10,30,10] (10)   18016.4
[90,40]   [10,30,10] (15)   17842.4
[90,40]   [10,30,10] (20)   18087.3
[90,40]   [10,30,10] (25)   18106.5
[90,40]   [10,30,10] (30)   18001.1
[90,40]   [10,30,15] (0)   18170.5
[90,40]   [10,30,15] (5)   17948.5
[90,40]   [10,30,15] (10)   17994.1
[90,40]   [10,30,15] (15)   17801.4
[90,40]   [10,30,15] (20)   18051.8
[90,40]   [10,30,15] (25)   18175.5
[90,40]   [10,30,15] (30)   16840.3
[90,40]   [10,30,20] (0)   18070.3
[90,40]   [10,30,20] (5)   18064.4
[90,40]   [10,30,20] (10)   17983.6
[90,40]   [10,30,20] (15)   18007.5
[90,40]   [10,30,20] (20)   17839.5
[90,40]   [10,30,20] (25)   18007.7
[90,40]   [10,30,20] (30)   18061.7
[90,40]   [10,40,5] (0)   27372.1
[90,40]   [10,40,5] (5)   27324.2
[90,40]   [10,40,5] (10)   27403.8
[90,40]   [10,40,5] (15)   27367.2
[90,40]   [10,40,5] (20)   27235.3
[90,40]   [10,40,5] (25)   27374.7
[90,40]   [10,40,5] (30)   27384.4
[90,40]   [10,40,10] (0)   27402.5
[90,40]   [10,40,10] (5)   27369.5
[90,40]   [10,40,10] (10)   27344.4
[90,40]   [10,40,10] (15)   27222.2
[90,40]   [10,40,10] (20)   27331.5
[90,40]   [10,40,10] (25)   27168.3
[90,40]   [10,40,10] (30)   27215.1
[90,40]   [10,40,15] (0)   27397.5
[90,40]   [10,40,15] (5)   27406.7
[90,40]   [10,40,15] (10)   27353.2
[90,40]   [10,40,15] (15)   27382.6
[90,40]   [10,40,15] (20)   27353.8
[90,40]   [10,40,15] (25)   27355.1
[90,40]   [10,40,15] (30)   27368.4
[90,40]   [10,40,20] (0)   27298.6
[90,40]   [10,40,20] (5)   27389.5
[90,40]   [10,40,20] (10)   27371.6
[90,40]   [10,40,20] (15)   27398.4
[90,40]   [10,40,20] (20)   27211.6
[90,40]   [10,40,20] (25)   27377.6
[90,40]   [10,40,20] (30)   27345
[90,40]   [10,50,5] (0)   34890.4
[90,40]   [10,50,5] (5)   34751.5
[90,40]   [10,50,5] (10)   34952.8
[90,40]   [10,50,5] (15)   34966.8
[90,40]   [10,50,5] (20)   34678.3
[90,40]   [10,50,5] (25)   34643
[90,40]   [10,50,5] (30)   34910.1
[90,40]   [10,50,10] (0)   34945.3
[90,40]   [10,50,10] (5)   34917.8
[90,40]   [10,50,10] (10)   34891.5
[90,40]   [10,50,10] (15)   34944.3
[90,40]   [10,50,10] (20)   34878.6
[90,40]   [10,50,10] (25)   34954.3
[90,40]   [10,50,10] (30)   34918.7
[90,40]   [10,50,15] (0)   34879.5
[90,40]   [10,50,15] (5)   34894.1
[90,40]   [10,50,15] (10)   34954.9
[90,40]   [10,50,15] (15)   34933.1
[90,40]   [10,50,15] (20)   34915.6
[90,40]   [10,50,15] (25)   34766.6
[90,40]   [10,50,15] (30)   34714.9
[90,40]   [10,50,20] (0)   34781.4
[90,40]   [10,50,20] (5)   34761
[90,40]   [10,50,20] (10)   34736.9
[90,40]   [10,50,20] (15)   34572.1
[90,40]   [10,50,20] (20)   34918
[90,40]   [10,50,20] (25)   34913
[90,40]   [10,50,20] (30)   34951
[90,40]   [10,60,5] (0)   41881.7
[90,40]   [10,60,5] (5)   41884.9
[90,40]   [10,60,5] (10)   41890.2
[90,40]   [10,60,5] (15)   41876.7
[90,40]   [10,60,5] (20)   41887.8
[90,40]   [10,60,5] (25)   41899.5
[90,40]   [10,60,5] (30)   41928.2
[90,40]   [10,60,10] (0)   41917.5
[90,40]   [10,60,10] (5)   41915.6
[90,40]   [10,60,10] (10)   41934.1
[90,40]   [10,60,10] (15)   41870.7
[90,40]   [10,60,10] (20)   41895.3
[90,40]   [10,60,10] (25)   41903.7
[90,40]   [10,60,10] (30)   41863.9
[90,40]   [10,60,15] (0)   41905.3
[90,40]   [10,60,15] (5)   41856
[90,40]   [10,60,15] (10)   41893
[90,40]   [10,60,15] (15)   41851.9
[90,40]   [10,60,15] (20)   41884.4
[90,40]   [10,60,15] (25)   41894.8
[90,40]   [10,60,15] (30)   41879.6
[90,40]   [10,60,20] (0)   41879
[90,40]   [10,60,20] (5)   41908.9
[90,40]   [10,60,20] (10)   41866
[90,40]   [10,60,20] (15)   41888.1
[90,40]   [10,60,20] (20)   41884
[90,40]   [10,60,20] (25)   41906.6
[90,40]   [10,60,20] (30)   42027.9
[90,40]   [20,10,5] (0)   7742.43
[90,40]   [20,10,5] (5)   2006.14
[90,40]   [20,10,5] (10)   64.2814
[90,40]   [20,10,5] (15)   66.2776
[90,40]   [20,10,5] (20)   75.0164
[90,40]   [20,10,5] (25)   85.0034
[90,40]   [20,10,5] (30)   94.739
[90,40]   [20,10,10] (0)   7754.83
[90,40]   [20,10,10] (5)   1647.67
[90,40]   [20,10,10] (10)   82.636
[90,40]   [20,10,10] (15)   86.0405
[90,40]   [20,10,10] (20)   94.028
[90,40]   [20,10,10] (25)   102.557
[90,40]   [20,10,10] (30)   110.414
[90,40]   [20,10,15] (0)   7724.68
[90,40]   [20,10,15] (5)   117.61
[90,40]   [20,10,15] (10)   86.9351
[90,40]   [20,10,15] (15)   92.8547
[90,40]   [20,10,15] (20)   100.811
[90,40]   [20,10,15] (25)   109.211
[90,40]   [20,10,15] (30)   117.479
[90,40]   [20,10,20] (0)   7773.39
[90,40]   [20,10,20] (5)   135.9
[90,40]   [20,10,20] (10)   100.198
[90,40]   [20,10,20] (15)   105.569
[90,40]   [20,10,20] (20)   113.199
[90,40]   [20,10,20] (25)   121.526
[90,40]   [20,10,20] (30)   129.149
[90,40]   [20,20,5] (0)   128.942
[90,40]   [20,20,5] (5)   127.436
[90,40]   [20,20,5] (10)   111.29
[90,40]   [20,20,5] (15)   99.7186
[90,40]   [20,20,5] (20)   106.066
[90,40]   [20,20,5] (25)   114.266
[90,40]   [20,20,5] (30)   122.861
[90,40]   [20,20,10] (0)   125.523
[90,40]   [20,20,10] (5)   126.18
[90,40]   [20,20,10] (10)   116.939
[90,40]   [20,20,10] (15)   113.51
[90,40]   [20,20,10] (20)   121.641
[90,40]   [20,20,10] (25)   128.867
[90,40]   [20,20,10] (30)   136.872
[90,40]   [20,20,15] (0)   127.416
[90,40]   [20,20,15] (5)   129.121
[90,40]   [20,20,15] (10)   112.913
[90,40]   [20,20,15] (15)   115.465
[90,40]   [20,20,15] (20)   123.091
[90,40]   [20,20,15] (25)   130.815
[90,40]   [20,20,15] (30)   138.848
[90,40]   [20,20,20] (0)   126.972
[90,40]   [20,20,20] (5)   127.602
[90,40]   [20,20,20] (10)   120.13
[90,40]   [20,20,20] (15)   125.125
[90,40]   [20,20,20] (20)   132.666
[90,40]   [20,20,20] (25)   140.433
[90,40]   [20,20,20] (30)   148.183
[90,40]   [20,30,5] (0)   6214.01
[90,40]   [20,30,5] (5)   6140.76
[90,40]   [20,30,5] (10)   6205.12
[90,40]   [20,30,5] (15)   6138.88
[90,40]   [20,30,5] (20)   6090.47
[90,40]   [20,30,5] (25)   6131.85
[90,40]   [20,30,5] (30)   5181.33
[90,40]   [20,30,10] (0)   6190.42
[90,40]   [20,30,10] (5)   6079.15
[90,40]   [20,30,10] (10)   6211
[90,40]   [20,30,10] (15)   6103.44
[90,40]   [20,30,10] (20)   6194.26
[90,40]   [20,30,10] (25)   6112.32
[90,40]   [20,30,10] (30)   6117.8
[90,40]   [20,30,15] (0)   6202.95
[90,40]   [20,30,15] (5)   6182.93
[90,40]   [20,30,15] (10)   6133.59
[90,40]   [20,30,15] (15)   6232.52
[90,40]   [20,30,15] (20)   6121.16
[90,40]   [20,30,15] (25)   5810.82
[90,40]   [20,30,15] (30)   5677.45
[90,40]   [20,30,20] (0)   6203.54
[90,40]   [20,30,20] (5)   6193.98
[90,40]   [20,30,20] (10)   6047.16
[90,40]   [20,30,20] (15)   6150.63
[90,40]   [20,30,20] (20)   6077.89
[90,40]   [20,30,20] (25)   6183.66
[90,40]   [20,30,20] (30)   6251.04
[90,40]   [20,40,5] (0)   15542.3
[90,40]   [20,40,5] (5)   15519.2
[90,40]   [20,40,5] (10)   15559.1
[90,40]   [20,40,5] (15)   15524.8
[90,40]   [20,40,5] (20)   15667.4
[90,40]   [20,40,5] (25)   15478.9
[90,40]   [20,40,5] (30)   15517.3
[90,40]   [20,40,10] (0)   15518.9
[90,40]   [20,40,10] (5)   15475.8
[90,40]   [20,40,10] (10)   15553.6
[90,40]   [20,40,10] (15)   15564.6
[90,40]   [20,40,10] (20)   15758.8
[90,40]   [20,40,10] (25)   15702
[90,40]   [20,40,10] (30)   15579
[90,40]   [20,40,15] (0)   15576
[90,40]   [20,40,15] (5)   15426.5
[90,40]   [20,40,15] (10)   15584.2
[90,40]   [20,40,15] (15)   15287.8
[90,40]   [20,40,15] (20)   15574.6
[90,40]   [20,40,15] (25)   15381.2
[90,40]   [20,40,15] (30)   15489.2
[90,40]   [20,40,20] (0)   15678.7
[90,40]   [20,40,20] (5)   15365
[90,40]   [20,40,20] (10)   15545.1
[90,40]   [20,40,20] (15)   15528
[90,40]   [20,40,20] (20)   15573.5
[90,40]   [20,40,20] (25)   15573.8
[90,40]   [20,40,20] (30)   15538.9
[90,40]   [20,50,5] (0)   23189.5
[90,40]   [20,50,5] (5)   23200.3
[90,40]   [20,50,5] (10)   22788.7
[90,40]   [20,50,5] (15)   23167.6
[90,40]   [20,50,5] (20)   22922.3
[90,40]   [20,50,5] (25)   23230.2
[90,40]   [20,50,5] (30)   23441.4
[90,40]   [20,50,10] (0)   23035.4
[90,40]   [20,50,10] (5)   23116
[90,40]   [20,50,10] (10)   23217.8
[90,40]   [20,50,10] (15)   23227.7
[90,40]   [20,50,10] (20)   23041.1
[90,40]   [20,50,10] (25)   22926.3
[90,40]   [20,50,10] (30)   23194.4
[90,40]   [20,50,15] (0)   23237.7
[90,40]   [20,50,15] (5)   23272.5
[90,40]   [20,50,15] (10)   23067.5
[90,40]   [20,50,15] (15)   23206.5
[90,40]   [20,50,15] (20)   23237.2
[90,40]   [20,50,15] (25)   23216.9
[90,40]   [20,50,15] (30)   23226
[90,40]   [20,50,20] (0)   23182.5
[90,40]   [20,50,20] (5)   23120
[90,40]   [20,50,20] (10)   23303.3
[90,40]   [20,50,20] (15)   23078.3
[90,40]   [20,50,20] (20)   23160.3
[90,40]   [20,50,20] (25)   23397.2
[90,40]   [20,50,20] (30)   23325.3
[90,40]   [20,60,5] (0)   30639.7
[90,40]   [20,60,5] (5)   30680.9
[90,40]   [20,60,5] (10)   30574.6
[90,40]   [20,60,5] (15)   30482.8
[90,40]   [20,60,5] (20)   30604.1
[90,40]   [20,60,5] (25)   30576
[90,40]   [20,60,5] (30)   30611
[90,40]   [20,60,10] (0)   30585.9
[90,40]   [20,60,10] (5)   30266.9
[90,40]   [20,60,10] (10)   30369.3
[90,40]   [20,60,10] (15)   30601
[90,40]   [20,60,10] (20)   30590.1
[90,40]   [20,60,10] (25)   30581.5
[90,40]   [20,60,10] (30)   30614.5
[90,40]   [20,60,15] (0)   30540.4
[90,40]   [20,60,15] (5)   30475.1
[90,40]   [20,60,15] (10)   30645.6
[90,40]   [20,60,15] (15)   30573.5
[90,40]   [20,60,15] (20)   30467.2
[90,40]   [20,60,15] (25)   30697
[90,40]   [20,60,15] (30)   30619.9
[90,40]   [20,60,20] (0)   30425.4
[90,40]   [20,60,20] (5)   30705.2
[90,40]   [20,60,20] (10)   30389.9
[90,40]   [20,60,20] (15)   30576.2
[90,40]   [20,60,20] (20)   30601.6
[90,40]   [20,60,20] (25)   30573.3
[90,40]   [20,60,20] (30)   30650.7
[90,40]   [30,10,5] (0)   14599.8
[90,40]   [30,10,5] (5)   7611.07
[90,40]   [30,10,5] (10)   80.4685
[90,40]   [30,10,5] (15)   72.6593
[90,40]   [30,10,5] (20)   75.3572
[90,40]   [30,10,5] (25)   82.6764
[90,40]   [30,10,5] (30)   92.9151
[90,40]   [30,10,10] (0)   14569.8
[90,40]   [30,10,10] (5)   7690.49
[90,40]   [30,10,10] (10)   116.94
[90,40]   [30,10,10] (15)   92.1371
[90,40]   [30,10,10] (20)   93.9538
[90,40]   [30,10,10] (25)   100.382
[90,40]   [30,10,10] (30)   108.741
[90,40]   [30,10,15] (0)   14673.6
[90,40]   [30,10,15] (5)   4126.13
[90,40]   [30,10,15] (10)   100.265
[90,40]   [30,10,15] (15)   99.9356
[90,40]   [30,10,15] (20)   103.234
[90,40]   [30,10,15] (25)   110.549
[90,40]   [30,10,15] (30)   118.805
[90,40]   [30,10,20] (0)   14548.6
[90,40]   [30,10,20] (5)   3477.42
[90,40]   [30,10,20] (10)   107.457
[90,40]   [30,10,20] (15)   109.088
[90,40]   [30,10,20] (20)   117.122
[90,40]   [30,10,20] (25)   124.088
[90,40]   [30,10,20] (30)   131.741
[90,40]   [30,20,5] (0)   6507.54
[90,40]   [30,20,5] (5)   6538.31
[90,40]   [30,20,5] (10)   4467.28
[90,40]   [30,20,5] (15)   107.234
[90,40]   [30,20,5] (20)   92.3654
[90,40]   [30,20,5] (25)   95.0625
[90,40]   [30,20,5] (30)   104.018
[90,40]   [30,20,10] (0)   6533.44
[90,40]   [30,20,10] (5)   6479.06
[90,40]   [30,20,10] (10)   4685.26
[90,40]   [30,20,10] (15)   118.904
[90,40]   [30,20,10] (20)   112.158
[90,40]   [30,20,10] (25)   117.04
[90,40]   [30,20,10] (30)   124.683
[90,40]   [30,20,15] (0)   6535.45
[90,40]   [30,20,15] (5)   6485.08
[90,40]   [30,20,15] (10)   3254.83
[90,40]   [30,20,15] (15)   117.541
[90,40]   [30,20,15] (20)   118.741
[90,40]   [30,20,15] (25)   124.606
[90,40]   [30,20,15] (30)   131.957
[90,40]   [30,20,20] (0)   6490.05
[90,40]   [30,20,20] (5)   6520.19
[90,40]   [30,20,20] (10)   3340.6
[90,40]   [30,20,20] (15)   128.744
[90,40]   [30,20,20] (20)   130.79
[90,40]   [30,20,20] (25)   136.905
[90,40]   [30,20,20] (30)   145.034
[90,40]   [30,30,5] (0)   161.277
[90,40]   [30,30,5] (5)   161.912
[90,40]   [30,30,5] (10)   161.606
[90,40]   [30,30,5] (15)   150.978
[90,40]   [30,30,5] (20)   127.969
[90,40]   [30,30,5] (25)   123.575
[90,40]   [30,30,5] (30)   131.859
[90,40]   [30,30,10] (0)   160.103
[90,40]   [30,30,10] (5)   162.18
[90,40]   [30,30,10] (10)   161.209
[90,40]   [30,30,10] (15)   153.502
[90,40]   [30,30,10] (20)   139.761
[90,40]   [30,30,10] (25)   143.345
[90,40]   [30,30,10] (30)   150.874
[90,40]   [30,30,15] (0)   161.479
[90,40]   [30,30,15] (5)   161.249
[90,40]   [30,30,15] (10)   160.383
[90,40]   [30,30,15] (15)   149.757
[90,40]   [30,30,15] (20)   141.715
[90,40]   [30,30,15] (25)   147.073
[90,40]   [30,30,15] (30)   154.877
[90,40]   [30,30,20] (0)   160.855
[90,40]   [30,30,20] (5)   163.22
[90,40]   [30,30,20] (10)   162.352
[90,40]   [30,30,20] (15)   152.824
[90,40]   [30,30,20] (20)   150.492
[90,40]   [30,30,20] (25)   156.909
[90,40]   [30,30,20] (30)   164.481
[90,40]   [30,40,5] (0)   4191.46
[90,40]   [30,40,5] (5)   4147.96
[90,40]   [30,40,5] (10)   4166.98
[90,40]   [30,40,5] (15)   4116.35
[90,40]   [30,40,5] (20)   4081.72
[90,40]   [30,40,5] (25)   4170
[90,40]   [30,40,5] (30)   4153.56
[90,40]   [30,40,10] (0)   4190.26
[90,40]   [30,40,10] (5)   4194.15
[90,40]   [30,40,10] (10)   4270.34
[90,40]   [30,40,10] (15)   4211.33
[90,40]   [30,40,10] (20)   4079.76
[90,40]   [30,40,10] (25)   4022.65
[90,40]   [30,40,10] (30)   4054.04
[90,40]   [30,40,15] (0)   4111.76
[90,40]   [30,40,15] (5)   4106.56
[90,40]   [30,40,15] (10)   4161.6
[90,40]   [30,40,15] (15)   4309.52
[90,40]   [30,40,15] (20)   4195.58
[90,40]   [30,40,15] (25)   4177.8
[90,40]   [30,40,15] (30)   3878.23
[90,40]   [30,40,20] (0)   4170.71
[90,40]   [30,40,20] (5)   4156.41
[90,40]   [30,40,20] (10)   4215.45
[90,40]   [30,40,20] (15)   4072.16
[90,40]   [30,40,20] (20)   4125.26
[90,40]   [30,40,20] (25)   4079.9
[90,40]   [30,40,20] (30)   4142.19
[90,40]   [30,50,5] (0)   12000
[90,40]   [30,50,5] (5)   11963.8
[90,40]   [30,50,5] (10)   11898.3
[90,40]   [30,50,5] (15)   11954.7
[90,40]   [30,50,5] (20)   11914.8
[90,40]   [30,50,5] (25)   11749
[90,40]   [30,50,5] (30)   12073.4
[90,40]   [30,50,10] (0)   12033
[90,40]   [30,50,10] (5)   11882.7
[90,40]   [30,50,10] (10)   12083.1
[90,40]   [30,50,10] (15)   11957.3
[90,40]   [30,50,10] (20)   11878.9
[90,40]   [30,50,10] (25)   11896.4
[90,40]   [30,50,10] (30)   11837.7
[90,40]   [30,50,15] (0)   11958
[90,40]   [30,50,15] (5)   11847.4
[90,40]   [30,50,15] (10)   11914.7
[90,40]   [30,50,15] (15)   12031.6
[90,40]   [30,50,15] (20)   11924.5
[90,40]   [30,50,15] (25)   11825.4
[90,40]   [30,50,15] (30)   11806
[90,40]   [30,50,20] (0)   11841.4
[90,40]   [30,50,20] (5)   12038.4
[90,40]   [30,50,20] (10)   11921
[90,40]   [30,50,20] (15)   11761.3
[90,40]   [30,50,20] (20)   12006.4
[90,40]   [30,50,20] (25)   11957
[90,40]   [30,50,20] (30)   12076.8
[90,40]   [30,60,5] (0)   19688.6
[90,40]   [30,60,5] (5)   19552.6
[90,40]   [30,60,5] (10)   19651.9
[90,40]   [30,60,5] (15)   19620.7
[90,40]   [30,60,5] (20)   19367.6
[90,40]   [30,60,5] (25)   19402.6
[90,40]   [30,60,5] (30)   19623.7
[90,40]   [30,60,10] (0)   19244.3
[90,40]   [30,60,10] (5)   19600.9
[90,40]   [30,60,10] (10)   19629
[90,40]   [30,60,10] (15)   19600.9
[90,40]   [30,60,10] (20)   19483.4
[90,40]   [30,60,10] (25)   19438.8
[90,40]   [30,60,10] (30)   19304.9
[90,40]   [30,60,15] (0)   19734
[90,40]   [30,60,15] (5)   19562.3
[90,40]   [30,60,15] (10)   19621.9
[90,40]   [30,60,15] (15)   19554
[90,40]   [30,60,15] (20)   19550.8
[90,40]   [30,60,15] (25)   19626.4
[90,40]   [30,60,15] (30)   19662.3
[90,40]   [30,60,20] (0)   19507.3
[90,40]   [30,60,20] (5)   19590
[90,40]   [30,60,20] (10)   19521.4
[90,40]   [30,60,20] (15)   19458.7
[90,40]   [30,60,20] (20)   19700
[90,40]   [30,60,20] (25)   19563.7
[90,40]   [30,60,20] (30)   19570.1
[90,40]   [40,10,5] (0)   20542.5
[90,40]   [40,10,5] (5)   12842.7
[90,40]   [40,10,5] (10)   146.276
[90,40]   [40,10,5] (15)   82.246
[90,40]   [40,10,5] (20)   81.5137
[90,40]   [40,10,5] (25)   85.6684
[90,40]   [40,10,5] (30)   91.3894
[90,40]   [40,10,10] (0)   20999
[90,40]   [40,10,10] (5)   13166.3
[90,40]   [40,10,10] (10)   3821.79
[90,40]   [40,10,10] (15)   108.431
[90,40]   [40,10,10] (20)   102.164
[90,40]   [40,10,10] (25)   103.248
[90,40]   [40,10,10] (30)   108.695
[90,40]   [40,10,15] (0)   20807.1
[90,40]   [40,10,15] (5)   9129.45
[90,40]   [40,10,15] (10)   1777.4
[90,40]   [40,10,15] (15)   113.178
[90,40]   [40,10,15] (20)   110.599
[90,40]   [40,10,15] (25)   114.257
[90,40]   [40,10,15] (30)   119.996
[90,40]   [40,10,20] (0)   20707.1
[90,40]   [40,10,20] (5)   8989.46
[90,40]   [40,10,20] (10)   127.871
[90,40]   [40,10,20] (15)   125.329
[90,40]   [40,10,20] (20)   125.163
[90,40]   [40,10,20] (25)   128.794
[90,40]   [40,10,20] (30)   135.256
[90,40]   [40,20,5] (0)   12676.2
[90,40]   [40,20,5] (5)   12624.1
[90,40]   [40,20,5] (10)   10117.3
[90,40]   [40,20,5] (15)   374.44
[90,40]   [40,20,5] (20)   103.504
[90,40]   [40,20,5] (25)   96.3699
[90,40]   [40,20,5] (30)   99.4199
[90,40]   [40,20,10] (0)   12682.7
[90,40]   [40,20,10] (5)   12677.2
[90,40]   [40,20,10] (10)   10461.4
[90,40]   [40,20,10] (15)   1820.08
[90,40]   [40,20,10] (20)   123.197
[90,40]   [40,20,10] (25)   117.967
[90,40]   [40,20,10] (30)   120.612
[90,40]   [40,20,15] (0)   12709.3
[90,40]   [40,20,15] (5)   12641.9
[90,40]   [40,20,15] (10)   8875.08
[90,40]   [40,20,15] (15)   142.109
[90,40]   [40,20,15] (20)   127.631
[90,40]   [40,20,15] (25)   125.323
[90,40]   [40,20,15] (30)   130.118
[90,40]   [40,20,20] (0)   12636.1
[90,40]   [40,20,20] (5)   12631.7
[90,40]   [40,20,20] (10)   9024.52
[90,40]   [40,20,20] (15)   142.383
[90,40]   [40,20,20] (20)   135.575
[90,40]   [40,20,20] (25)   139.147
[90,40]   [40,20,20] (30)   145.477
[90,40]   [40,30,5] (0)   5662.66
[90,40]   [40,30,5] (5)   5699.09
[90,40]   [40,30,5] (10)   5656.68
[90,40]   [40,30,5] (15)   4491.89
[90,40]   [40,30,5] (20)   151.994
[90,40]   [40,30,5] (25)   120.695
[90,40]   [40,30,5] (30)   116.47
[90,40]   [40,30,10] (0)   5609.12
[90,40]   [40,30,10] (5)   5569.5
[90,40]   [40,30,10] (10)   5636.78
[90,40]   [40,30,10] (15)   4631.7
[90,40]   [40,30,10] (20)   163.92
[90,40]   [40,30,10] (25)   140.797
[90,40]   [40,30,10] (30)   140.971
[90,40]   [40,30,15] (0)   5649.44
[90,40]   [40,30,15] (5)   5583.19
[90,40]   [40,30,15] (10)   5618.34
[90,40]   [40,30,15] (15)   3691.01
[90,40]   [40,30,15] (20)   152.983
[90,40]   [40,30,15] (25)   144.845
[90,40]   [40,30,15] (30)   148.047
[90,40]   [40,30,20] (0)   5595.96
[90,40]   [40,30,20] (5)   5620.99
[90,40]   [40,30,20] (10)   5606.26
[90,40]   [40,30,20] (15)   3730.53
[90,40]   [40,30,20] (20)   160.414
[90,40]   [40,30,20] (25)   156.382
[90,40]   [40,30,20] (30)   161.712
[90,40]   [40,40,5] (0)   202.673
[90,40]   [40,40,5] (5)   200.522
[90,40]   [40,40,5] (10)   202.131
[90,40]   [40,40,5] (15)   202.258
[90,40]   [40,40,5] (20)   200.54
[90,40]   [40,40,5] (25)   172.848
[90,40]   [40,40,5] (30)   156.301
[90,40]   [40,40,10] (0)   198.452
[90,40]   [40,40,10] (5)   198.515
[90,40]   [40,40,10] (10)   201.199
[90,40]   [40,40,10] (15)   200.401
[90,40]   [40,40,10] (20)   197.01
[90,40]   [40,40,10] (25)   178.128
[90,40]   [40,40,10] (30)   174.053
[90,40]   [40,40,15] (0)   199.333
[90,40]   [40,40,15] (5)   199.456
[90,40]   [40,40,15] (10)   199.261
[90,40]   [40,40,15] (15)   199.835
[90,40]   [40,40,15] (20)   197.943
[90,40]   [40,40,15] (25)   176.667
[90,40]   [40,40,15] (30)   176.521
[90,40]   [40,40,20] (0)   202.279
[90,40]   [40,40,20] (5)   200.213
[90,40]   [40,40,20] (10)   200.086
[90,40]   [40,40,20] (15)   200.442
[90,40]   [40,40,20] (20)   195.237
[90,40]   [40,40,20] (25)   183.825
[90,40]   [40,40,20] (30)   186.445
[90,40]   [40,50,5] (0)   2892.3
[90,40]   [40,50,5] (5)   2961.19
[90,40]   [40,50,5] (10)   2955.46
[90,40]   [40,50,5] (15)   2857.4
[90,40]   [40,50,5] (20)   3081.27
[90,40]   [40,50,5] (25)   2845.82
[90,40]   [40,50,5] (30)   2729.15
[90,40]   [40,50,10] (0)   2814.65
[90,40]   [40,50,10] (5)   3016.63
[90,40]   [40,50,10] (10)   2908.6
[90,40]   [40,50,10] (15)   2910.97
[90,40]   [40,50,10] (20)   2888.03
[90,40]   [40,50,10] (25)   2886.17
[90,40]   [40,50,10] (30)   2918.74
[90,40]   [40,50,15] (0)   2926.88
[90,40]   [40,50,15] (5)   2965.71
[90,40]   [40,50,15] (10)   2935.57
[90,40]   [40,50,15] (15)   2828.5
[90,40]   [40,50,15] (20)   2933.86
[90,40]   [40,50,15] (25)   2970.74
[90,40]   [40,50,15] (30)   2801.73
[90,40]   [40,50,20] (0)   2913.68
[90,40]   [40,50,20] (5)   2834.98
[90,40]   [40,50,20] (10)   2919.81
[90,40]   [40,50,20] (15)   3024.94
[90,40]   [40,50,20] (20)   2839.73
[90,40]   [40,50,20] (25)   2882.61
[90,40]   [40,50,20] (30)   2822.94
[90,40]   [40,60,5] (0)   10558
[90,40]   [40,60,5] (5)   10524
[90,40]   [40,60,5] (10)   10541
[90,40]   [40,60,5] (15)   10561.9
[90,40]   [40,60,5] (20)   10528.6
[90,40]   [40,60,5] (25)   10547
[90,40]   [40,60,5] (30)   10495.1
[90,40]   [40,60,10] (0)   10407.5
[90,40]   [40,60,10] (5)   10470.6
[90,40]   [40,60,10] (10)   10497.8
[90,40]   [40,60,10] (15)   10357.8
[90,40]   [40,60,10] (20)   10605.4
[90,40]   [40,60,10] (25)   10625.6
[90,40]   [40,60,10] (30)   10458.2
[90,40]   [40,60,15] (0)   10454.9
[90,40]   [40,60,15] (5)   10463.8
[90,40]   [40,60,15] (10)   10481.1
[90,40]   [40,60,15] (15)   10463.2
[90,40]   [40,60,15] (20)   10607
[90,40]   [40,60,15] (25)   10589.4
[90,40]   [40,60,15] (30)   10430
[90,40]   [40,60,20] (0)   10560.8
[90,40]   [40,60,20] (5)   10621.5
[90,40]   [40,60,20] (10)   10533.6
[90,40]   [40,60,20] (15)   10427
[90,40]   [40,60,20] (20)   10471.2
[90,40]   [40,60,20] (25)   10538
[90,40]   [40,60,20] (30)   10451.7
[90,40]   [50,10,5] (0)   26581.6
[90,40]   [50,10,5] (5)   17894.1
[90,40]   [50,10,5] (10)   3200.8
[90,40]   [50,10,5] (15)   96.091
[90,40]   [50,10,5] (20)   89.6603
[90,40]   [50,10,5] (25)   91.9346
[90,40]   [50,10,5] (30)   94.954
[90,40]   [50,10,10] (0)   26565.7
[90,40]   [50,10,10] (5)   19018.8
[90,40]   [50,10,10] (10)   8382.65
[90,40]   [50,10,10] (15)   1881.86
[90,40]   [50,10,10] (20)   117.504
[90,40]   [50,10,10] (25)   111.962
[90,40]   [50,10,10] (30)   112.669
[90,40]   [50,10,15] (0)   26275.9
[90,40]   [50,10,15] (5)   14546.2
[90,40]   [50,10,15] (10)   6315.23
[90,40]   [50,10,15] (15)   221.117
[90,40]   [50,10,15] (20)   122.581
[90,40]   [50,10,15] (25)   121.998
[90,40]   [50,10,15] (30)   123.196
[90,40]   [50,10,20] (0)   26558.9
[90,40]   [50,10,20] (5)   14531.1
[90,40]   [50,10,20] (10)   4127.94
[90,40]   [50,10,20] (15)   2394.64
[90,40]   [50,10,20] (20)   136.796
[90,40]   [50,10,20] (25)   134.584
[90,40]   [50,10,20] (30)   137.841
[90,40]   [50,20,5] (0)   18510.2
[90,40]   [50,20,5] (5)   18592.7
[90,40]   [50,20,5] (10)   15601.7
[90,40]   [50,20,5] (15)   3773.69
[90,40]   [50,20,5] (20)   121.286
[90,40]   [50,20,5] (25)   105.099
[90,40]   [50,20,5] (30)   103.283
[90,40]   [50,20,10] (0)   18560.9
[90,40]   [50,20,10] (5)   18502.5
[90,40]   [50,20,10] (10)   16329.7
[90,40]   [50,20,10] (15)   6731.49
[90,40]   [50,20,10] (20)   780.563
[90,40]   [50,20,10] (25)   130.896
[90,40]   [50,20,10] (30)   124.973
[90,40]   [50,20,15] (0)   18540.5
[90,40]   [50,20,15] (5)   18531.1
[90,40]   [50,20,15] (10)   14416.3
[90,40]   [50,20,15] (15)   3601.87
[90,40]   [50,20,15] (20)   166.053
[90,40]   [50,20,15] (25)   133.844
[90,40]   [50,20,15] (30)   132.752
[90,40]   [50,20,20] (0)   18574.1
[90,40]   [50,20,20] (5)   18548.7
[90,40]   [50,20,20] (10)   14787.3
[90,40]   [50,20,20] (15)   1433.53
[90,40]   [50,20,20] (20)   158.438
[90,40]   [50,20,20] (25)   148.351
[90,40]   [50,20,20] (30)   147.363
[90,40]   [50,30,5] (0)   11660.6
[90,40]   [50,30,5] (5)   11710.8
[90,40]   [50,30,5] (10)   11715.5
[90,40]   [50,30,5] (15)   10111.4
[90,40]   [50,30,5] (20)   1861.95
[90,40]   [50,30,5] (25)   135.458
[90,40]   [50,30,5] (30)   119.187
[90,40]   [50,30,10] (0)   11678.7
[90,40]   [50,30,10] (5)   11733.1
[90,40]   [50,30,10] (10)   11638.3
[90,40]   [50,30,10] (15)   10626.9
[90,40]   [50,30,10] (20)   3591.79
[90,40]   [50,30,10] (25)   161.161
[90,40]   [50,30,10] (30)   143.58
[90,40]   [50,30,15] (0)   11728.1
[90,40]   [50,30,15] (5)   11707
[90,40]   [50,30,15] (10)   11694.4
[90,40]   [50,30,15] (15)   9507.05
[90,40]   [50,30,15] (20)   728.535
[90,40]   [50,30,15] (25)   156.309
[90,40]   [50,30,15] (30)   148.409
[90,40]   [50,30,20] (0)   11657
[90,40]   [50,30,20] (5)   11704.6
[90,40]   [50,30,20] (10)   11730.6
[90,40]   [50,30,20] (15)   9956.2
[90,40]   [50,30,20] (20)   226.545
[90,40]   [50,30,20] (25)   162.355
[90,40]   [50,30,20] (30)   161.703
[90,40]   [50,40,5] (0)   5507.97
[90,40]   [50,40,5] (5)   5573.42
[90,40]   [50,40,5] (10)   5546.07
[90,40]   [50,40,5] (15)   5507.46
[90,40]   [50,40,5] (20)   5201.03
[90,40]   [50,40,5] (25)   908.942
[90,40]   [50,40,5] (30)   157.905
[90,40]   [50,40,10] (0)   5490.23
[90,40]   [50,40,10] (5)   5542.26
[90,40]   [50,40,10] (10)   5557.62
[90,40]   [50,40,10] (15)   5459.27
[90,40]   [50,40,10] (20)   5104.55
[90,40]   [50,40,10] (25)   1366.39
[90,40]   [50,40,10] (30)   175.665
[90,40]   [50,40,15] (0)   5591.15
[90,40]   [50,40,15] (5)   5464.92
[90,40]   [50,40,15] (10)   5582.14
[90,40]   [50,40,15] (15)   5535.8
[90,40]   [50,40,15] (20)   4866.44
[90,40]   [50,40,15] (25)   236.509
[90,40]   [50,40,15] (30)   174.21
[90,40]   [50,40,20] (0)   5525.47
[90,40]   [50,40,20] (5)   5585.83
[90,40]   [50,40,20] (10)   5523.14
[90,40]   [50,40,20] (15)   5520.65
[90,40]   [50,40,20] (20)   4866.13
[90,40]   [50,40,20] (25)   220.095
[90,40]   [50,40,20] (30)   182.377
[90,40]   [50,50,5] (0)   592.449
[90,40]   [50,50,5] (5)   547.128
[90,40]   [50,50,5] (10)   662.96
[90,40]   [50,50,5] (15)   554.783
[90,40]   [50,50,5] (20)   617.37
[90,40]   [50,50,5] (25)   697.159
[90,40]   [50,50,5] (30)   206.97
[90,40]   [50,50,10] (0)   597.545
[90,40]   [50,50,10] (5)   623.567
[90,40]   [50,50,10] (10)   603.55
[90,40]   [50,50,10] (15)   589.963
[90,40]   [50,50,10] (20)   676.362
[90,40]   [50,50,10] (25)   505.129
[90,40]   [50,50,10] (30)   209.509
[90,40]   [50,50,15] (0)   584.804
[90,40]   [50,50,15] (5)   613.551
[90,40]   [50,50,15] (10)   607.864
[90,40]   [50,50,15] (15)   648.342
[90,40]   [50,50,15] (20)   576.554
[90,40]   [50,50,15] (25)   523.866
[90,40]   [50,50,15] (30)   202.945
[90,40]   [50,50,20] (0)   569.89
[90,40]   [50,50,20] (5)   592.597
[90,40]   [50,50,20] (10)   637.883
[90,40]   [50,50,20] (15)   588.481
[90,40]   [50,50,20] (20)   645.383
[90,40]   [50,50,20] (25)   355.28
[90,40]   [50,50,20] (30)   209.314
[90,40]   [50,60,5] (0)   1733.18
[90,40]   [50,60,5] (5)   1674.09
[90,40]   [50,60,5] (10)   1650.59
[90,40]   [50,60,5] (15)   1799.04
[90,40]   [50,60,5] (20)   1693.36
[90,40]   [50,60,5] (25)   1684.76
[90,40]   [50,60,5] (30)   1728.53
[90,40]   [50,60,10] (0)   1571.87
[90,40]   [50,60,10] (5)   1612.45
[90,40]   [50,60,10] (10)   1640.74
[90,40]   [50,60,10] (15)   1525.37
[90,40]   [50,60,10] (20)   1737.9
[90,40]   [50,60,10] (25)   1710.54
[90,40]   [50,60,10] (30)   1819.63
[90,40]   [50,60,15] (0)   1697.28
[90,40]   [50,60,15] (5)   1756.32
[90,40]   [50,60,15] (10)   1836.13
[90,40]   [50,60,15] (15)   1752.8
[90,40]   [50,60,15] (20)   1778.83
[90,40]   [50,60,15] (25)   1840.9
[90,40]   [50,60,15] (30)   1717.55
[90,40]   [50,60,20] (0)   1754.1
[90,40]   [50,60,20] (5)   1764.59
[90,40]   [50,60,20] (10)   1556.34
[90,40]   [50,60,20] (15)   1795.07
[90,40]   [50,60,20] (20)   1690.7
[90,40]   [50,60,20] (25)   1557.55
[90,40]   [50,60,20] (30)   1740.29
[90,40]   [60,10,5] (0)   30779.3
[90,40]   [60,10,5] (5)   21767.3
[90,40]   [60,10,5] (10)   6050
[90,40]   [60,10,5] (15)   123.828
[90,40]   [60,10,5] (20)   97.22
[90,40]   [60,10,5] (25)   97.8703
[90,40]   [60,10,5] (30)   102.293
[90,40]   [60,10,10] (0)   31182.3
[90,40]   [60,10,10] (5)   23209.9
[90,40]   [60,10,10] (10)   12322.2
[90,40]   [60,10,10] (15)   5278.96
[90,40]   [60,10,10] (20)   569.11
[90,40]   [60,10,10] (25)   122.974
[90,40]   [60,10,10] (30)   119.846
[90,40]   [60,10,15] (0)   30771.2
[90,40]   [60,10,15] (5)   19053.1
[90,40]   [60,10,15] (10)   10319
[90,40]   [60,10,15] (15)   3390.78
[90,40]   [60,10,15] (20)   145.906
[90,40]   [60,10,15] (25)   130.735
[90,40]   [60,10,15] (30)   129.839
[90,40]   [60,10,20] (0)   30977.2
[90,40]   [60,10,20] (5)   18957.1
[90,40]   [60,10,20] (10)   8291.48
[90,40]   [60,10,20] (15)   6537.29
[90,40]   [60,10,20] (20)   165.071
[90,40]   [60,10,20] (25)   144.162
[90,40]   [60,10,20] (30)   145.063
[90,40]   [60,20,5] (0)   23380.4
[90,40]   [60,20,5] (5)   23403.8
[90,40]   [60,20,5] (10)   19890.5
[90,40]   [60,20,5] (15)   7655.58
[90,40]   [60,20,5] (20)   165.037
[90,40]   [60,20,5] (25)   113.96
[90,40]   [60,20,5] (30)   105.156
[90,40]   [60,20,10] (0)   23390.1
[90,40]   [60,20,10] (5)   23355.3
[90,40]   [60,20,10] (10)   20795.5
[90,40]   [60,20,10] (15)   11007.1
[90,40]   [60,20,10] (20)   4155.3
[90,40]   [60,20,10] (25)   172.603
[90,40]   [60,20,10] (30)   135.515
[90,40]   [60,20,15] (0)   23395
[90,40]   [60,20,15] (5)   23417.6
[90,40]   [60,20,15] (10)   19080.6
[90,40]   [60,20,15] (15)   7547.04
[90,40]   [60,20,15] (20)   2676.15
[90,40]   [60,20,15] (25)   149.542
[90,40]   [60,20,15] (30)   141.742
[90,40]   [60,20,20] (0)   23342.5
[90,40]   [60,20,20] (5)   23398.3
[90,40]   [60,20,20] (10)   20041.5
[90,40]   [60,20,20] (15)   5902.16
[90,40]   [60,20,20] (20)   3230.81
[90,40]   [60,20,20] (25)   175.262
[90,40]   [60,20,20] (30)   154.2
[90,40]   [60,30,5] (0)   16667.5
[90,40]   [60,30,5] (5)   16686.5
[90,40]   [60,30,5] (10)   16740.5
[90,40]   [60,30,5] (15)   14769.4
[90,40]   [60,30,5] (20)   5359.47
[90,40]   [60,30,5] (25)   155.352
[90,40]   [60,30,5] (30)   127.344
[90,40]   [60,30,10] (0)   16702.8
[90,40]   [60,30,10] (5)   16702.3
[90,40]   [60,30,10] (10)   16708.9
[90,40]   [60,30,10] (15)   15466.1
[90,40]   [60,30,10] (20)   7860.64
[90,40]   [60,30,10] (25)   1537.8
[90,40]   [60,30,10] (30)   158
[90,40]   [60,30,15] (0)   16702.4
[90,40]   [60,30,15] (5)   16667.6
[90,40]   [60,30,15] (10)   16678.2
[90,40]   [60,30,15] (15)   14093.4
[90,40]   [60,30,15] (20)   4859.09
[90,40]   [60,30,15] (25)   240.048
[90,40]   [60,30,15] (30)   157.6
[90,40]   [60,30,20] (0)   16703
[90,40]   [60,30,20] (5)   16694.8
[90,40]   [60,30,20] (10)   16699.6
[90,40]   [60,30,20] (15)   14524.3
[90,40]   [60,30,20] (20)   3557.98
[90,40]   [60,30,20] (25)   194.214
[90,40]   [60,30,20] (30)   173.036
[90,40]   [60,40,5] (0)   10598.7
[90,40]   [60,40,5] (5)   10612.6
[90,40]   [60,40,5] (10)   10600.1
[90,40]   [60,40,5] (15)   10595.4
[90,40]   [60,40,5] (20)   9910.46
[90,40]   [60,40,5] (25)   4863.35
[90,40]   [60,40,5] (30)   177.846
[90,40]   [60,40,10] (0)   10574.4
[90,40]   [60,40,10] (5)   10525.9
[90,40]   [60,40,10] (10)   10596.9
[90,40]   [60,40,10] (15)   10557.2
[90,40]   [60,40,10] (20)   10019.3
[90,40]   [60,40,10] (25)   5751.79
[90,40]   [60,40,10] (30)   253.677
[90,40]   [60,40,15] (0)   10541.9
[90,40]   [60,40,15] (5)   10559.1
[90,40]   [60,40,15] (10)   10592.5
[90,40]   [60,40,15] (15)   10534.4
[90,40]   [60,40,15] (20)   9767.58
[90,40]   [60,40,15] (25)   3767.52
[90,40]   [60,40,15] (30)   188.705
[90,40]   [60,40,20] (0)   10630.9
[90,40]   [60,40,20] (5)   10615.1
[90,40]   [60,40,20] (10)   10614.5
[90,40]   [60,40,20] (15)   10555.5
[90,40]   [60,40,20] (20)   9759.99
[90,40]   [60,40,20] (25)   2769.61
[90,40]   [60,40,20] (30)   191.618
[90,40]   [60,50,5] (0)   5510.97
[90,40]   [60,50,5] (5)   5543.11
[90,40]   [60,50,5] (10)   5610.11
[90,40]   [60,50,5] (15)   5517.76
[90,40]   [60,50,5] (20)   5555.75
[90,40]   [60,50,5] (25)   5346.05
[90,40]   [60,50,5] (30)   2451.71
[90,40]   [60,50,10] (0)   5570.62
[90,40]   [60,50,10] (5)   5524.57
[90,40]   [60,50,10] (10)   5568.95
[90,40]   [60,50,10] (15)   5612.47
[90,40]   [60,50,10] (20)   5573.56
[90,40]   [60,50,10] (25)   5307.69
[90,40]   [60,50,10] (30)   2887.31
[90,40]   [60,50,15] (0)   5535.59
[90,40]   [60,50,15] (5)   5551.95
[90,40]   [60,50,15] (10)   5607.2
[90,40]   [60,50,15] (15)   5517.74
[90,40]   [60,50,15] (20)   5552.06
[90,40]   [60,50,15] (25)   5192.18
[90,40]   [60,50,15] (30)   1403.63
[90,40]   [60,50,20] (0)   5588.84
[90,40]   [60,50,20] (5)   5543.42
[90,40]   [60,50,20] (10)   5601.8
[90,40]   [60,50,20] (15)   5620.12
[90,40]   [60,50,20] (20)   5624.94
[90,40]   [60,50,20] (25)   5151.95
[90,40]   [60,50,20] (30)   1160.61
[90,40]   [60,60,5] (0)   651.244
[90,40]   [60,60,5] (5)   627.082
[90,40]   [60,60,5] (10)   655.461
[90,40]   [60,60,5] (15)   678.633
[90,40]   [60,60,5] (20)   672.852
[90,40]   [60,60,5] (25)   642.132
[90,40]   [60,60,5] (30)   734.811
[90,40]   [60,60,10] (0)   657.827
[90,40]   [60,60,10] (5)   677.139
[90,40]   [60,60,10] (10)   665.188
[90,40]   [60,60,10] (15)   704.834
[90,40]   [60,60,10] (20)   630.185
[90,40]   [60,60,10] (25)   699.307
[90,40]   [60,60,10] (30)   650.228
[90,40]   [60,60,15] (0)   646.811
[90,40]   [60,60,15] (5)   687.493
[90,40]   [60,60,15] (10)   689.671
[90,40]   [60,60,15] (15)   656.262
[90,40]   [60,60,15] (20)   713.666
[90,40]   [60,60,15] (25)   693.303
[90,40]   [60,60,15] (30)   595.186
[90,40]   [60,60,20] (0)   614.997
[90,40]   [60,60,20] (5)   641.322
[90,40]   [60,60,20] (10)   653.597
[90,40]   [60,60,20] (15)   645.25
[90,40]   [60,60,20] (20)   680.193
[90,40]   [60,60,20] (25)   649.104
[90,40]   [60,60,20] (30)   595.803
