[100,50]   [10,10,5] (0)   97.1418
[100,50]   [10,10,5] (5)   70.298
[100,50]   [10,10,5] (10)   66.2206
[100,50]   [10,10,5] (15)   76.003
[100,50]   [10,10,5] (20)   85.649
[100,50]   [10,10,5] (25)   95.7493
[100,50]   [10,10,5] (30)   105.937
[100,50]   [10,10,10] (0)   100.341
[100,50]   [10,10,10] (5)   79.9834
[100,50]   [10,10,10] (10)   84.1609
[100,50]   [10,10,10] (15)   93.2615
[100,50]   [10,10,10] (20)   101.504
[100,50]   [10,10,10] (25)   110.267
[100,50]   [10,10,10] (30)   119.424
[100,50]   [10,10,15] (0)   101.521
[100,50]   [10,10,15] (5)   82.1784
[100,50]   [10,10,15] (10)   88.0918
[100,50]   [10,10,15] (15)   97.0171
[100,50]   [10,10,15] (20)   106.242
[100,50]   [10,10,15] (25)   114.346
[100,50]   [10,10,15] (30)   123.675
[100,50]   [10,10,20] (0)   99.8031
[100,50]   [10,10,20] (5)   91.2577
[100,50]   [10,10,20] (10)   98.2401
[100,50]   [10,10,20] (15)   107.134
[100,50]   [10,10,20] (20)   115.083
[100,50]   [10,10,20] (25)   124.062
[100,50]   [10,10,20] (30)   132.677
[100,50]   [10,20,5] (0)   9555.9
[100,50]   [10,20,5] (5)   9435.44
[100,50]   [10,20,5] (10)   9544.34
[100,50]   [10,20,5] (15)   9480.11
[100,50]   [10,20,5] (20)   9488.61
[100,50]   [10,20,5] (25)   8581.5
[100,50]   [10,20,5] (30)   7891.72
[100,50]   [10,20,10] (0)   9650.59
[100,50]   [10,20,10] (5)   9464.78
[100,50]   [10,20,10] (10)   9572.88
[100,50]   [10,20,10] (15)   9453.25
[100,50]   [10,20,10] (20)   9461.83
[100,50]   [10,20,10] (25)   8850.6
[100,50]   [10,20,10] (30)   8126.68
[100,50]   [10,20,15] (0)   9487.03
[100,50]   [10,20,15] (5)   9343.88
[100,50]   [10,20,15] (10)   9508.18
[100,50]   [10,20,15] (15)   9378.47
[100,50]   [10,20,15] (20)   9478.14
[100,50]   [10,20,15] (25)   7982.07
[100,50]   [10,20,15] (30)   6980.82
[100,50]   [10,20,20] (0)   9547.37
[100,50]   [10,20,20] (5)   9365.8
[100,50]   [10,20,20] (10)   9372.66
[100,50]   [10,20,20] (15)   9346.56
[100,50]   [10,20,20] (20)   9223.76
[100,50]   [10,20,20] (25)   8825.77
[100,50]   [10,20,20] (30)   7953.8
[100,50]   [10,30,5] (0)   18328.3
[100,50]   [10,30,5] (5)   18458
[100,50]   [10,30,5] (10)   18353.2
[100,50]   [10,30,5] (15)   18481.5
[100,50]   [10,30,5] (20)   18523.6
[100,50]   [10,30,5] (25)   18324.5
[100,50]   [10,30,5] (30)   18046.9
[100,50]   [10,30,10] (0)   18493.5
[100,50]   [10,30,10] (5)   18331.8
[100,50]   [10,30,10] (10)   18383.5
[100,50]   [10,30,10] (15)   18328.6
[100,50]   [10,30,10] (20)   18374.2
[100,50]   [10,30,10] (25)   18456.6
[100,50]   [10,30,10] (30)   18488.3
[100,50]   [10,30,15] (0)   18265.3
[100,50]   [10,30,15] (5)   18471.5
[100,50]   [10,30,15] (10)   18378.6
[100,50]   [10,30,15] (15)   18412.1
[100,50]   [10,30,15] (20)   18389.1
[100,50]   [10,30,15] (25)   18137.5
[100,50]   [10,30,15] (30)   17448.4
[100,50]   [10,30,20] (0)   18448.6
[100,50]   [10,30,20] (5)   18429.9
[100,50]   [10,30,20] (10)   18468.6
[100,50]   [10,30,20] (15)   18318.3
[100,50]   [10,30,20] (20)   18515.6
[100,50]   [10,30,20] (25)   18337.3
[100,50]   [10,30,20] (30)   18422.1
[100,50]   [10,40,5] (0)   34117.6
[100,50]   [10,40,5] (5)   34100.7
[100,50]   [10,40,5] (10)   34094.3
[100,50]   [10,40,5] (15)   34010.5
[100,50]   [10,40,5] (20)   34154.5
[100,50]   [10,40,5] (25)   34136
[100,50]   [10,40,5] (30)   34138.8
[100,50]   [10,40,10] (0)   34168.5
[100,50]   [10,40,10] (5)   34126.9
[100,50]   [10,40,10] (10)   34137.7
[100,50]   [10,40,10] (15)   34190.3
[100,50]   [10,40,10] (20)   34143.5
[100,50]   [10,40,10] (25)   34163.6
[100,50]   [10,40,10] (30)   34082.4
[100,50]   [10,40,15] (0)   34136.4
[100,50]   [10,40,15] (5)   34191.9
[100,50]   [10,40,15] (10)   34174.8
[100,50]   [10,40,15] (15)   34116.6
[100,50]   [10,40,15] (20)   34152.5
[100,50]   [10,40,15] (25)   34174.4
[100,50]   [10,40,15] (30)   34168.2
[100,50]   [10,40,20] (0)   34179.1
[100,50]   [10,40,20] (5)   34158.1
[100,50]   [10,40,20] (10)   34148.9
[100,50]   [10,40,20] (15)   34196.7
[100,50]   [10,40,20] (20)   34133.2
[100,50]   [10,40,20] (25)   34144.7
[100,50]   [10,40,20] (30)   33975.5
[100,50]   [10,50,5] (0)   38093.6
[100,50]   [10,50,5] (5)   38067.5
[100,50]   [10,50,5] (10)   38068.8
[100,50]   [10,50,5] (15)   38035.7
[100,50]   [10,50,5] (20)   38065.9
[100,50]   [10,50,5] (25)   38089.6
[100,50]   [10,50,5] (30)   38068.8
[100,50]   [10,50,10] (0)   38103.5
[100,50]   [10,50,10] (5)   38023.4
[100,50]   [10,50,10] (10)   38046.2
[100,50]   [10,50,10] (15)   38058.2
[100,50]   [10,50,10] (20)   38094.9
[100,50]   [10,50,10] (25)   38058.9
[100,50]   [10,50,10] (30)   38041.4
[100,50]   [10,50,15] (0)   38026.2
[100,50]   [10,50,15] (5)   38053.4
[100,50]   [10,50,15] (10)   37976.9
[100,50]   [10,50,15] (15)   37821.2
[100,50]   [10,50,15] (20)   38099
[100,50]   [10,50,15] (25)   38050.3
[100,50]   [10,50,15] (30)   37992.8
[100,50]   [10,50,20] (0)   38052.5
[100,50]   [10,50,20] (5)   38029.9
[100,50]   [10,50,20] (10)   38045.4
[100,50]   [10,50,20] (15)   38042.8
[100,50]   [10,50,20] (20)   38075.7
[100,50]   [10,50,20] (25)   38092.7
[100,50]   [10,50,20] (30)   38017.3
[100,50]   [10,60,5] (0)   43481.8
[100,50]   [10,60,5] (5)   43525.2
[100,50]   [10,60,5] (10)   43514.2
[100,50]   [10,60,5] (15)   43466.7
[100,50]   [10,60,5] (20)   43527.6
[100,50]   [10,60,5] (25)   43531.8
[100,50]   [10,60,5] (30)   43510.9
[100,50]   [10,60,10] (0)   43461.2
[100,50]   [10,60,10] (5)   43471.7
[100,50]   [10,60,10] (10)   43505
[100,50]   [10,60,10] (15)   43515
[100,50]   [10,60,10] (20)   43509.2
[100,50]   [10,60,10] (25)   43543.8
[100,50]   [10,60,10] (30)   43542.9
[100,50]   [10,60,15] (0)   43368
[100,50]   [10,60,15] (5)   43522.4
[100,50]   [10,60,15] (10)   43516.1
[100,50]   [10,60,15] (15)   43553.9
[100,50]   [10,60,15] (20)   43524.3
[100,50]   [10,60,15] (25)   43479.4
[100,50]   [10,60,15] (30)   43526.6
[100,50]   [10,60,20] (0)   43479.6
[100,50]   [10,60,20] (5)   43481.2
[100,50]   [10,60,20] (10)   43504.8
[100,50]   [10,60,20] (15)   43503.3
[100,50]   [10,60,20] (20)   43509.1
[100,50]   [10,60,20] (25)   43450.9
[100,50]   [10,60,20] (30)   43494.9
[100,50]   [20,10,5] (0)   7520.2
[100,50]   [20,10,5] (5)   2076.11
[100,50]   [20,10,5] (10)   69.4638
[100,50]   [20,10,5] (15)   71.4061
[100,50]   [20,10,5] (20)   80.5854
[100,50]   [20,10,5] (25)   90.451
[100,50]   [20,10,5] (30)   99.6868
[100,50]   [20,10,10] (0)   7520.46
[100,50]   [20,10,10] (5)   1861.72
[100,50]   [20,10,10] (10)   90.5458
[100,50]   [20,10,10] (15)   92.6363
[100,50]   [20,10,10] (20)   100.675
[100,50]   [20,10,10] (25)   108.546
[100,50]   [20,10,10] (30)   116.748
[100,50]   [20,10,15] (0)   7495.63
[100,50]   [20,10,15] (5)   121.311
[100,50]   [20,10,15] (10)   93.87
[100,50]   [20,10,15] (15)   100.211
[100,50]   [20,10,15] (20)   107.466
[100,50]   [20,10,15] (25)   116.117
[100,50]   [20,10,15] (30)   124.266
[100,50]   [20,10,20] (0)   7630.68
[100,50]   [20,10,20] (5)   143.069
[100,50]   [20,10,20] (10)   107.406
[100,50]   [20,10,20] (15)   112.525
[100,50]   [20,10,20] (20)   120.449
[100,50]   [20,10,20] (25)   128.219
[100,50]   [20,10,20] (30)   136.309
[100,50]   [20,20,5] (0)   139.307
[100,50]   [20,20,5] (5)   135.699
[100,50]   [20,20,5] (10)   122.931
[100,50]   [20,20,5] (15)   106.527
[100,50]   [20,20,5] (20)   113.643
[100,50]   [20,20,5] (25)   122.147
[100,50]   [20,20,5] (30)   129.934
[100,50]   [20,20,10] (0)   136.725
[100,50]   [20,20,10] (5)   138.4
[100,50]   [20,20,10] (10)   126.013
[100,50]   [20,20,10] (15)   122.547
[100,50]   [20,20,10] (20)   128.98
[100,50]   [20,20,10] (25)   137.191
[100,50]   [20,20,10] (30)   145.451
[100,50]   [20,20,15] (0)   136.971
[100,50]   [20,20,15] (5)   137.522
[100,50]   [20,20,15] (10)   123.511
[100,50]   [20,20,15] (15)   124.192
[100,50]   [20,20,15] (20)   131.675
[100,50]   [20,20,15] (25)   139.952
[100,50]   [20,20,15] (30)   147.483
[100,50]   [20,20,20] (0)   137.548
[100,50]   [20,20,20] (5)   137.275
[100,50]   [20,20,20] (10)   129.78
[100,50]   [20,20,20] (15)   134.051
[100,50]   [20,20,20] (20)   141.984
[100,50]   [20,20,20] (25)   149.553
[100,50]   [20,20,20] (30)   156.582
[100,50]   [20,30,5] (0)   8116.69
[100,50]   [20,30,5] (5)   7895.24
[100,50]   [20,30,5] (10)   7934.49
[100,50]   [20,30,5] (15)   7998.48
[100,50]   [20,30,5] (20)   8039.72
[100,50]   [20,30,5] (25)   8109.52
[100,50]   [20,30,5] (30)   5835.26
[100,50]   [20,30,10] (0)   8109.88
[100,50]   [20,30,10] (5)   8063.81
[100,50]   [20,30,10] (10)   8101.65
[100,50]   [20,30,10] (15)   8210.35
[100,50]   [20,30,10] (20)   7945.21
[100,50]   [20,30,10] (25)   7615.84
[100,50]   [20,30,10] (30)   6164.6
[100,50]   [20,30,15] (0)   7902.62
[100,50]   [20,30,15] (5)   8142.06
[100,50]   [20,30,15] (10)   7993.15
[100,50]   [20,30,15] (15)   7952.01
[100,50]   [20,30,15] (20)   7876.31
[100,50]   [20,30,15] (25)   7937.92
[100,50]   [20,30,15] (30)   7057.75
[100,50]   [20,30,20] (0)   8044.33
[100,50]   [20,30,20] (5)   7977.56
[100,50]   [20,30,20] (10)   8049.15
[100,50]   [20,30,20] (15)   7961.23
[100,50]   [20,30,20] (20)   8155.12
[100,50]   [20,30,20] (25)   8022.28
[100,50]   [20,30,20] (30)   7993.42
[100,50]   [20,40,5] (0)   15800.4
[100,50]   [20,40,5] (5)   15703.3
[100,50]   [20,40,5] (10)   15665.9
[100,50]   [20,40,5] (15)   15819
[100,50]   [20,40,5] (20)   15710.7
[100,50]   [20,40,5] (25)   15698.4
[100,50]   [20,40,5] (30)   15814.1
[100,50]   [20,40,10] (0)   15838.7
[100,50]   [20,40,10] (5)   15834.2
[100,50]   [20,40,10] (10)   15735.3
[100,50]   [20,40,10] (15)   15722.9
[100,50]   [20,40,10] (20)   15593.4
[100,50]   [20,40,10] (25)   15768.9
[100,50]   [20,40,10] (30)   15821
[100,50]   [20,40,15] (0)   15730.9
[100,50]   [20,40,15] (5)   15823.8
[100,50]   [20,40,15] (10)   15828.1
[100,50]   [20,40,15] (15)   15811.4
[100,50]   [20,40,15] (20)   15809.6
[100,50]   [20,40,15] (25)   15770.9
[100,50]   [20,40,15] (30)   15830.5
[100,50]   [20,40,20] (0)   15742.9
[100,50]   [20,40,20] (5)   15598.5
[100,50]   [20,40,20] (10)   15652.7
[100,50]   [20,40,20] (15)   15589
[100,50]   [20,40,20] (20)   15723.8
[100,50]   [20,40,20] (25)   15695.2
[100,50]   [20,40,20] (30)   15820.4
[100,50]   [20,50,5] (0)   24249.5
[100,50]   [20,50,5] (5)   24162
[100,50]   [20,50,5] (10)   24264.4
[100,50]   [20,50,5] (15)   24168.7
[100,50]   [20,50,5] (20)   24277.8
[100,50]   [20,50,5] (25)   23877.1
[100,50]   [20,50,5] (30)   24037.1
[100,50]   [20,50,10] (0)   24329.1
[100,50]   [20,50,10] (5)   24188.6
[100,50]   [20,50,10] (10)   24044.7
[100,50]   [20,50,10] (15)   24239.9
[100,50]   [20,50,10] (20)   24136
[100,50]   [20,50,10] (25)   23959.5
[100,50]   [20,50,10] (30)   24147.3
[100,50]   [20,50,15] (0)   24080.5
[100,50]   [20,50,15] (5)   24178.7
[100,50]   [20,50,15] (10)   24260.6
[100,50]   [20,50,15] (15)   24317.6
[100,50]   [20,50,15] (20)   24129
[100,50]   [20,50,15] (25)   24079
[100,50]   [20,50,15] (30)   24095.1
[100,50]   [20,50,20] (0)   23970
[100,50]   [20,50,20] (5)   24113.6
[100,50]   [20,50,20] (10)   24379.7
[100,50]   [20,50,20] (15)   24233.5
[100,50]   [20,50,20] (20)   24108.6
[100,50]   [20,50,20] (25)   24171.5
[100,50]   [20,50,20] (30)   24225.4
[100,50]   [20,60,5] (0)   31889.4
[100,50]   [20,60,5] (5)   31802.3
[100,50]   [20,60,5] (10)   31837.7
[100,50]   [20,60,5] (15)   31983.2
[100,50]   [20,60,5] (20)   31812
[100,50]   [20,60,5] (25)   31967.7
[100,50]   [20,60,5] (30)   31992.9
[100,50]   [20,60,10] (0)   31909.7
[100,50]   [20,60,10] (5)   31810.3
[100,50]   [20,60,10] (10)   31987.5
[100,50]   [20,60,10] (15)   31942.5
[100,50]   [20,60,10] (20)   31876.8
[100,50]   [20,60,10] (25)   31915.8
[100,50]   [20,60,10] (30)   31934.2
[100,50]   [20,60,15] (0)   31849
[100,50]   [20,60,15] (5)   31976.4
[100,50]   [20,60,15] (10)   31755.4
[100,50]   [20,60,15] (15)   32054
[100,50]   [20,60,15] (20)   31935.9
[100,50]   [20,60,15] (25)   32000.4
[100,50]   [20,60,15] (30)   31847.1
[100,50]   [20,60,20] (0)   31954.4
[100,50]   [20,60,20] (5)   31933.3
[100,50]   [20,60,20] (10)   31744
[100,50]   [20,60,20] (15)   31876.5
[100,50]   [20,60,20] (20)   32028.7
[100,50]   [20,60,20] (25)   31964.9
[100,50]   [20,60,20] (30)   31923.9
[100,50]   [30,10,5] (0)   14903.7
[100,50]   [30,10,5] (5)   7756.43
[100,50]   [30,10,5] (10)   89.3052
[100,50]   [30,10,5] (15)   78.2975
[100,50]   [30,10,5] (20)   80.3925
[100,50]   [30,10,5] (25)   87.3275
[100,50]   [30,10,5] (30)   97.5014
[100,50]   [30,10,10] (0)   14918.8
[100,50]   [30,10,10] (5)   7858.84
[100,50]   [30,10,10] (10)   128.115
[100,50]   [30,10,10] (15)   100.058
[100,50]   [30,10,10] (20)   100.493
[100,50]   [30,10,10] (25)   107.012
[100,50]   [30,10,10] (30)   115.112
[100,50]   [30,10,15] (0)   14816.1
[100,50]   [30,10,15] (5)   4100.09
[100,50]   [30,10,15] (10)   108.909
[100,50]   [30,10,15] (15)   107.218
[100,50]   [30,10,15] (20)   110.074
[100,50]   [30,10,15] (25)   117.085
[100,50]   [30,10,15] (30)   125.223
[100,50]   [30,10,20] (0)   14821.4
[100,50]   [30,10,20] (5)   3590.96
[100,50]   [30,10,20] (10)   114.343
[100,50]   [30,10,20] (15)   116.566
[100,50]   [30,10,20] (20)   124.209
[100,50]   [30,10,20] (25)   131.451
[100,50]   [30,10,20] (30)   139.19
[100,50]   [30,20,5] (0)   7987.5
[100,50]   [30,20,5] (5)   7950.21
[100,50]   [30,20,5] (10)   4907.67
[100,50]   [30,20,5] (15)   116.768
[100,50]   [30,20,5] (20)   98.3211
[100,50]   [30,20,5] (25)   102.747
[100,50]   [30,20,5] (30)   111.68
[100,50]   [30,20,10] (0)   8041.05
[100,50]   [30,20,10] (5)   8001.65
[100,50]   [30,20,10] (10)   5244.16
[100,50]   [30,20,10] (15)   128.82
[100,50]   [30,20,10] (20)   119.446
[100,50]   [30,20,10] (25)   124.356
[100,50]   [30,20,10] (30)   132.154
[100,50]   [30,20,15] (0)   8023.04
[100,50]   [30,20,15] (5)   8020.59
[100,50]   [30,20,15] (10)   3975.78
[100,50]   [30,20,15] (15)   127.118
[100,50]   [30,20,15] (20)   125.987
[100,50]   [30,20,15] (25)   132.18
[100,50]   [30,20,15] (30)   139.792
[100,50]   [30,20,20] (0)   7993.05
[100,50]   [30,20,20] (5)   7928.33
[100,50]   [30,20,20] (10)   4309.16
[100,50]   [30,20,20] (15)   137.632
[100,50]   [30,20,20] (20)   138.59
[100,50]   [30,20,20] (25)   145.145
[100,50]   [30,20,20] (30)   152.809
[100,50]   [30,30,5] (0)   170.933
[100,50]   [30,30,5] (5)   171.043
[100,50]   [30,30,5] (10)   170.589
[100,50]   [30,30,5] (15)   161.015
[100,50]   [30,30,5] (20)   137.661
[100,50]   [30,30,5] (25)   132.794
[100,50]   [30,30,5] (30)   140.853
[100,50]   [30,30,10] (0)   170.105
[100,50]   [30,30,10] (5)   173.143
[100,50]   [30,30,10] (10)   171.227
[100,50]   [30,30,10] (15)   163.843
[100,50]   [30,30,10] (20)   148.844
[100,50]   [30,30,10] (25)   152.1
[100,50]   [30,30,10] (30)   159.629
[100,50]   [30,30,15] (0)   171.246
[100,50]   [30,30,15] (5)   171.503
[100,50]   [30,30,15] (10)   168.42
[100,50]   [30,30,15] (15)   159.681
[100,50]   [30,30,15] (20)   150.751
[100,50]   [30,30,15] (25)   155.66
[100,50]   [30,30,15] (30)   163.579
[100,50]   [30,30,20] (0)   169.146
[100,50]   [30,30,20] (5)   171.8
[100,50]   [30,30,20] (10)   171.542
[100,50]   [30,30,20] (15)   162.915
[100,50]   [30,30,20] (20)   159.93
[100,50]   [30,30,20] (25)   166.022
[100,50]   [30,30,20] (30)   173.299
[100,50]   [30,40,5] (0)   4421.14
[100,50]   [30,40,5] (5)   4399.67
[100,50]   [30,40,5] (10)   4455.35
[100,50]   [30,40,5] (15)   4428.91
[100,50]   [30,40,5] (20)   4499.35
[100,50]   [30,40,5] (25)   4427.9
[100,50]   [30,40,5] (30)   4420.77
[100,50]   [30,40,10] (0)   4385.32
[100,50]   [30,40,10] (5)   4341.56
[100,50]   [30,40,10] (10)   4498.9
[100,50]   [30,40,10] (15)   4326.14
[100,50]   [30,40,10] (20)   4332.94
[100,50]   [30,40,10] (25)   4378.48
[100,50]   [30,40,10] (30)   4348.65
[100,50]   [30,40,15] (0)   4435.98
[100,50]   [30,40,15] (5)   4370.35
[100,50]   [30,40,15] (10)   4372.01
[100,50]   [30,40,15] (15)   4396.28
[100,50]   [30,40,15] (20)   4396.92
[100,50]   [30,40,15] (25)   4437.01
[100,50]   [30,40,15] (30)   4485.39
[100,50]   [30,40,20] (0)   4468.59
[100,50]   [30,40,20] (5)   4385.01
[100,50]   [30,40,20] (10)   4452.08
[100,50]   [30,40,20] (15)   4412.69
[100,50]   [30,40,20] (20)   4370.28
[100,50]   [30,40,20] (25)   4374.06
[100,50]   [30,40,20] (30)   4422.16
[100,50]   [30,50,5] (0)   12394
[100,50]   [30,50,5] (5)   12390.6
[100,50]   [30,50,5] (10)   12308
[100,50]   [30,50,5] (15)   12399.3
[100,50]   [30,50,5] (20)   12465.8
[100,50]   [30,50,5] (25)   12352.4
[100,50]   [30,50,5] (30)   12487.5
[100,50]   [30,50,10] (0)   12687.8
[100,50]   [30,50,10] (5)   12624.8
[100,50]   [30,50,10] (10)   12472.5
[100,50]   [30,50,10] (15)   12615.2
[100,50]   [30,50,10] (20)   12454.4
[100,50]   [30,50,10] (25)   12546.2
[100,50]   [30,50,10] (30)   12538.8
[100,50]   [30,50,15] (0)   12550.5
[100,50]   [30,50,15] (5)   12586.1
[100,50]   [30,50,15] (10)   12366.6
[100,50]   [30,50,15] (15)   12524.4
[100,50]   [30,50,15] (20)   12536.1
[100,50]   [30,50,15] (25)   12506.4
[100,50]   [30,50,15] (30)   12629.6
[100,50]   [30,50,20] (0)   12552.9
[100,50]   [30,50,20] (5)   12630.3
[100,50]   [30,50,20] (10)   12575.9
[100,50]   [30,50,20] (15)   12454.9
[100,50]   [30,50,20] (20)   12414.9
[100,50]   [30,50,20] (25)   12522.3
[100,50]   [30,50,20] (30)   12614.3
[100,50]   [30,60,5] (0)   21498.8
[100,50]   [30,60,5] (5)   21495.5
[100,50]   [30,60,5] (10)   21709
[100,50]   [30,60,5] (15)   21449.4
[100,50]   [30,60,5] (20)   21517.5
[100,50]   [30,60,5] (25)   21437.9
[100,50]   [30,60,5] (30)   21557.9
[100,50]   [30,60,10] (0)   21702.7
[100,50]   [30,60,10] (5)   21551.9
[100,50]   [30,60,10] (10)   21480.8
[100,50]   [30,60,10] (15)   21537.9
[100,50]   [30,60,10] (20)   21691.8
[100,50]   [30,60,10] (25)   21188.1
[100,50]   [30,60,10] (30)   21403.4
[100,50]   [30,60,15] (0)   21274.3
[100,50]   [30,60,15] (5)   21668.1
[100,50]   [30,60,15] (10)   21461
[100,50]   [30,60,15] (15)   21652.1
[100,50]   [30,60,15] (20)   21454.1
[100,50]   [30,60,15] (25)   21375.1
[100,50]   [30,60,15] (30)   21443.2
[100,50]   [30,60,20] (0)   21233.7
[100,50]   [30,60,20] (5)   21486.3
[100,50]   [30,60,20] (10)   21329.7
[100,50]   [30,60,20] (15)   21383.6
[100,50]   [30,60,20] (20)   21587.6
[100,50]   [30,60,20] (25)   21378.8
[100,50]   [30,60,20] (30)   21617.4
[100,50]   [40,10,5] (0)   25259.2
[100,50]   [40,10,5] (5)   13222.2
[100,50]   [40,10,5] (10)   162.389
[100,50]   [40,10,5] (15)   89.9917
[100,50]   [40,10,5] (20)   87.7379
[100,50]   [40,10,5] (25)   90.5587
[100,50]   [40,10,5] (30)   96.6801
[100,50]   [40,10,10] (0)   25260.5
[100,50]   [40,10,10] (5)   13568.5
[100,50]   [40,10,10] (10)   3776.91
[100,50]   [40,10,10] (15)   117.462
[100,50]   [40,10,10] (20)   109.599
[100,50]   [40,10,10] (25)   110.134
[100,50]   [40,10,10] (30)   115.315
[100,50]   [40,10,15] (0)   25283.6
[100,50]   [40,10,15] (5)   10126.4
[100,50]   [40,10,15] (10)   1660.54
[100,50]   [40,10,15] (15)   120.88
[100,50]   [40,10,15] (20)   117.936
[100,50]   [40,10,15] (25)   120.496
[100,50]   [40,10,15] (30)   126.599
[100,50]   [40,10,20] (0)   25307.5
[100,50]   [40,10,20] (5)   9125.54
[100,50]   [40,10,20] (10)   136.907
[100,50]   [40,10,20] (15)   133.987
[100,50]   [40,10,20] (20)   132.672
[100,50]   [40,10,20] (25)   136.547
[100,50]   [40,10,20] (30)   142.554
[100,50]   [40,20,5] (0)   13863.1
[100,50]   [40,20,5] (5)   13811.3
[100,50]   [40,20,5] (10)   10627.5
[100,50]   [40,20,5] (15)   282.54
[100,50]   [40,20,5] (20)   111.028
[100,50]   [40,20,5] (25)   103.858
[100,50]   [40,20,5] (30)   105.159
[100,50]   [40,20,10] (0)   13742.4
[100,50]   [40,20,10] (5)   13735.6
[100,50]   [40,20,10] (10)   11265
[100,50]   [40,20,10] (15)   1933.88
[100,50]   [40,20,10] (20)   131.98
[100,50]   [40,20,10] (25)   125.087
[100,50]   [40,20,10] (30)   128.6
[100,50]   [40,20,15] (0)   13772.3
[100,50]   [40,20,15] (5)   13789
[100,50]   [40,20,15] (10)   9997.65
[100,50]   [40,20,15] (15)   153.022
[100,50]   [40,20,15] (20)   135.528
[100,50]   [40,20,15] (25)   133.174
[100,50]   [40,20,15] (30)   137.753
[100,50]   [40,20,20] (0)   13767.2
[100,50]   [40,20,20] (5)   13806.8
[100,50]   [40,20,20] (10)   9705.69
[100,50]   [40,20,20] (15)   152.417
[100,50]   [40,20,20] (20)   144.021
[100,50]   [40,20,20] (25)   146.889
[100,50]   [40,20,20] (30)   153.019
[100,50]   [40,30,5] (0)   5767.8
[100,50]   [40,30,5] (5)   5824.46
[100,50]   [40,30,5] (10)   5844.48
[100,50]   [40,30,5] (15)   4588.73
[100,50]   [40,30,5] (20)   160.852
[100,50]   [40,30,5] (25)   129.86
[100,50]   [40,30,5] (30)   124.456
[100,50]   [40,30,10] (0)   5819.08
[100,50]   [40,30,10] (5)   5806.35
[100,50]   [40,30,10] (10)   5829.93
[100,50]   [40,30,10] (15)   4736.13
[100,50]   [40,30,10] (20)   169.382
[100,50]   [40,30,10] (25)   149.827
[100,50]   [40,30,10] (30)   149.294
[100,50]   [40,30,15] (0)   5839.93
[100,50]   [40,30,15] (5)   5832.48
[100,50]   [40,30,15] (10)   5838.69
[100,50]   [40,30,15] (15)   3975.74
[100,50]   [40,30,15] (20)   161.936
[100,50]   [40,30,15] (25)   154.476
[100,50]   [40,30,15] (30)   157.183
[100,50]   [40,30,20] (0)   5808.62
[100,50]   [40,30,20] (5)   5899.83
[100,50]   [40,30,20] (10)   5851.72
[100,50]   [40,30,20] (15)   3916.2
[100,50]   [40,30,20] (20)   169.616
[100,50]   [40,30,20] (25)   165.739
[100,50]   [40,30,20] (30)   170.428
[100,50]   [40,40,5] (0)   207.018
[100,50]   [40,40,5] (5)   206.329
[100,50]   [40,40,5] (10)   207.329
[100,50]   [40,40,5] (15)   206.203
[100,50]   [40,40,5] (20)   207.367
[100,50]   [40,40,5] (25)   182.312
[100,50]   [40,40,5] (30)   168.492
[100,50]   [40,40,10] (0)   207.294
[100,50]   [40,40,10] (5)   206.803
[100,50]   [40,40,10] (10)   205.548
[100,50]   [40,40,10] (15)   207.203
[100,50]   [40,40,10] (20)   201.681
[100,50]   [40,40,10] (25)   188.127
[100,50]   [40,40,10] (30)   184.525
[100,50]   [40,40,15] (0)   207.285
[100,50]   [40,40,15] (5)   205.928
[100,50]   [40,40,15] (10)   206.438
[100,50]   [40,40,15] (15)   209.622
[100,50]   [40,40,15] (20)   204.083
[100,50]   [40,40,15] (25)   186.602
[100,50]   [40,40,15] (30)   187.4
[100,50]   [40,40,20] (0)   207.52
[100,50]   [40,40,20] (5)   207.641
[100,50]   [40,40,20] (10)   208.158
[100,50]   [40,40,20] (15)   205.187
[100,50]   [40,40,20] (20)   201.62
[100,50]   [40,40,20] (25)   192.42
[100,50]   [40,40,20] (30)   195.468
[100,50]   [40,50,5] (0)   2965.67
[100,50]   [40,50,5] (5)   2998.04
[100,50]   [40,50,5] (10)   2951.38
[100,50]   [40,50,5] (15)   2848.84
[100,50]   [40,50,5] (20)   3028.45
[100,50]   [40,50,5] (25)   2991.71
[100,50]   [40,50,5] (30)   2917.81
[100,50]   [40,50,10] (0)   2901.57
[100,50]   [40,50,10] (5)   2943.76
[100,50]   [40,50,10] (10)   2814.97
[100,50]   [40,50,10] (15)   2919.97
[100,50]   [40,50,10] (20)   2895.86
[100,50]   [40,50,10] (25)   2896.77
[100,50]   [40,50,10] (30)   3087.86
[100,50]   [40,50,15] (0)   2887.74
[100,50]   [40,50,15] (5)   3080.23
[100,50]   [40,50,15] (10)   2953.45
[100,50]   [40,50,15] (15)   2968.03
[100,50]   [40,50,15] (20)   2902.73
[100,50]   [40,50,15] (25)   2996.27
[100,50]   [40,50,15] (30)   2886.87
[100,50]   [40,50,20] (0)   3031.92
[100,50]   [40,50,20] (5)   2932.6
[100,50]   [40,50,20] (10)   3090.01
[100,50]   [40,50,20] (15)   2961.04
[100,50]   [40,50,20] (20)   3043.5
[100,50]   [40,50,20] (25)   2832.93
[100,50]   [40,50,20] (30)   3024.8
[100,50]   [40,60,5] (0)   12954.4
[100,50]   [40,60,5] (5)   12860.7
[100,50]   [40,60,5] (10)   12807.8
[100,50]   [40,60,5] (15)   12670.6
[100,50]   [40,60,5] (20)   12837.6
[100,50]   [40,60,5] (25)   12691.1
[100,50]   [40,60,5] (30)   12871.7
[100,50]   [40,60,10] (0)   12897.4
[100,50]   [40,60,10] (5)   12844.9
[100,50]   [40,60,10] (10)   12777.8
[100,50]   [40,60,10] (15)   12713.8
[100,50]   [40,60,10] (20)   12895.8
[100,50]   [40,60,10] (25)   12813.6
[100,50]   [40,60,10] (30)   12983.2
[100,50]   [40,60,15] (0)   12778.3
[100,50]   [40,60,15] (5)   12901.1
[100,50]   [40,60,15] (10)   12949.1
[100,50]   [40,60,15] (15)   12881.2
[100,50]   [40,60,15] (20)   12754.7
[100,50]   [40,60,15] (25)   12815.4
[100,50]   [40,60,15] (30)   12857.5
[100,50]   [40,60,20] (0)   12747.7
[100,50]   [40,60,20] (5)   12777.5
[100,50]   [40,60,20] (10)   12758.2
[100,50]   [40,60,20] (15)   12831.5
[100,50]   [40,60,20] (20)   12660
[100,50]   [40,60,20] (25)   12770.3
[100,50]   [40,60,20] (30)   12614.9
[100,50]   [50,10,5] (0)   26462.2
[100,50]   [50,10,5] (5)   18150.9
[100,50]   [50,10,5] (10)   3560.54
[100,50]   [50,10,5] (15)   104.555
[100,50]   [50,10,5] (20)   96.0474
[100,50]   [50,10,5] (25)   97.9864
[100,50]   [50,10,5] (30)   101.391
[100,50]   [50,10,10] (0)   26423.6
[100,50]   [50,10,10] (5)   19052.8
[100,50]   [50,10,10] (10)   9071.32
[100,50]   [50,10,10] (15)   2058.36
[100,50]   [50,10,10] (20)   127.299
[100,50]   [50,10,10] (25)   120.256
[100,50]   [50,10,10] (30)   120.234
[100,50]   [50,10,15] (0)   26442.1
[100,50]   [50,10,15] (5)   14760.1
[100,50]   [50,10,15] (10)   7105.17
[100,50]   [50,10,15] (15)   274.256
[100,50]   [50,10,15] (20)   130.376
[100,50]   [50,10,15] (25)   128.677
[100,50]   [50,10,15] (30)   129.674
[100,50]   [50,10,20] (0)   26436.8
[100,50]   [50,10,20] (5)   14681.3
[100,50]   [50,10,20] (10)   4439.25
[100,50]   [50,10,20] (15)   2601.53
[100,50]   [50,10,20] (20)   144.939
[100,50]   [50,10,20] (25)   145.207
[100,50]   [50,10,20] (30)   146.92
[100,50]   [50,20,5] (0)   19372.5
[100,50]   [50,20,5] (5)   19259
[100,50]   [50,20,5] (10)   16202.7
[100,50]   [50,20,5] (15)   4677.07
[100,50]   [50,20,5] (20)   129.973
[100,50]   [50,20,5] (25)   113.338
[100,50]   [50,20,5] (30)   110.316
[100,50]   [50,20,10] (0)   19358
[100,50]   [50,20,10] (5)   19316.7
[100,50]   [50,20,10] (10)   16945.9
[100,50]   [50,20,10] (15)   7308.05
[100,50]   [50,20,10] (20)   733.493
[100,50]   [50,20,10] (25)   141.262
[100,50]   [50,20,10] (30)   133.928
[100,50]   [50,20,15] (0)   19401.2
[100,50]   [50,20,15] (5)   19276.3
[100,50]   [50,20,15] (10)   15587
[100,50]   [50,20,15] (15)   3902.73
[100,50]   [50,20,15] (20)   175.258
[100,50]   [50,20,15] (25)   141.329
[100,50]   [50,20,15] (30)   141.57
[100,50]   [50,20,20] (0)   19331.6
[100,50]   [50,20,20] (5)   19356.9
[100,50]   [50,20,20] (10)   16029.8
[100,50]   [50,20,20] (15)   1704.3
[100,50]   [50,20,20] (20)   170.625
[100,50]   [50,20,20] (25)   157.381
[100,50]   [50,20,20] (30)   156.324
[100,50]   [50,30,5] (0)   12272.4
[100,50]   [50,30,5] (5)   12341
[100,50]   [50,30,5] (10)   12361.2
[100,50]   [50,30,5] (15)   10606.9
[100,50]   [50,30,5] (20)   2175.94
[100,50]   [50,30,5] (25)   146.704
[100,50]   [50,30,5] (30)   129.022
[100,50]   [50,30,10] (0)   12326.4
[100,50]   [50,30,10] (5)   12297.3
[100,50]   [50,30,10] (10)   12325
[100,50]   [50,30,10] (15)   11031
[100,50]   [50,30,10] (20)   3774.56
[100,50]   [50,30,10] (25)   171.904
[100,50]   [50,30,10] (30)   154.046
[100,50]   [50,30,15] (0)   12367.1
[100,50]   [50,30,15] (5)   12409.4
[100,50]   [50,30,15] (10)   12292.9
[100,50]   [50,30,15] (15)   10036.6
[100,50]   [50,30,15] (20)   852.851
[100,50]   [50,30,15] (25)   167.356
[100,50]   [50,30,15] (30)   158.461
[100,50]   [50,30,20] (0)   12332.2
[100,50]   [50,30,20] (5)   12316.7
[100,50]   [50,30,20] (10)   12304.6
[100,50]   [50,30,20] (15)   10216.7
[100,50]   [50,30,20] (20)   233.742
[100,50]   [50,30,20] (25)   171.445
[100,50]   [50,30,20] (30)   171.359
[100,50]   [50,40,5] (0)   5727.22
[100,50]   [50,40,5] (5)   5757.3
[100,50]   [50,40,5] (10)   5730.38
[100,50]   [50,40,5] (15)   5671.53
[100,50]   [50,40,5] (20)   5531.79
[100,50]   [50,40,5] (25)   946.649
[100,50]   [50,40,5] (30)   173.287
[100,50]   [50,40,10] (0)   5717.45
[100,50]   [50,40,10] (5)   5726.2
[100,50]   [50,40,10] (10)   5747.95
[100,50]   [50,40,10] (15)   5651.18
[100,50]   [50,40,10] (20)   5489.19
[100,50]   [50,40,10] (25)   1378.14
[100,50]   [50,40,10] (30)   191.265
[100,50]   [50,40,15] (0)   5782.89
[100,50]   [50,40,15] (5)   5708.35
[100,50]   [50,40,15] (10)   5707.13
[100,50]   [50,40,15] (15)   5770.81
[100,50]   [50,40,15] (20)   5181.76
[100,50]   [50,40,15] (25)   279.483
[100,50]   [50,40,15] (30)   185.196
[100,50]   [50,40,20] (0)   5722.04
[100,50]   [50,40,20] (5)   5674.53
[100,50]   [50,40,20] (10)   5751.24
[100,50]   [50,40,20] (15)   5634.71
[100,50]   [50,40,20] (20)   5077.23
[100,50]   [50,40,20] (25)   248.005
[100,50]   [50,40,20] (30)   193.79
[100,50]   [50,50,5] (0)   4054.08
[100,50]   [50,50,5] (5)   4107.8
[100,50]   [50,50,5] (10)   4131.58
[100,50]   [50,50,5] (15)   4084.72
[100,50]   [50,50,5] (20)   4009.81
[100,50]   [50,50,5] (25)   1096.45
[100,50]   [50,50,5] (30)   227.205
[100,50]   [50,50,10] (0)   4107.17
[100,50]   [50,50,10] (5)   4058.83
[100,50]   [50,50,10] (10)   4216.9
[100,50]   [50,50,10] (15)   4038.71
[100,50]   [50,50,10] (20)   4189.06
[100,50]   [50,50,10] (25)   1120.29
[100,50]   [50,50,10] (30)   236.077
[100,50]   [50,50,15] (0)   4131.42
[100,50]   [50,50,15] (5)   4051.42
[100,50]   [50,50,15] (10)   3993.51
[100,50]   [50,50,15] (15)   4029.56
[100,50]   [50,50,15] (20)   3968.72
[100,50]   [50,50,15] (25)   1013.78
[100,50]   [50,50,15] (30)   225.834
[100,50]   [50,50,20] (0)   3995.53
[100,50]   [50,50,20] (5)   4044.18
[100,50]   [50,50,20] (10)   4035.51
[100,50]   [50,50,20] (15)   4073.03
[100,50]   [50,50,20] (20)   4024.27
[100,50]   [50,50,20] (25)   783.416
[100,50]   [50,50,20] (30)   230.4
[100,50]   [50,60,5] (0)   1697.56
[100,50]   [50,60,5] (5)   1845.75
[100,50]   [50,60,5] (10)   1738.34
[100,50]   [50,60,5] (15)   1816.64
[100,50]   [50,60,5] (20)   1808.19
[100,50]   [50,60,5] (25)   1840.08
[100,50]   [50,60,5] (30)   1563.6
[100,50]   [50,60,10] (0)   1808.99
[100,50]   [50,60,10] (5)   1892.44
[100,50]   [50,60,10] (10)   1828.7
[100,50]   [50,60,10] (15)   1663.53
[100,50]   [50,60,10] (20)   1780.7
[100,50]   [50,60,10] (25)   1774.22
[100,50]   [50,60,10] (30)   1576.25
[100,50]   [50,60,15] (0)   1805.51
[100,50]   [50,60,15] (5)   1826.52
[100,50]   [50,60,15] (10)   1856.83
[100,50]   [50,60,15] (15)   1596.43
[100,50]   [50,60,15] (20)   1797.96
[100,50]   [50,60,15] (25)   1748.45
[100,50]   [50,60,15] (30)   1784.48
[100,50]   [50,60,20] (0)   1830.33
[100,50]   [50,60,20] (5)   1916.26
[100,50]   [50,60,20] (10)   1711.09
[100,50]   [50,60,20] (15)   1730.28
[100,50]   [50,60,20] (20)   1751.66
[100,50]   [50,60,20] (25)   1776.43
[100,50]   [50,60,20] (30)   1713.91
[100,50]   [60,10,5] (0)   33561
[100,50]   [60,10,5] (5)   23118.8
[100,50]   [60,10,5] (10)   6101.39
[100,50]   [60,10,5] (15)   135.622
[100,50]   [60,10,5] (20)   105.271
[100,50]   [60,10,5] (25)   104.016
[100,50]   [60,10,5] (30)   107.767
[100,50]   [60,10,10] (0)   33167.8
[100,50]   [60,10,10] (5)   23874.1
[100,50]   [60,10,10] (10)   12689.7
[100,50]   [60,10,10] (15)   5403.47
[100,50]   [60,10,10] (20)   706.48
[100,50]   [60,10,10] (25)   134.487
[100,50]   [60,10,10] (30)   128.651
[100,50]   [60,10,15] (0)   32818.1
[100,50]   [60,10,15] (5)   20555
[100,50]   [60,10,15] (10)   10828.1
[100,50]   [60,10,15] (15)   3628.04
[100,50]   [60,10,15] (20)   180.158
[100,50]   [60,10,15] (25)   140.893
[100,50]   [60,10,15] (30)   137.971
[100,50]   [60,10,20] (0)   33163.2
[100,50]   [60,10,20] (5)   20023.5
[100,50]   [60,10,20] (10)   8348.72
[100,50]   [60,10,20] (15)   7096.26
[100,50]   [60,10,20] (20)   182.706
[100,50]   [60,10,20] (25)   155.603
[100,50]   [60,10,20] (30)   154.709
[100,50]   [60,20,5] (0)   24523.6
[100,50]   [60,20,5] (5)   24552.8
[100,50]   [60,20,5] (10)   21304.1
[100,50]   [60,20,5] (15)   7665.2
[100,50]   [60,20,5] (20)   190.092
[100,50]   [60,20,5] (25)   124.407
[100,50]   [60,20,5] (30)   117.683
[100,50]   [60,20,10] (0)   24555.6
[100,50]   [60,20,10] (5)   24745.2
[100,50]   [60,20,10] (10)   22035.3
[100,50]   [60,20,10] (15)   11312.8
[100,50]   [60,20,10] (20)   4364.03
[100,50]   [60,20,10] (25)   188.463
[100,50]   [60,20,10] (30)   146.511
[100,50]   [60,20,15] (0)   24537.3
[100,50]   [60,20,15] (5)   24543
[100,50]   [60,20,15] (10)   20142.1
[100,50]   [60,20,15] (15)   8258.86
[100,50]   [60,20,15] (20)   3224.93
[100,50]   [60,20,15] (25)   161.785
[100,50]   [60,20,15] (30)   151.561
[100,50]   [60,20,20] (0)   24584.5
[100,50]   [60,20,20] (5)   24528.3
[100,50]   [60,20,20] (10)   20532.6
[100,50]   [60,20,20] (15)   5817.6
[100,50]   [60,20,20] (20)   3922.22
[100,50]   [60,20,20] (25)   209.578
[100,50]   [60,20,20] (30)   164.41
[100,50]   [60,30,5] (0)   18467.5
[100,50]   [60,30,5] (5)   18453.7
[100,50]   [60,30,5] (10)   18491.2
[100,50]   [60,30,5] (15)   15641.7
[100,50]   [60,30,5] (20)   5621.99
[100,50]   [60,30,5] (25)   172.957
[100,50]   [60,30,5] (30)   139.15
[100,50]   [60,30,10] (0)   18478.5
[100,50]   [60,30,10] (5)   18478
[100,50]   [60,30,10] (10)   18465.1
[100,50]   [60,30,10] (15)   16406.6
[100,50]   [60,30,10] (20)   8256.09
[100,50]   [60,30,10] (25)   1785.45
[100,50]   [60,30,10] (30)   172.354
[100,50]   [60,30,15] (0)   18509.4
[100,50]   [60,30,15] (5)   18538.7
[100,50]   [60,30,15] (10)   18368.4
[100,50]   [60,30,15] (15)   15265.9
[100,50]   [60,30,15] (20)   5278.79
[100,50]   [60,30,15] (25)   305.177
[100,50]   [60,30,15] (30)   170.246
[100,50]   [60,30,20] (0)   18567.3
[100,50]   [60,30,20] (5)   18528.5
[100,50]   [60,30,20] (10)   18511
[100,50]   [60,30,20] (15)   15428
[100,50]   [60,30,20] (20)   3601.76
[100,50]   [60,30,20] (25)   209.896
[100,50]   [60,30,20] (30)   183.81
[100,50]   [60,40,5] (0)   13720.3
[100,50]   [60,40,5] (5)   13652.7
[100,50]   [60,40,5] (10)   13780.9
[100,50]   [60,40,5] (15)   13644.5
[100,50]   [60,40,5] (20)   11393.8
[100,50]   [60,40,5] (25)   5483.67
[100,50]   [60,40,5] (30)   198.461
[100,50]   [60,40,10] (0)   13724.2
[100,50]   [60,40,10] (5)   13755.7
[100,50]   [60,40,10] (10)   13700.9
[100,50]   [60,40,10] (15)   13737.2
[100,50]   [60,40,10] (20)   11790.9
[100,50]   [60,40,10] (25)   6564.87
[100,50]   [60,40,10] (30)   369.222
[100,50]   [60,40,15] (0)   13769.1
[100,50]   [60,40,15] (5)   13654.6
[100,50]   [60,40,15] (10)   13628.6
[100,50]   [60,40,15] (15)   13633.1
[100,50]   [60,40,15] (20)   11122.2
[100,50]   [60,40,15] (25)   4446.79
[100,50]   [60,40,15] (30)   208.508
[100,50]   [60,40,20] (0)   13727.1
[100,50]   [60,40,20] (5)   13699.3
[100,50]   [60,40,20] (10)   13759.2
[100,50]   [60,40,20] (15)   13709.7
[100,50]   [60,40,20] (20)   11325.6
[100,50]   [60,40,20] (25)   3725.03
[100,50]   [60,40,20] (30)   206.931
[100,50]   [60,50,5] (0)   6269.77
[100,50]   [60,50,5] (5)   6286.06
[100,50]   [60,50,5] (10)   6277.53
[100,50]   [60,50,5] (15)   6341.84
[100,50]   [60,50,5] (20)   6259.42
[100,50]   [60,50,5] (25)   6077.43
[100,50]   [60,50,5] (30)   2842.15
[100,50]   [60,50,10] (0)   6270.66
[100,50]   [60,50,10] (5)   6188.17
[100,50]   [60,50,10] (10)   6329.73
[100,50]   [60,50,10] (15)   6213.45
[100,50]   [60,50,10] (20)   6232.11
[100,50]   [60,50,10] (25)   6058.21
[100,50]   [60,50,10] (30)   3313.93
[100,50]   [60,50,15] (0)   6222.92
[100,50]   [60,50,15] (5)   6313.23
[100,50]   [60,50,15] (10)   6301.48
[100,50]   [60,50,15] (15)   6225
[100,50]   [60,50,15] (20)   6259.81
[100,50]   [60,50,15] (25)   5849.77
[100,50]   [60,50,15] (30)   1861.07
[100,50]   [60,50,20] (0)   6247.05
[100,50]   [60,50,20] (5)   6286.43
[100,50]   [60,50,20] (10)   6315.66
[100,50]   [60,50,20] (15)   6291.49
[100,50]   [60,50,20] (20)   6256.66
[100,50]   [60,50,20] (25)   5890.76
[100,50]   [60,50,20] (30)   1366.35
[100,50]   [60,60,5] (0)   1102.65
[100,50]   [60,60,5] (5)   1181.75
[100,50]   [60,60,5] (10)   1144.46
[100,50]   [60,60,5] (15)   1259.56
[100,50]   [60,60,5] (20)   1186.65
[100,50]   [60,60,5] (25)   1168.05
[100,50]   [60,60,5] (30)   1105.14
[100,50]   [60,60,10] (0)   1269.78
[100,50]   [60,60,10] (5)   1199.71
[100,50]   [60,60,10] (10)   1107.16
[100,50]   [60,60,10] (15)   1137.64
[100,50]   [60,60,10] (20)   1199.32
[100,50]   [60,60,10] (25)   1149.44
[100,50]   [60,60,10] (30)   1066.75
[100,50]   [60,60,15] (0)   1199.53
[100,50]   [60,60,15] (5)   1058.26
[100,50]   [60,60,15] (10)   1179.9
[100,50]   [60,60,15] (15)   1152.29
[100,50]   [60,60,15] (20)   1132.07
[100,50]   [60,60,15] (25)   1186.21
[100,50]   [60,60,15] (30)   1090.72
[100,50]   [60,60,20] (0)   1104.51
[100,50]   [60,60,20] (5)   1218.01
[100,50]   [60,60,20] (10)   1173.87
[100,50]   [60,60,20] (15)   1163.58
[100,50]   [60,60,20] (20)   1215.48
[100,50]   [60,60,20] (25)   1165.4
[100,50]   [60,60,20] (30)   980.309
