[30,20]   [10,10,5] (0)   71.9749
[30,20]   [10,10,5] (5)   50.7215
[30,20]   [10,10,5] (10)   53.7134
[30,20]   [10,10,5] (15)   63.6944
[30,20]   [10,10,5] (20)   73.8795
[30,20]   [10,10,5] (25)   84.2188
[30,20]   [10,10,5] (30)   94.4257
[30,20]   [10,10,10] (0)   74.5511
[30,20]   [10,10,10] (5)   60.7188
[30,20]   [10,10,10] (10)   67.1946
[30,20]   [10,10,10] (15)   76.1052
[30,20]   [10,10,10] (20)   84.7469
[30,20]   [10,10,10] (25)   93.5627
[30,20]   [10,10,10] (30)   102.351
[30,20]   [10,10,15] (0)   72.0512
[30,20]   [10,10,15] (5)   61.9906
[30,20]   [10,10,15] (10)   69.3359
[30,20]   [10,10,15] (15)   78.4708
[30,20]   [10,10,15] (20)   87.685
[30,20]   [10,10,15] (25)   96.7133
[30,20]   [10,10,15] (30)   105.809
[30,20]   [10,10,20] (0)   74.4463
[30,20]   [10,10,20] (5)   70.2233
[30,20]   [10,10,20] (10)   78.3928
[30,20]   [10,10,20] (15)   86.6424
[30,20]   [10,10,20] (20)   95.4177
[30,20]   [10,10,20] (25)   104.177
[30,20]   [10,10,20] (30)   112.489
[30,20]   [10,20,5] (0)   7019.99
[30,20]   [10,20,5] (5)   6897.91
[30,20]   [10,20,5] (10)   6982.87
[30,20]   [10,20,5] (15)   6954.68
[30,20]   [10,20,5] (20)   6937.28
[30,20]   [10,20,5] (25)   5654.92
[30,20]   [10,20,5] (30)   5396.81
[30,20]   [10,20,10] (0)   6933.88
[30,20]   [10,20,10] (5)   7009.87
[30,20]   [10,20,10] (10)   6939.4
[30,20]   [10,20,10] (15)   6927.56
[30,20]   [10,20,10] (20)   7058.89
[30,20]   [10,20,10] (25)   6988.43
[30,20]   [10,20,10] (30)   6955.84
[30,20]   [10,20,15] (0)   7003.8
[30,20]   [10,20,15] (5)   6933.65
[30,20]   [10,20,15] (10)   6933.25
[30,20]   [10,20,15] (15)   7034.84
[30,20]   [10,20,15] (20)   6967.55
[30,20]   [10,20,15] (25)   5586.98
[30,20]   [10,20,15] (30)   3724.38
[30,20]   [10,20,20] (0)   6894.75
[30,20]   [10,20,20] (5)   6920.01
[30,20]   [10,20,20] (10)   7021.47
[30,20]   [10,20,20] (15)   6999.97
[30,20]   [10,20,20] (20)   6889.27
[30,20]   [10,20,20] (25)   7037.13
[30,20]   [10,20,20] (30)   7012.36
[30,20]   [10,30,5] (0)   14792.3
[30,20]   [10,30,5] (5)   14856.3
[30,20]   [10,30,5] (10)   14903.2
[30,20]   [10,30,5] (15)   14831.5
[30,20]   [10,30,5] (20)   14743.4
[30,20]   [10,30,5] (25)   14800.7
[30,20]   [10,30,5] (30)   12541.9
[30,20]   [10,30,10] (0)   14937
[30,20]   [10,30,10] (5)   14818.8
[30,20]   [10,30,10] (10)   14827.8
[30,20]   [10,30,10] (15)   14869.5
[30,20]   [10,30,10] (20)   14794.5
[30,20]   [10,30,10] (25)   14861.1
[30,20]   [10,30,10] (30)   14855.3
[30,20]   [10,30,15] (0)   14799.2
[30,20]   [10,30,15] (5)   14846.6
[30,20]   [10,30,15] (10)   14906.5
[30,20]   [10,30,15] (15)   14814.7
[30,20]   [10,30,15] (20)   14860.5
[30,20]   [10,30,15] (25)   14725.9
[30,20]   [10,30,15] (30)   12427.8
[30,20]   [10,30,20] (0)   14873.1
[30,20]   [10,30,20] (5)   14796.5
[30,20]   [10,30,20] (10)   14697
[30,20]   [10,30,20] (15)   14699.5
[30,20]   [10,30,20] (20)   14873.8
[30,20]   [10,30,20] (25)   14916.5
[30,20]   [10,30,20] (30)   14793.3
[30,20]   [10,40,5] (0)   22641.8
[30,20]   [10,40,5] (5)   22752.2
[30,20]   [10,40,5] (10)   22699.2
[30,20]   [10,40,5] (15)   22632.5
[30,20]   [10,40,5] (20)   22779.3
[30,20]   [10,40,5] (25)   22792.5
[30,20]   [10,40,5] (30)   22658
[30,20]   [10,40,10] (0)   22780.9
[30,20]   [10,40,10] (5)   22656
[30,20]   [10,40,10] (10)   22776.9
[30,20]   [10,40,10] (15)   22692.4
[30,20]   [10,40,10] (20)   22779.9
[30,20]   [10,40,10] (25)   22826.1
[30,20]   [10,40,10] (30)   22660.4
[30,20]   [10,40,15] (0)   22694.5
[30,20]   [10,40,15] (5)   22738.8
[30,20]   [10,40,15] (10)   22749.8
[30,20]   [10,40,15] (15)   22802.3
[30,20]   [10,40,15] (20)   22769.9
[30,20]   [10,40,15] (25)   22762.1
[30,20]   [10,40,15] (30)   22710.3
[30,20]   [10,40,20] (0)   22775.9
[30,20]   [10,40,20] (5)   22711.3
[30,20]   [10,40,20] (10)   22673.8
[30,20]   [10,40,20] (15)   22790.2
[30,20]   [10,40,20] (20)   22558.8
[30,20]   [10,40,20] (25)   22687.9
[30,20]   [10,40,20] (30)   22643.3
[30,20]   [10,50,5] (0)   25087.4
[30,20]   [10,50,5] (5)   25285.3
[30,20]   [10,50,5] (10)   25262.5
[30,20]   [10,50,5] (15)   25143.4
[30,20]   [10,50,5] (20)   25233.4
[30,20]   [10,50,5] (25)   25248.3
[30,20]   [10,50,5] (30)   25175.3
[30,20]   [10,50,10] (0)   25094.7
[30,20]   [10,50,10] (5)   25192
[30,20]   [10,50,10] (10)   25167
[30,20]   [10,50,10] (15)   25272.6
[30,20]   [10,50,10] (20)   25213.7
[30,20]   [10,50,10] (25)   25227.8
[30,20]   [10,50,10] (30)   25198.8
[30,20]   [10,50,15] (0)   25268.9
[30,20]   [10,50,15] (5)   25223.9
[30,20]   [10,50,15] (10)   25098.3
[30,20]   [10,50,15] (15)   25251.1
[30,20]   [10,50,15] (20)   25221
[30,20]   [10,50,15] (25)   24981.1
[30,20]   [10,50,15] (30)   25091.4
[30,20]   [10,50,20] (0)   25181.7
[30,20]   [10,50,20] (5)   25095.3
[30,20]   [10,50,20] (10)   25177.7
[30,20]   [10,50,20] (15)   25250.8
[30,20]   [10,50,20] (20)   25217.8
[30,20]   [10,50,20] (25)   25104.4
[30,20]   [10,50,20] (30)   25214.8
[30,20]   [10,60,5] (0)   28796.2
[30,20]   [10,60,5] (5)   28760.8
[30,20]   [10,60,5] (10)   28746.4
[30,20]   [10,60,5] (15)   28775.2
[30,20]   [10,60,5] (20)   28773.1
[30,20]   [10,60,5] (25)   28792.6
[30,20]   [10,60,5] (30)   28784.5
[30,20]   [10,60,10] (0)   28767.6
[30,20]   [10,60,10] (5)   28796.1
[30,20]   [10,60,10] (10)   28726.3
[30,20]   [10,60,10] (15)   28740.5
[30,20]   [10,60,10] (20)   28735.5
[30,20]   [10,60,10] (25)   28770.6
[30,20]   [10,60,10] (30)   28718.4
[30,20]   [10,60,15] (0)   28770.9
[30,20]   [10,60,15] (5)   28753.4
[30,20]   [10,60,15] (10)   28781.8
[30,20]   [10,60,15] (15)   28796.6
[30,20]   [10,60,15] (20)   28821.4
[30,20]   [10,60,15] (25)   28778.6
[30,20]   [10,60,15] (30)   28807.6
[30,20]   [10,60,20] (0)   28810
[30,20]   [10,60,20] (5)   28736.7
[30,20]   [10,60,20] (10)   28774.5
[30,20]   [10,60,20] (15)   28781.2
[30,20]   [10,60,20] (20)   28771.6
[30,20]   [10,60,20] (25)   28791.1
[30,20]   [10,60,20] (30)   28727.1
[30,20]   [20,10,5] (0)   6885.75
[30,20]   [20,10,5] (5)   707.995
[30,20]   [20,10,5] (10)   54.3108
[30,20]   [20,10,5] (15)   58.055
[30,20]   [20,10,5] (20)   67.7599
[30,20]   [20,10,5] (25)   78.1699
[30,20]   [20,10,5] (30)   88.6767
[30,20]   [20,10,10] (0)   7069.22
[30,20]   [20,10,10] (5)   1557.34
[30,20]   [20,10,10] (10)   70.7081
[30,20]   [20,10,10] (15)   75.2032
[30,20]   [20,10,10] (20)   83.351
[30,20]   [20,10,10] (25)   91.7439
[30,20]   [20,10,10] (30)   100.311
[30,20]   [20,10,15] (0)   6914.09
[30,20]   [20,10,15] (5)   80.7609
[30,20]   [20,10,15] (10)   70.9826
[30,20]   [20,10,15] (15)   78.7767
[30,20]   [20,10,15] (20)   86.8242
[30,20]   [20,10,15] (25)   95.3945
[30,20]   [20,10,15] (30)   104.083
[30,20]   [20,10,20] (0)   6914.38
[30,20]   [20,10,20] (5)   107.32
[30,20]   [20,10,20] (10)   81.0294
[30,20]   [20,10,20] (15)   84.6762
[30,20]   [20,10,20] (20)   93.1322
[30,20]   [20,10,20] (25)   100.743
[30,20]   [20,10,20] (30)   109.573
[30,20]   [20,20,5] (0)   104.406
[30,20]   [20,20,5] (5)   103.501
[30,20]   [20,20,5] (10)   84.1189
[30,20]   [20,20,5] (15)   73.5127
[30,20]   [20,20,5] (20)   81.1082
[30,20]   [20,20,5] (25)   90.0229
[30,20]   [20,20,5] (30)   99.0117
[30,20]   [20,20,10] (0)   104.04
[30,20]   [20,20,10] (5)   103.631
[30,20]   [20,20,10] (10)   90.6046
[30,20]   [20,20,10] (15)   89.6599
[30,20]   [20,20,10] (20)   97.043
[30,20]   [20,20,10] (25)   105.049
[30,20]   [20,20,10] (30)   113.293
[30,20]   [20,20,15] (0)   107.063
[30,20]   [20,20,15] (5)   102.153
[30,20]   [20,20,15] (10)   87.3244
[30,20]   [20,20,15] (15)   90.2424
[30,20]   [20,20,15] (20)   97.959
[30,20]   [20,20,15] (25)   106.2
[30,20]   [20,20,15] (30)   114.09
[30,20]   [20,20,20] (0)   101.886
[30,20]   [20,20,20] (5)   104.1
[30,20]   [20,20,20] (10)   96.1506
[30,20]   [20,20,20] (15)   102.095
[30,20]   [20,20,20] (20)   109.491
[30,20]   [20,20,20] (25)   117.855
[30,20]   [20,20,20] (30)   125.793
[30,20]   [20,30,5] (0)   5325.11
[30,20]   [20,30,5] (5)   5359.48
[30,20]   [20,30,5] (10)   5414.62
[30,20]   [20,30,5] (15)   5383.08
[30,20]   [20,30,5] (20)   5386.03
[30,20]   [20,30,5] (25)   5073.93
[30,20]   [20,30,5] (30)   4995.94
[30,20]   [20,30,10] (0)   5373.96
[30,20]   [20,30,10] (5)   5271.08
[30,20]   [20,30,10] (10)   5225.85
[30,20]   [20,30,10] (15)   5266.5
[30,20]   [20,30,10] (20)   5291.05
[30,20]   [20,30,10] (25)   5370.15
[30,20]   [20,30,10] (30)   4164.67
[30,20]   [20,30,15] (0)   5258.61
[30,20]   [20,30,15] (5)   5367.78
[30,20]   [20,30,15] (10)   5363.46
[30,20]   [20,30,15] (15)   5378.79
[30,20]   [20,30,15] (20)   5338.22
[30,20]   [20,30,15] (25)   5334.48
[30,20]   [20,30,15] (30)   3637.2
[30,20]   [20,30,20] (0)   5344.77
[30,20]   [20,30,20] (5)   5353.94
[30,20]   [20,30,20] (10)   5366.01
[30,20]   [20,30,20] (15)   5330.8
[30,20]   [20,30,20] (20)   5320.26
[30,20]   [20,30,20] (25)   5303.83
[30,20]   [20,30,20] (30)   6223.98
[30,20]   [20,40,5] (0)   10460
[30,20]   [20,40,5] (5)   10614.7
[30,20]   [20,40,5] (10)   10526.2
[30,20]   [20,40,5] (15)   10488.3
[30,20]   [20,40,5] (20)   10437.8
[30,20]   [20,40,5] (25)   10627.4
[30,20]   [20,40,5] (30)   10551.9
[30,20]   [20,40,10] (0)   10533.8
[30,20]   [20,40,10] (5)   10558.9
[30,20]   [20,40,10] (10)   10563.1
[30,20]   [20,40,10] (15)   10700.2
[30,20]   [20,40,10] (20)   10554.1
[30,20]   [20,40,10] (25)   10503.2
[30,20]   [20,40,10] (30)   10375.5
[30,20]   [20,40,15] (0)   10535.7
[30,20]   [20,40,15] (5)   10526.8
[30,20]   [20,40,15] (10)   10491.8
[30,20]   [20,40,15] (15)   10440.2
[30,20]   [20,40,15] (20)   10518.9
[30,20]   [20,40,15] (25)   10522.3
[30,20]   [20,40,15] (30)   10622.3
[30,20]   [20,40,20] (0)   10556.4
[30,20]   [20,40,20] (5)   10509.5
[30,20]   [20,40,20] (10)   10495.8
[30,20]   [20,40,20] (15)   10501.8
[30,20]   [20,40,20] (20)   10472.3
[30,20]   [20,40,20] (25)   10519.2
[30,20]   [20,40,20] (30)   10566.1
[30,20]   [20,50,5] (0)   15517.2
[30,20]   [20,50,5] (5)   15646.4
[30,20]   [20,50,5] (10)   15549.6
[30,20]   [20,50,5] (15)   15574.9
[30,20]   [20,50,5] (20)   15619.8
[30,20]   [20,50,5] (25)   15459.1
[30,20]   [20,50,5] (30)   15680.3
[30,20]   [20,50,10] (0)   15599.8
[30,20]   [20,50,10] (5)   15442.1
[30,20]   [20,50,10] (10)   15593.7
[30,20]   [20,50,10] (15)   15573.3
[30,20]   [20,50,10] (20)   15590.5
[30,20]   [20,50,10] (25)   15764.1
[30,20]   [20,50,10] (30)   15477.8
[30,20]   [20,50,15] (0)   15569.8
[30,20]   [20,50,15] (5)   15583
[30,20]   [20,50,15] (10)   15607.2
[30,20]   [20,50,15] (15)   15610.9
[30,20]   [20,50,15] (20)   15540.3
[30,20]   [20,50,15] (25)   15573
[30,20]   [20,50,15] (30)   15547.6
[30,20]   [20,50,20] (0)   15605
[30,20]   [20,50,20] (5)   15527.1
[30,20]   [20,50,20] (10)   15618.1
[30,20]   [20,50,20] (15)   15542.7
[30,20]   [20,50,20] (20)   15581.1
[30,20]   [20,50,20] (25)   15625.5
[30,20]   [20,50,20] (30)   15543.7
[30,20]   [20,60,5] (0)   19707.5
[30,20]   [20,60,5] (5)   19678.6
[30,20]   [20,60,5] (10)   19617.7
[30,20]   [20,60,5] (15)   19675.4
[30,20]   [20,60,5] (20)   19585.7
[30,20]   [20,60,5] (25)   19753.2
[30,20]   [20,60,5] (30)   19757.6
[30,20]   [20,60,10] (0)   19777.6
[30,20]   [20,60,10] (5)   19682.9
[30,20]   [20,60,10] (10)   19773.2
[30,20]   [20,60,10] (15)   19706
[30,20]   [20,60,10] (20)   19608.2
[30,20]   [20,60,10] (25)   19676.3
[30,20]   [20,60,10] (30)   19769.2
[30,20]   [20,60,15] (0)   19772.7
[30,20]   [20,60,15] (5)   19655.5
[30,20]   [20,60,15] (10)   19719.2
[30,20]   [20,60,15] (15)   19739.1
[30,20]   [20,60,15] (20)   19781.8
[30,20]   [20,60,15] (25)   19815.4
[30,20]   [20,60,15] (30)   19762.6
[30,20]   [20,60,20] (0)   19464.6
[30,20]   [20,60,20] (5)   19664.4
[30,20]   [20,60,20] (10)   19556.1
[30,20]   [20,60,20] (15)   19636
[30,20]   [20,60,20] (20)   19702.6
[30,20]   [20,60,20] (25)   19628.2
[30,20]   [20,60,20] (30)   19701.6
[30,20]   [30,10,5] (0)   12111.7
[30,20]   [30,10,5] (5)   5003.76
[30,20]   [30,10,5] (10)   60.9264
[30,20]   [30,10,5] (15)   60.7197
[30,20]   [30,10,5] (20)   65.9021
[30,20]   [30,10,5] (25)   74.1402
[30,20]   [30,10,5] (30)   84.2401
[30,20]   [30,10,10] (0)   12105.1
[30,20]   [30,10,10] (5)   6623.23
[30,20]   [30,10,10] (10)   96.8668
[30,20]   [30,10,10] (15)   78.5553
[30,20]   [30,10,10] (20)   82.2808
[30,20]   [30,10,10] (25)   89.6234
[30,20]   [30,10,10] (30)   97.9552
[30,20]   [30,10,15] (0)   11986.8
[30,20]   [30,10,15] (5)   2386.25
[30,20]   [30,10,15] (10)   79.0338
[30,20]   [30,10,15] (15)   81.8674
[30,20]   [30,10,15] (20)   86.5805
[30,20]   [30,10,15] (25)   94.1152
[30,20]   [30,10,15] (30)   102.586
[30,20]   [30,10,20] (0)   12046.7
[30,20]   [30,10,20] (5)   2818.96
[30,20]   [30,10,20] (10)   89.5374
[30,20]   [30,10,20] (15)   91.4702
[30,20]   [30,10,20] (20)   99.435
[30,20]   [30,10,20] (25)   106.655
[30,20]   [30,10,20] (30)   114.882
[30,20]   [30,20,5] (0)   8021.88
[30,20]   [30,20,5] (5)   7971.79
[30,20]   [30,20,5] (10)   3051.57
[30,20]   [30,20,5] (15)   79.9813
[30,20]   [30,20,5] (20)   73.0827
[30,20]   [30,20,5] (25)   79.346
[30,20]   [30,20,5] (30)   88.7769
[30,20]   [30,20,10] (0)   7974.07
[30,20]   [30,20,10] (5)   8061.8
[30,20]   [30,20,10] (10)   4081.76
[30,20]   [30,20,10] (15)   97.6747
[30,20]   [30,20,10] (20)   92.7267
[30,20]   [30,20,10] (25)   98.865
[30,20]   [30,20,10] (30)   107.011
[30,20]   [30,20,15] (0)   8031.56
[30,20]   [30,20,15] (5)   7982.5
[30,20]   [30,20,15] (10)   1898.43
[30,20]   [30,20,15] (15)   91.7536
[30,20]   [30,20,15] (20)   94.2774
[30,20]   [30,20,15] (25)   100.982
[30,20]   [30,20,15] (30)   109.454
[30,20]   [30,20,20] (0)   8058.57
[30,20]   [30,20,20] (5)   7963.04
[30,20]   [30,20,20] (10)   2928.3
[30,20]   [30,20,20] (15)   106.617
[30,20]   [30,20,20] (20)   108.598
[30,20]   [30,20,20] (25)   116.104
[30,20]   [30,20,20] (30)   123.728
[30,20]   [30,30,5] (0)   120.179
[30,20]   [30,30,5] (5)   119.336
[30,20]   [30,30,5] (10)   120.744
[30,20]   [30,30,5] (15)   108.623
[30,20]   [30,30,5] (20)   91.9118
[30,20]   [30,30,5] (25)   92.8523
[30,20]   [30,30,5] (30)   101.903
[30,20]   [30,30,10] (0)   120.269
[30,20]   [30,30,10] (5)   121.127
[30,20]   [30,30,10] (10)   120.099
[30,20]   [30,30,10] (15)   113.441
[30,20]   [30,30,10] (20)   107.113
[30,20]   [30,30,10] (25)   111.894
[30,20]   [30,30,10] (30)   120.111
[30,20]   [30,30,15] (0)   120.145
[30,20]   [30,30,15] (5)   121.561
[30,20]   [30,30,15] (10)   117.218
[30,20]   [30,30,15] (15)   108.616
[30,20]   [30,30,15] (20)   104.217
[30,20]   [30,30,15] (25)   110.503
[30,20]   [30,30,15] (30)   118.341
[30,20]   [30,30,20] (0)   118.909
[30,20]   [30,30,20] (5)   118.852
[30,20]   [30,30,20] (10)   120.013
[30,20]   [30,30,20] (15)   114.543
[30,20]   [30,30,20] (20)   115.671
[30,20]   [30,30,20] (25)   122.652
[30,20]   [30,30,20] (30)   130.022
[30,20]   [30,40,5] (0)   2290.94
[30,20]   [30,40,5] (5)   2433.42
[30,20]   [30,40,5] (10)   2331.16
[30,20]   [30,40,5] (15)   2436.8
[30,20]   [30,40,5] (20)   2279.3
[30,20]   [30,40,5] (25)   2417.95
[30,20]   [30,40,5] (30)   2173.46
[30,20]   [30,40,10] (0)   2258.38
[30,20]   [30,40,10] (5)   2406.74
[30,20]   [30,40,10] (10)   2413.18
[30,20]   [30,40,10] (15)   2405.13
[30,20]   [30,40,10] (20)   2365.77
[30,20]   [30,40,10] (25)   2374.29
[30,20]   [30,40,10] (30)   2435.65
[30,20]   [30,40,15] (0)   2408.25
[30,20]   [30,40,15] (5)   2399.42
[30,20]   [30,40,15] (10)   2306.11
[30,20]   [30,40,15] (15)   2373.62
[30,20]   [30,40,15] (20)   2463.71
[30,20]   [30,40,15] (25)   2356.14
[30,20]   [30,40,15] (30)   2282.24
[30,20]   [30,40,20] (0)   2429
[30,20]   [30,40,20] (5)   2395.09
[30,20]   [30,40,20] (10)   2312.58
[30,20]   [30,40,20] (15)   2366.3
[30,20]   [30,40,20] (20)   2462.27
[30,20]   [30,40,20] (25)   2357.75
[30,20]   [30,40,20] (30)   2299.37
[30,20]   [30,50,5] (0)   7600.33
[30,20]   [30,50,5] (5)   7662.11
[30,20]   [30,50,5] (10)   7617.16
[30,20]   [30,50,5] (15)   7596.16
[30,20]   [30,50,5] (20)   7772.76
[30,20]   [30,50,5] (25)   7715.38
[30,20]   [30,50,5] (30)   7614.66
[30,20]   [30,50,10] (0)   7687.18
[30,20]   [30,50,10] (5)   7618.18
[30,20]   [30,50,10] (10)   7706.97
[30,20]   [30,50,10] (15)   7752.57
[30,20]   [30,50,10] (20)   7668.75
[30,20]   [30,50,10] (25)   7689.04
[30,20]   [30,50,10] (30)   7554.51
[30,20]   [30,50,15] (0)   7616.79
[30,20]   [30,50,15] (5)   7671.79
[30,20]   [30,50,15] (10)   7689.01
[30,20]   [30,50,15] (15)   7587.85
[30,20]   [30,50,15] (20)   7748.62
[30,20]   [30,50,15] (25)   7658.89
[30,20]   [30,50,15] (30)   7677.4
[30,20]   [30,50,20] (0)   7755.89
[30,20]   [30,50,20] (5)   7802.05
[30,20]   [30,50,20] (10)   7663.47
[30,20]   [30,50,20] (15)   7638.41
[30,20]   [30,50,20] (20)   7521.28
[30,20]   [30,50,20] (25)   7576.46
[30,20]   [30,50,20] (30)   7673.97
[30,20]   [30,60,5] (0)   12286
[30,20]   [30,60,5] (5)   12044.4
[30,20]   [30,60,5] (10)   12169.2
[30,20]   [30,60,5] (15)   12068.5
[30,20]   [30,60,5] (20)   12183.2
[30,20]   [30,60,5] (25)   11913
[30,20]   [30,60,5] (30)   12197.7
[30,20]   [30,60,10] (0)   12016.2
[30,20]   [30,60,10] (5)   12031.1
[30,20]   [30,60,10] (10)   12009.4
[30,20]   [30,60,10] (15)   11818.6
[30,20]   [30,60,10] (20)   11895
[30,20]   [30,60,10] (25)   12093.9
[30,20]   [30,60,10] (30)   12205.6
[30,20]   [30,60,15] (0)   12003.8
[30,20]   [30,60,15] (5)   11973.8
[30,20]   [30,60,15] (10)   12010.3
[30,20]   [30,60,15] (15)   12068.5
[30,20]   [30,60,15] (20)   12178.3
[30,20]   [30,60,15] (25)   12075.5
[30,20]   [30,60,15] (30)   12196.5
[30,20]   [30,60,20] (0)   11997.1
[30,20]   [30,60,20] (5)   12025.6
[30,20]   [30,60,20] (10)   12045.2
[30,20]   [30,60,20] (15)   12152.3
[30,20]   [30,60,20] (20)   12145.7
[30,20]   [30,60,20] (25)   12002.3
[30,20]   [30,60,20] (30)   12172.2
[30,20]   [40,10,5] (0)   17083.6
[30,20]   [40,10,5] (5)   9414.85
[30,20]   [40,10,5] (10)   82.4391
[30,20]   [40,10,5] (15)   64.2164
[30,20]   [40,10,5] (20)   68.3596
[30,20]   [40,10,5] (25)   73.3395
[30,20]   [40,10,5] (30)   80.4318
[30,20]   [40,10,10] (0)   17173.6
[30,20]   [40,10,10] (5)   10598.8
[30,20]   [40,10,10] (10)   3206.63
[30,20]   [40,10,10] (15)   87.9137
[30,20]   [40,10,10] (20)   86.1791
[30,20]   [40,10,10] (25)   89.5622
[30,20]   [40,10,10] (30)   95.4073
[30,20]   [40,10,15] (0)   16892.3
[30,20]   [40,10,15] (5)   6581.44
[30,20]   [40,10,15] (10)   428.486
[30,20]   [40,10,15] (15)   87.9958
[30,20]   [40,10,15] (20)   89.8841
[30,20]   [40,10,15] (25)   94.2146
[30,20]   [40,10,15] (30)   100.324
[30,20]   [40,10,20] (0)   17078.6
[30,20]   [40,10,20] (5)   6691.5
[30,20]   [40,10,20] (10)   105.351
[30,20]   [40,10,20] (15)   102.427
[30,20]   [40,10,20] (20)   104.049
[30,20]   [40,10,20] (25)   107.931
[30,20]   [40,10,20] (30)   114.722
[30,20]   [40,20,5] (0)   9194.34
[30,20]   [40,20,5] (5)   9188.36
[30,20]   [40,20,5] (10)   6246.49
[30,20]   [40,20,5] (15)   95.169
[30,20]   [40,20,5] (20)   76.093
[30,20]   [40,20,5] (25)   78.1134
[30,20]   [40,20,5] (30)   84.1389
[30,20]   [40,20,10] (0)   9147.34
[30,20]   [40,20,10] (5)   9297.49
[30,20]   [40,20,10] (10)   7146.91
[30,20]   [40,20,10] (15)   945.635
[30,20]   [40,20,10] (20)   96.8756
[30,20]   [40,20,10] (25)   95.8993
[30,20]   [40,20,10] (30)   100.509
[30,20]   [40,20,15] (0)   9239.65
[30,20]   [40,20,15] (5)   9221.05
[30,20]   [40,20,15] (10)   4958.33
[30,20]   [40,20,15] (15)   99.969
[30,20]   [40,20,15] (20)   97.1026
[30,20]   [40,20,15] (25)   98.4314
[30,20]   [40,20,15] (30)   104.984
[30,20]   [40,20,20] (0)   9278.02
[30,20]   [40,20,20] (5)   9170.58
[30,20]   [40,20,20] (10)   5706.94
[30,20]   [40,20,20] (15)   110.548
[30,20]   [40,20,20] (20)   108.32
[30,20]   [40,20,20] (25)   113.258
[30,20]   [40,20,20] (30)   119.63
[30,20]   [40,30,5] (0)   3895.32
[30,20]   [40,30,5] (5)   3889.46
[30,20]   [40,30,5] (10)   3823.9
[30,20]   [40,30,5] (15)   2711.22
[30,20]   [40,30,5] (20)   99.7121
[30,20]   [40,30,5] (25)   86.9074
[30,20]   [40,30,5] (30)   89.4282
[30,20]   [40,30,10] (0)   3866.24
[30,20]   [40,30,10] (5)   3880.2
[30,20]   [40,30,10] (10)   3874.66
[30,20]   [40,30,10] (15)   3232.64
[30,20]   [40,30,10] (20)   119.806
[30,20]   [40,30,10] (25)   106.743
[30,20]   [40,30,10] (30)   109.349
[30,20]   [40,30,15] (0)   3880.76
[30,20]   [40,30,15] (5)   3858.33
[30,20]   [40,30,15] (10)   3926.54
[30,20]   [40,30,15] (15)   2127.56
[30,20]   [40,30,15] (20)   107.515
[30,20]   [40,30,15] (25)   104.313
[30,20]   [40,30,15] (30)   109.068
[30,20]   [40,30,20] (0)   3870.08
[30,20]   [40,30,20] (5)   3866.89
[30,20]   [40,30,20] (10)   3864.85
[30,20]   [40,30,20] (15)   2701.66
[30,20]   [40,30,20] (20)   122.613
[30,20]   [40,30,20] (25)   121.263
[30,20]   [40,30,20] (30)   126.407
[30,20]   [40,40,5] (0)   132.793
[30,20]   [40,40,5] (5)   132.351
[30,20]   [40,40,5] (10)   130.749
[30,20]   [40,40,5] (15)   131.931
[30,20]   [40,40,5] (20)   122.793
[30,20]   [40,40,5] (25)   110.447
[30,20]   [40,40,5] (30)   104.548
[30,20]   [40,40,10] (0)   130.499
[30,20]   [40,40,10] (5)   134.706
[30,20]   [40,40,10] (10)   131.613
[30,20]   [40,40,10] (15)   132.489
[30,20]   [40,40,10] (20)   128.36
[30,20]   [40,40,10] (25)   120.189
[30,20]   [40,40,10] (30)   122.081
[30,20]   [40,40,15] (0)   135.404
[30,20]   [40,40,15] (5)   133.724
[30,20]   [40,40,15] (10)   132.37
[30,20]   [40,40,15] (15)   131.513
[30,20]   [40,40,15] (20)   122.943
[30,20]   [40,40,15] (25)   117.412
[30,20]   [40,40,15] (30)   120.561
[30,20]   [40,40,20] (0)   131.993
[30,20]   [40,40,20] (5)   131.983
[30,20]   [40,40,20] (10)   131.98
[30,20]   [40,40,20] (15)   133.817
[30,20]   [40,40,20] (20)   127.978
[30,20]   [40,40,20] (25)   127.673
[30,20]   [40,40,20] (30)   132.776
[30,20]   [40,50,5] (0)   1150.75
[30,20]   [40,50,5] (5)   1153.15
[30,20]   [40,50,5] (10)   1145
[30,20]   [40,50,5] (15)   1029.94
[30,20]   [40,50,5] (20)   1116.12
[30,20]   [40,50,5] (25)   1129.06
[30,20]   [40,50,5] (30)   1113.03
[30,20]   [40,50,10] (0)   1110.98
[30,20]   [40,50,10] (5)   1167.28
[30,20]   [40,50,10] (10)   1082.86
[30,20]   [40,50,10] (15)   1164.39
[30,20]   [40,50,10] (20)   1102.72
[30,20]   [40,50,10] (25)   1070.43
[30,20]   [40,50,10] (30)   1138
[30,20]   [40,50,15] (0)   1138.98
[30,20]   [40,50,15] (5)   1194.35
[30,20]   [40,50,15] (10)   1126.45
[30,20]   [40,50,15] (15)   1101.83
[30,20]   [40,50,15] (20)   1036.3
[30,20]   [40,50,15] (25)   1101.48
[30,20]   [40,50,15] (30)   1031.58
[30,20]   [40,50,20] (0)   1155.29
[30,20]   [40,50,20] (5)   1040.25
[30,20]   [40,50,20] (10)   1175.8
[30,20]   [40,50,20] (15)   1152.9
[30,20]   [40,50,20] (20)   1079.39
[30,20]   [40,50,20] (25)   1129.67
[30,20]   [40,50,20] (30)   1125.72
[30,20]   [40,60,5] (0)   5286.1
[30,20]   [40,60,5] (5)   5189.41
[30,20]   [40,60,5] (10)   5179.43
[30,20]   [40,60,5] (15)   5157.25
[30,20]   [40,60,5] (20)   5131.37
[30,20]   [40,60,5] (25)   5090.92
[30,20]   [40,60,5] (30)   5222.1
[30,20]   [40,60,10] (0)   5209.02
[30,20]   [40,60,10] (5)   5191.89
[30,20]   [40,60,10] (10)   5202.04
[30,20]   [40,60,10] (15)   5190.92
[30,20]   [40,60,10] (20)   5208.6
[30,20]   [40,60,10] (25)   5335.17
[30,20]   [40,60,10] (30)   5200.04
[30,20]   [40,60,15] (0)   5167.54
[30,20]   [40,60,15] (5)   5279.13
[30,20]   [40,60,15] (10)   5169.02
[30,20]   [40,60,15] (15)   5129.08
[30,20]   [40,60,15] (20)   5243.18
[30,20]   [40,60,15] (25)   5137.15
[30,20]   [40,60,15] (30)   4997.2
[30,20]   [40,60,20] (0)   5173
[30,20]   [40,60,20] (5)   5263.63
[30,20]   [40,60,20] (10)   5162.04
[30,20]   [40,60,20] (15)   5197.75
[30,20]   [40,60,20] (20)   5231.4
[30,20]   [40,60,20] (25)   5095.47
[30,20]   [40,60,20] (30)   5188.4
[30,20]   [50,10,5] (0)   19363.4
[30,20]   [50,10,5] (5)   11873.6
[30,20]   [50,10,5] (10)   1922.24
[30,20]   [50,10,5] (15)   69.0683
[30,20]   [50,10,5] (20)   71.5378
[30,20]   [50,10,5] (25)   76.0187
[30,20]   [50,10,5] (30)   81.2279
[30,20]   [50,10,10] (0)   19478.7
[30,20]   [50,10,10] (5)   14021.2
[30,20]   [50,10,10] (10)   6510.31
[30,20]   [50,10,10] (15)   1179.34
[30,20]   [50,10,10] (20)   93.1596
[30,20]   [50,10,10] (25)   93.2019
[30,20]   [50,10,10] (30)   96.9611
[30,20]   [50,10,15] (0)   19703.9
[30,20]   [50,10,15] (5)   9514.29
[30,20]   [50,10,15] (10)   3768.63
[30,20]   [50,10,15] (15)   100.237
[30,20]   [50,10,15] (20)   94.6289
[30,20]   [50,10,15] (25)   97.6948
[30,20]   [50,10,15] (30)   101.081
[30,20]   [50,10,20] (0)   18888.7
[30,20]   [50,10,20] (5)   10413.9
[30,20]   [50,10,20] (10)   2737.36
[30,20]   [50,10,20] (15)   944.097
[30,20]   [50,10,20] (20)   107.475
[30,20]   [50,10,20] (25)   117.972
[30,20]   [50,10,20] (30)   118.107
[30,20]   [50,20,5] (0)   12516.2
[30,20]   [50,20,5] (5)   12495
[30,20]   [50,20,5] (10)   9469.41
[30,20]   [50,20,5] (15)   1540.96
[30,20]   [50,20,5] (20)   79.348
[30,20]   [50,20,5] (25)   80.7293
[30,20]   [50,20,5] (30)   84.808
[30,20]   [50,20,10] (0)   12568.6
[30,20]   [50,20,10] (5)   12522.9
[30,20]   [50,20,10] (10)   10181.6
[30,20]   [50,20,10] (15)   4341.14
[30,20]   [50,20,10] (20)   145.566
[30,20]   [50,20,10] (25)   98.9912
[30,20]   [50,20,10] (30)   101.003
[30,20]   [50,20,15] (0)   12498.4
[30,20]   [50,20,15] (5)   12526.6
[30,20]   [50,20,15] (10)   8467.4
[30,20]   [50,20,15] (15)   1168.62
[30,20]   [50,20,15] (20)   103.959
[30,20]   [50,20,15] (25)   101.463
[30,20]   [50,20,15] (30)   106.845
[30,20]   [50,20,20] (0)   12511.9
[30,20]   [50,20,20] (5)   12522.5
[30,20]   [50,20,20] (10)   9655.67
[30,20]   [50,20,20] (15)   432.368
[30,20]   [50,20,20] (20)   120.79
[30,20]   [50,20,20] (25)   118.142
[30,20]   [50,20,20] (30)   120.07
[30,20]   [50,30,5] (0)   7363.61
[30,20]   [50,30,5] (5)   7408.01
[30,20]   [50,30,5] (10)   7240.98
[30,20]   [50,30,5] (15)   6079.33
[30,20]   [50,30,5] (20)   515.972
[30,20]   [50,30,5] (25)   90.3543
[30,20]   [50,30,5] (30)   88.7431
[30,20]   [50,30,10] (0)   7422.48
[30,20]   [50,30,10] (5)   7400.52
[30,20]   [50,30,10] (10)   7447.9
[30,20]   [50,30,10] (15)   6675.51
[30,20]   [50,30,10] (20)   2006.66
[30,20]   [50,30,10] (25)   115.162
[30,20]   [50,30,10] (30)   107.457
[30,20]   [50,30,15] (0)   7360.36
[30,20]   [50,30,15] (5)   7424.33
[30,20]   [50,30,15] (10)   7314.28
[30,20]   [50,30,15] (15)   5548.75
[30,20]   [50,30,15] (20)   152.258
[30,20]   [50,30,15] (25)   110.069
[30,20]   [50,30,15] (30)   110.092
[30,20]   [50,30,20] (0)   7363.23
[30,20]   [50,30,20] (5)   7457.1
[30,20]   [50,30,20] (10)   7444.83
[30,20]   [50,30,20] (15)   6100.55
[30,20]   [50,30,20] (20)   148.057
[30,20]   [50,30,20] (25)   127.561
[30,20]   [50,30,20] (30)   126.732
[30,20]   [50,40,5] (0)   3185.72
[30,20]   [50,40,5] (5)   3183.64
[30,20]   [50,40,5] (10)   3167.08
[30,20]   [50,40,5] (15)   3088.65
[30,20]   [50,40,5] (20)   2413.09
[30,20]   [50,40,5] (25)   129.285
[30,20]   [50,40,5] (30)   101
[30,20]   [50,40,10] (0)   3128.47
[30,20]   [50,40,10] (5)   3172.65
[30,20]   [50,40,10] (10)   3152.2
[30,20]   [50,40,10] (15)   3228.61
[30,20]   [50,40,10] (20)   2814.19
[30,20]   [50,40,10] (25)   184.623
[30,20]   [50,40,10] (30)   118.724
[30,20]   [50,40,15] (0)   3141.44
[30,20]   [50,40,15] (5)   3145.9
[30,20]   [50,40,15] (10)   3155.69
[30,20]   [50,40,15] (15)   3162.22
[30,20]   [50,40,15] (20)   1944.2
[30,20]   [50,40,15] (25)   127.041
[30,20]   [50,40,15] (30)   117.608
[30,20]   [50,40,20] (0)   3118.15
[30,20]   [50,40,20] (5)   3156.96
[30,20]   [50,40,20] (10)   3093.3
[30,20]   [50,40,20] (15)   3211.68
[30,20]   [50,40,20] (20)   2447.32
[30,20]   [50,40,20] (25)   137.013
[30,20]   [50,40,20] (30)   130.607
[30,20]   [50,50,5] (0)   159.359
[30,20]   [50,50,5] (5)   157.033
[30,20]   [50,50,5] (10)   155.989
[30,20]   [50,50,5] (15)   155.949
[30,20]   [50,50,5] (20)   156.387
[30,20]   [50,50,5] (25)   134.497
[30,20]   [50,50,5] (30)   127.61
[30,20]   [50,50,10] (0)   158.739
[30,20]   [50,50,10] (5)   156.411
[30,20]   [50,50,10] (10)   157.957
[30,20]   [50,50,10] (15)   156.661
[30,20]   [50,50,10] (20)   155.903
[30,20]   [50,50,10] (25)   142.064
[30,20]   [50,50,10] (30)   135.518
[30,20]   [50,50,15] (0)   155.774
[30,20]   [50,50,15] (5)   157.633
[30,20]   [50,50,15] (10)   159.174
[30,20]   [50,50,15] (15)   156.571
[30,20]   [50,50,15] (20)   155.716
[30,20]   [50,50,15] (25)   136.374
[30,20]   [50,50,15] (30)   129.276
[30,20]   [50,50,20] (0)   157.03
[30,20]   [50,50,20] (5)   156.431
[30,20]   [50,50,20] (10)   158.142
[30,20]   [50,50,20] (15)   156.997
[30,20]   [50,50,20] (20)   157.418
[30,20]   [50,50,20] (25)   142.793
[30,20]   [50,50,20] (30)   138.285
[30,20]   [50,60,5] (0)   380.505
[30,20]   [50,60,5] (5)   354.07
[30,20]   [50,60,5] (10)   349.983
[30,20]   [50,60,5] (15)   320.987
[30,20]   [50,60,5] (20)   347.513
[30,20]   [50,60,5] (25)   342.48
[30,20]   [50,60,5] (30)   326.926
[30,20]   [50,60,10] (0)   350.609
[30,20]   [50,60,10] (5)   357.931
[30,20]   [50,60,10] (10)   386.776
[30,20]   [50,60,10] (15)   366.993
[30,20]   [50,60,10] (20)   382.351
[30,20]   [50,60,10] (25)   331.165
[30,20]   [50,60,10] (30)   342.993
[30,20]   [50,60,15] (0)   383.301
[30,20]   [50,60,15] (5)   315.802
[30,20]   [50,60,15] (10)   342.118
[30,20]   [50,60,15] (15)   436.014
[30,20]   [50,60,15] (20)   369.585
[30,20]   [50,60,15] (25)   345.472
[30,20]   [50,60,15] (30)   408.036
[30,20]   [50,60,20] (0)   371.299
[30,20]   [50,60,20] (5)   328.586
[30,20]   [50,60,20] (10)   307.301
[30,20]   [50,60,20] (15)   366.965
[30,20]   [50,60,20] (20)   292.465
[30,20]   [50,60,20] (25)   379.868
[30,20]   [50,60,20] (30)   366.585
[30,20]   [60,10,5] (0)   21883.8
[30,20]   [60,10,5] (5)   14490.5
[30,20]   [60,10,5] (10)   4115.06
[30,20]   [60,10,5] (15)   77.7522
[30,20]   [60,10,5] (20)   75.7036
[30,20]   [60,10,5] (25)   79.2422
[30,20]   [60,10,5] (30)   84.191
[30,20]   [60,10,10] (0)   21391.8
[30,20]   [60,10,10] (5)   16552.6
[30,20]   [60,10,10] (10)   9090.61
[30,20]   [60,10,10] (15)   3974.69
[30,20]   [60,10,10] (20)   189.208
[30,20]   [60,10,10] (25)   98.9501
[30,20]   [60,10,10] (30)   100.771
[30,20]   [60,10,15] (0)   21756
[30,20]   [60,10,15] (5)   12701.7
[30,20]   [60,10,15] (10)   6485.09
[30,20]   [60,10,15] (15)   720.2
[30,20]   [60,10,15] (20)   108.394
[30,20]   [60,10,15] (25)   103.036
[30,20]   [60,10,15] (30)   105.116
[30,20]   [60,10,20] (0)   21900.3
[30,20]   [60,10,20] (5)   13947.9
[30,20]   [60,10,20] (10)   5704.75
[30,20]   [60,10,20] (15)   3861.27
[30,20]   [60,10,20] (20)   123.017
[30,20]   [60,10,20] (25)   117.562
[30,20]   [60,10,20] (30)   119.847
[30,20]   [60,20,5] (0)   15414.4
[30,20]   [60,20,5] (5)   15268
[30,20]   [60,20,5] (10)   12109.9
[30,20]   [60,20,5] (15)   3768.88
[30,20]   [60,20,5] (20)   89.51
[30,20]   [60,20,5] (25)   83.6578
[30,20]   [60,20,5] (30)   87.6037
[30,20]   [60,20,10] (0)   15224.1
[30,20]   [60,20,10] (5)   15212
[30,20]   [60,20,10] (10)   13368.1
[30,20]   [60,20,10] (15)   7034.13
[30,20]   [60,20,10] (20)   2318.82
[30,20]   [60,20,10] (25)   111.704
[30,20]   [60,20,10] (30)   104.496
[30,20]   [60,20,15] (0)   15254.6
[30,20]   [60,20,15] (5)   15265.6
[30,20]   [60,20,15] (10)   11330.3
[30,20]   [60,20,15] (15)   3932.77
[30,20]   [60,20,15] (20)   307.481
[30,20]   [60,20,15] (25)   108.394
[30,20]   [60,20,15] (30)   108.582
[30,20]   [60,20,20] (0)   15480.9
[30,20]   [60,20,20] (5)   15326.3
[30,20]   [60,20,20] (10)   11942
[30,20]   [60,20,20] (15)   2518.71
[30,20]   [60,20,20] (20)   2184.68
[30,20]   [60,20,20] (25)   133.395
[30,20]   [60,20,20] (30)   122.76
[30,20]   [60,30,5] (0)   10316.8
[30,20]   [60,30,5] (5)   10405.5
[30,20]   [60,30,5] (10)   10334.4
[30,20]   [60,30,5] (15)   8981.17
[30,20]   [60,30,5] (20)   2901.5
[30,20]   [60,30,5] (25)   96.5727
[30,20]   [60,30,5] (30)   91.7088
[30,20]   [60,30,10] (0)   10319.9
[30,20]   [60,30,10] (5)   10287.2
[30,20]   [60,30,10] (10)   10315.3
[30,20]   [60,30,10] (15)   9596.04
[30,20]   [60,30,10] (20)   4897.37
[30,20]   [60,30,10] (25)   740.741
[30,20]   [60,30,10] (30)   113.442
[30,20]   [60,30,15] (0)   10332.6
[30,20]   [60,30,15] (5)   10332.8
[30,20]   [60,30,15] (10)   10226.9
[30,20]   [60,30,15] (15)   8431.07
[30,20]   [60,30,15] (20)   2311.4
[30,20]   [60,30,15] (25)   122.544
[30,20]   [60,30,15] (30)   114.423
[30,20]   [60,30,20] (0)   10320.3
[30,20]   [60,30,20] (5)   10296.4
[30,20]   [60,30,20] (10)   10312.4
[30,20]   [60,30,20] (15)   9087.4
[30,20]   [60,30,20] (20)   1927.8
[30,20]   [60,30,20] (25)   145.752
[30,20]   [60,30,20] (30)   132.313
[30,20]   [60,40,5] (0)   6403.38
[30,20]   [60,40,5] (5)   6405.64
[30,20]   [60,40,5] (10)   6434.71
[30,20]   [60,40,5] (15)   6366.9
[30,20]   [60,40,5] (20)   5660.02
[30,20]   [60,40,5] (25)   1871.09
[30,20]   [60,40,5] (30)   106.76
[30,20]   [60,40,10] (0)   6417.64
[30,20]   [60,40,10] (5)   6423.94
[30,20]   [60,40,10] (10)   6408.72
[30,20]   [60,40,10] (15)   6434.6
[30,20]   [60,40,10] (20)   6143.1
[30,20]   [60,40,10] (25)   3083.66
[30,20]   [60,40,10] (30)   137.059
[30,20]   [60,40,15] (0)   6425.21
[30,20]   [60,40,15] (5)   6489.39
[30,20]   [60,40,15] (10)   6435.9
[30,20]   [60,40,15] (15)   6400.15
[30,20]   [60,40,15] (20)   5634.36
[30,20]   [60,40,15] (25)   1071.31
[30,20]   [60,40,15] (30)   124.638
[30,20]   [60,40,20] (0)   6424.46
[30,20]   [60,40,20] (5)   6423.16
[30,20]   [60,40,20] (10)   6411.11
[30,20]   [60,40,20] (15)   6367.88
[30,20]   [60,40,20] (20)   5831.62
[30,20]   [60,40,20] (25)   989.364
[30,20]   [60,40,20] (30)   137.824
[30,20]   [60,50,5] (0)   2578.35
[30,20]   [60,50,5] (5)   2644.59
[30,20]   [60,50,5] (10)   2559.53
[30,20]   [60,50,5] (15)   2626.85
[30,20]   [60,50,5] (20)   2597.28
[30,20]   [60,50,5] (25)   2059.79
[30,20]   [60,50,5] (30)   265.035
[30,20]   [60,50,10] (0)   2621.5
[30,20]   [60,50,10] (5)   2659.14
[30,20]   [60,50,10] (10)   2586.21
[30,20]   [60,50,10] (15)   2658.09
[30,20]   [60,50,10] (20)   2575.56
[30,20]   [60,50,10] (25)   2470.6
[30,20]   [60,50,10] (30)   767.273
[30,20]   [60,50,15] (0)   2592.83
[30,20]   [60,50,15] (5)   2571.43
[30,20]   [60,50,15] (10)   2660.01
[30,20]   [60,50,15] (15)   2668.65
[30,20]   [60,50,15] (20)   2695.77
[30,20]   [60,50,15] (25)   2090.26
[30,20]   [60,50,15] (30)   172.623
[30,20]   [60,50,20] (0)   2619.11
[30,20]   [60,50,20] (5)   2638.5
[30,20]   [60,50,20] (10)   2618.63
[30,20]   [60,50,20] (15)   2622.77
[30,20]   [60,50,20] (20)   2573.46
[30,20]   [60,50,20] (25)   2351.65
[30,20]   [60,50,20] (30)   176.942
[30,20]   [60,60,5] (0)   159.687
[30,20]   [60,60,5] (5)   159.808
[30,20]   [60,60,5] (10)   158.198
[30,20]   [60,60,5] (15)   159.039
[30,20]   [60,60,5] (20)   158.592
[30,20]   [60,60,5] (25)   160.491
[30,20]   [60,60,5] (30)   153.781
[30,20]   [60,60,10] (0)   160.598
[30,20]   [60,60,10] (5)   159.823
[30,20]   [60,60,10] (10)   160.395
[30,20]   [60,60,10] (15)   157.945
[30,20]   [60,60,10] (20)   159.665
[30,20]   [60,60,10] (25)   161.59
[30,20]   [60,60,10] (30)   160.379
[30,20]   [60,60,15] (0)   158.576
[30,20]   [60,60,15] (5)   160.1
[30,20]   [60,60,15] (10)   158.991
[30,20]   [60,60,15] (15)   160.853
[30,20]   [60,60,15] (20)   158.826
[30,20]   [60,60,15] (25)   158.64
[30,20]   [60,60,15] (30)   156.223
[30,20]   [60,60,20] (0)   160.935
[30,20]   [60,60,20] (5)   161.97
[30,20]   [60,60,20] (10)   161.358
[30,20]   [60,60,20] (15)   158.578
[30,20]   [60,60,20] (20)   160.338
[30,20]   [60,60,20] (25)   158.69
[30,20]   [60,60,20] (30)   158.318
