[90,30]   [10,10,5] (0)   81.8762
[90,30]   [10,10,5] (5)   54.2805
[90,30]   [10,10,5] (10)   54.6515
[90,30]   [10,10,5] (15)   64.5846
[90,30]   [10,10,5] (20)   74.5053
[90,30]   [10,10,5] (25)   84.3893
[90,30]   [10,10,5] (30)   94.3384
[90,30]   [10,10,10] (0)   80.8064
[90,30]   [10,10,10] (5)   63.7757
[90,30]   [10,10,10] (10)   69.1304
[90,30]   [10,10,10] (15)   78.2038
[90,30]   [10,10,10] (20)   86.5939
[90,30]   [10,10,10] (25)   95.3397
[90,30]   [10,10,10] (30)   104.003
[90,30]   [10,10,15] (0)   81.5514
[90,30]   [10,10,15] (5)   66.8207
[90,30]   [10,10,15] (10)   73.7054
[90,30]   [10,10,15] (15)   82.6598
[90,30]   [10,10,15] (20)   91.4069
[90,30]   [10,10,15] (25)   100.392
[90,30]   [10,10,15] (30)   109.167
[90,30]   [10,10,20] (0)   86.2988
[90,30]   [10,10,20] (5)   76.2387
[90,30]   [10,10,20] (10)   84.2871
[90,30]   [10,10,20] (15)   92.8913
[90,30]   [10,10,20] (20)   101.145
[90,30]   [10,10,20] (25)   109.694
[90,30]   [10,10,20] (30)   118.434
[90,30]   [10,20,5] (0)   9420.15
[90,30]   [10,20,5] (5)   9468.08
[90,30]   [10,20,5] (10)   9485.68
[90,30]   [10,20,5] (15)   9424.46
[90,30]   [10,20,5] (20)   9362.75
[90,30]   [10,20,5] (25)   8058.67
[90,30]   [10,20,5] (30)   6734.17
[90,30]   [10,20,10] (0)   9528.2
[90,30]   [10,20,10] (5)   9344.99
[90,30]   [10,20,10] (10)   9510.67
[90,30]   [10,20,10] (15)   9458.71
[90,30]   [10,20,10] (20)   9529.28
[90,30]   [10,20,10] (25)   9426.4
[90,30]   [10,20,10] (30)   8280.93
[90,30]   [10,20,15] (0)   9468.82
[90,30]   [10,20,15] (5)   9429.25
[90,30]   [10,20,15] (10)   9420.29
[90,30]   [10,20,15] (15)   9444.07
[90,30]   [10,20,15] (20)   9437.11
[90,30]   [10,20,15] (25)   6849.26
[90,30]   [10,20,15] (30)   7109.2
[90,30]   [10,20,20] (0)   9586.83
[90,30]   [10,20,20] (5)   9480.12
[90,30]   [10,20,20] (10)   9359.02
[90,30]   [10,20,20] (15)   9390.49
[90,30]   [10,20,20] (20)   9486.36
[90,30]   [10,20,20] (25)   7980.61
[90,30]   [10,20,20] (30)   6472.57
[90,30]   [10,30,5] (0)   20957
[90,30]   [10,30,5] (5)   20981.7
[90,30]   [10,30,5] (10)   20897.1
[90,30]   [10,30,5] (15)   20778.8
[90,30]   [10,30,5] (20)   20737.4
[90,30]   [10,30,5] (25)   20851.1
[90,30]   [10,30,5] (30)   18767
[90,30]   [10,30,10] (0)   20789.1
[90,30]   [10,30,10] (5)   20945
[90,30]   [10,30,10] (10)   20883.4
[90,30]   [10,30,10] (15)   20921.1
[90,30]   [10,30,10] (20)   20843.4
[90,30]   [10,30,10] (25)   20917.8
[90,30]   [10,30,10] (30)   20064.5
[90,30]   [10,30,15] (0)   20921.9
[90,30]   [10,30,15] (5)   20909.4
[90,30]   [10,30,15] (10)   20765.3
[90,30]   [10,30,15] (15)   20787.3
[90,30]   [10,30,15] (20)   20816.7
[90,30]   [10,30,15] (25)   20836.5
[90,30]   [10,30,15] (30)   17756.2
[90,30]   [10,30,20] (0)   20703.9
[90,30]   [10,30,20] (5)   20826.3
[90,30]   [10,30,20] (10)   20697.5
[90,30]   [10,30,20] (15)   20856.1
[90,30]   [10,30,20] (20)   20715.4
[90,30]   [10,30,20] (25)   20943.7
[90,30]   [10,30,20] (30)   16926.4
[90,30]   [10,40,5] (0)   26799.3
[90,30]   [10,40,5] (5)   26880.8
[90,30]   [10,40,5] (10)   26881.4
[90,30]   [10,40,5] (15)   26800
[90,30]   [10,40,5] (20)   26797.5
[90,30]   [10,40,5] (25)   26885.9
[90,30]   [10,40,5] (30)   26914.5
[90,30]   [10,40,10] (0)   26943
[90,30]   [10,40,10] (5)   26899.5
[90,30]   [10,40,10] (10)   26922.9
[90,30]   [10,40,10] (15)   26912.6
[90,30]   [10,40,10] (20)   26878.2
[90,30]   [10,40,10] (25)   27050.4
[90,30]   [10,40,10] (30)   27006.5
[90,30]   [10,40,15] (0)   26947.3
[90,30]   [10,40,15] (5)   26791
[90,30]   [10,40,15] (10)   26921.2
[90,30]   [10,40,15] (15)   26906.9
[90,30]   [10,40,15] (20)   26921.1
[90,30]   [10,40,15] (25)   26889.6
[90,30]   [10,40,15] (30)   26876.3
[90,30]   [10,40,20] (0)   26830.6
[90,30]   [10,40,20] (5)   26793.7
[90,30]   [10,40,20] (10)   26923.2
[90,30]   [10,40,20] (15)   26715.2
[90,30]   [10,40,20] (20)   26877.5
[90,30]   [10,40,20] (25)   26918.4
[90,30]   [10,40,20] (30)   26775.7
[90,30]   [10,50,5] (0)   36602.3
[90,30]   [10,50,5] (5)   36527.5
[90,30]   [10,50,5] (10)   36516.3
[90,30]   [10,50,5] (15)   36534.5
[90,30]   [10,50,5] (20)   36505.4
[90,30]   [10,50,5] (25)   36571.1
[90,30]   [10,50,5] (30)   36564.5
[90,30]   [10,50,10] (0)   36513.8
[90,30]   [10,50,10] (5)   36549.2
[90,30]   [10,50,10] (10)   36496.8
[90,30]   [10,50,10] (15)   36695.6
[90,30]   [10,50,10] (20)   36519.2
[90,30]   [10,50,10] (25)   36471.5
[90,30]   [10,50,10] (30)   36565.7
[90,30]   [10,50,15] (0)   36522.1
[90,30]   [10,50,15] (5)   36610.2
[90,30]   [10,50,15] (10)   36705
[90,30]   [10,50,15] (15)   36517.1
[90,30]   [10,50,15] (20)   36567.3
[90,30]   [10,50,15] (25)   36477.2
[90,30]   [10,50,15] (30)   36551.7
[90,30]   [10,50,20] (0)   36470.4
[90,30]   [10,50,20] (5)   36499.6
[90,30]   [10,50,20] (10)   36541.9
[90,30]   [10,50,20] (15)   36492.3
[90,30]   [10,50,20] (20)   36661.2
[90,30]   [10,50,20] (25)   36369.5
[90,30]   [10,50,20] (30)   36551.9
[90,30]   [10,60,5] (0)   40818.2
[90,30]   [10,60,5] (5)   40801.3
[90,30]   [10,60,5] (10)   40789
[90,30]   [10,60,5] (15)   40848.5
[90,30]   [10,60,5] (20)   40853.5
[90,30]   [10,60,5] (25)   40832.5
[90,30]   [10,60,5] (30)   40797.9
[90,30]   [10,60,10] (0)   40807.4
[90,30]   [10,60,10] (5)   40881.3
[90,30]   [10,60,10] (10)   40902.2
[90,30]   [10,60,10] (15)   40839.4
[90,30]   [10,60,10] (20)   40874.9
[90,30]   [10,60,10] (25)   40796.7
[90,30]   [10,60,10] (30)   40810
[90,30]   [10,60,15] (0)   40891.7
[90,30]   [10,60,15] (5)   40828.3
[90,30]   [10,60,15] (10)   40777.9
[90,30]   [10,60,15] (15)   40835
[90,30]   [10,60,15] (20)   40861
[90,30]   [10,60,15] (25)   40836.8
[90,30]   [10,60,15] (30)   40857.3
[90,30]   [10,60,20] (0)   40785.4
[90,30]   [10,60,20] (5)   40816
[90,30]   [10,60,20] (10)   40817.7
[90,30]   [10,60,20] (15)   40744.6
[90,30]   [10,60,20] (20)   40800.4
[90,30]   [10,60,20] (25)   40841.1
[90,30]   [10,60,20] (30)   40818.9
[90,30]   [20,10,5] (0)   8246.09
[90,30]   [20,10,5] (5)   1799.14
[90,30]   [20,10,5] (10)   57.6315
[90,30]   [20,10,5] (15)   60.5751
[90,30]   [20,10,5] (20)   69.763
[90,30]   [20,10,5] (25)   79.7318
[90,30]   [20,10,5] (30)   89.4746
[90,30]   [20,10,10] (0)   8296.31
[90,30]   [20,10,10] (5)   1586.16
[90,30]   [20,10,10] (10)   74.5073
[90,30]   [20,10,10] (15)   78.8003
[90,30]   [20,10,10] (20)   86.6846
[90,30]   [20,10,10] (25)   94.945
[90,30]   [20,10,10] (30)   103.274
[90,30]   [20,10,15] (0)   8450.15
[90,30]   [20,10,15] (5)   107.67
[90,30]   [20,10,15] (10)   80.4261
[90,30]   [20,10,15] (15)   86.8743
[90,30]   [20,10,15] (20)   94.8129
[90,30]   [20,10,15] (25)   102.86
[90,30]   [20,10,15] (30)   111.231
[90,30]   [20,10,20] (0)   8313.28
[90,30]   [20,10,20] (5)   120.589
[90,30]   [20,10,20] (10)   93.2657
[90,30]   [20,10,20] (15)   98.666
[90,30]   [20,10,20] (20)   106.614
[90,30]   [20,10,20] (25)   114.469
[90,30]   [20,10,20] (30)   122.598
[90,30]   [20,20,5] (0)   117.125
[90,30]   [20,20,5] (5)   114.223
[90,30]   [20,20,5] (10)   102.827
[90,30]   [20,20,5] (15)   91.0352
[90,30]   [20,20,5] (20)   97.0988
[90,30]   [20,20,5] (25)   105.372
[90,30]   [20,20,5] (30)   113.409
[90,30]   [20,20,10] (0)   111.28
[90,30]   [20,20,10] (5)   113.245
[90,30]   [20,20,10] (10)   107.935
[90,30]   [20,20,10] (15)   104.005
[90,30]   [20,20,10] (20)   110.954
[90,30]   [20,20,10] (25)   119.269
[90,30]   [20,20,10] (30)   127.065
[90,30]   [20,20,15] (0)   111.227
[90,30]   [20,20,15] (5)   112.502
[90,30]   [20,20,15] (10)   104.675
[90,30]   [20,20,15] (15)   106.348
[90,30]   [20,20,15] (20)   114.123
[90,30]   [20,20,15] (25)   121.85
[90,30]   [20,20,15] (30)   129.93
[90,30]   [20,20,20] (0)   112.376
[90,30]   [20,20,20] (5)   112.532
[90,30]   [20,20,20] (10)   109.646
[90,30]   [20,20,20] (15)   115.059
[90,30]   [20,20,20] (20)   122.745
[90,30]   [20,20,20] (25)   130.223
[90,30]   [20,20,20] (30)   138.218
[90,30]   [20,30,5] (0)   5985.23
[90,30]   [20,30,5] (5)   6146.36
[90,30]   [20,30,5] (10)   6075.46
[90,30]   [20,30,5] (15)   6087.52
[90,30]   [20,30,5] (20)   5895.79
[90,30]   [20,30,5] (25)   5954.18
[90,30]   [20,30,5] (30)   5176.47
[90,30]   [20,30,10] (0)   5950.67
[90,30]   [20,30,10] (5)   6101.19
[90,30]   [20,30,10] (10)   5892.62
[90,30]   [20,30,10] (15)   5867.62
[90,30]   [20,30,10] (20)   6033.78
[90,30]   [20,30,10] (25)   5988.71
[90,30]   [20,30,10] (30)   6087.63
[90,30]   [20,30,15] (0)   6024.02
[90,30]   [20,30,15] (5)   5924.43
[90,30]   [20,30,15] (10)   6016.18
[90,30]   [20,30,15] (15)   6013.27
[90,30]   [20,30,15] (20)   6115.98
[90,30]   [20,30,15] (25)   6059.59
[90,30]   [20,30,15] (30)   5279.51
[90,30]   [20,30,20] (0)   5881.72
[90,30]   [20,30,20] (5)   6023.91
[90,30]   [20,30,20] (10)   6146.07
[90,30]   [20,30,20] (15)   5984.95
[90,30]   [20,30,20] (20)   5970.11
[90,30]   [20,30,20] (25)   5999.94
[90,30]   [20,30,20] (30)   6021.55
[90,30]   [20,40,5] (0)   16095.4
[90,30]   [20,40,5] (5)   16354
[90,30]   [20,40,5] (10)   16227.9
[90,30]   [20,40,5] (15)   16321
[90,30]   [20,40,5] (20)   16242.8
[90,30]   [20,40,5] (25)   16185.2
[90,30]   [20,40,5] (30)   16159.5
[90,30]   [20,40,10] (0)   16250.5
[90,30]   [20,40,10] (5)   16111.1
[90,30]   [20,40,10] (10)   16279.6
[90,30]   [20,40,10] (15)   16150.6
[90,30]   [20,40,10] (20)   16243.3
[90,30]   [20,40,10] (25)   16094.2
[90,30]   [20,40,10] (30)   16243.3
[90,30]   [20,40,15] (0)   16103.4
[90,30]   [20,40,15] (5)   16045.6
[90,30]   [20,40,15] (10)   16197
[90,30]   [20,40,15] (15)   16373.5
[90,30]   [20,40,15] (20)   16143.5
[90,30]   [20,40,15] (25)   15893.8
[90,30]   [20,40,15] (30)   16184.6
[90,30]   [20,40,20] (0)   16283.8
[90,30]   [20,40,20] (5)   16279.8
[90,30]   [20,40,20] (10)   16148.3
[90,30]   [20,40,20] (15)   16255.1
[90,30]   [20,40,20] (20)   16142.8
[90,30]   [20,40,20] (25)   16215.4
[90,30]   [20,40,20] (30)   16055.1
[90,30]   [20,50,5] (0)   22527.3
[90,30]   [20,50,5] (5)   22694
[90,30]   [20,50,5] (10)   22600.7
[90,30]   [20,50,5] (15)   22603
[90,30]   [20,50,5] (20)   22583.4
[90,30]   [20,50,5] (25)   22586.4
[90,30]   [20,50,5] (30)   22482.5
[90,30]   [20,50,10] (0)   22617.1
[90,30]   [20,50,10] (5)   22543.2
[90,30]   [20,50,10] (10)   22565
[90,30]   [20,50,10] (15)   22592.6
[90,30]   [20,50,10] (20)   22574.6
[90,30]   [20,50,10] (25)   22654.7
[90,30]   [20,50,10] (30)   22529.9
[90,30]   [20,50,15] (0)   22716.4
[90,30]   [20,50,15] (5)   22731.8
[90,30]   [20,50,15] (10)   22644
[90,30]   [20,50,15] (15)   22646.6
[90,30]   [20,50,15] (20)   22343.2
[90,30]   [20,50,15] (25)   22376.4
[90,30]   [20,50,15] (30)   22596.1
[90,30]   [20,50,20] (0)   22352.7
[90,30]   [20,50,20] (5)   22582.5
[90,30]   [20,50,20] (10)   22447.2
[90,30]   [20,50,20] (15)   22571.5
[90,30]   [20,50,20] (20)   22569.7
[90,30]   [20,50,20] (25)   22444.1
[90,30]   [20,50,20] (30)   22517.7
[90,30]   [20,60,5] (0)   29521.8
[90,30]   [20,60,5] (5)   29499.7
[90,30]   [20,60,5] (10)   29703.2
[90,30]   [20,60,5] (15)   29521.4
[90,30]   [20,60,5] (20)   29602.6
[90,30]   [20,60,5] (25)   29650.3
[90,30]   [20,60,5] (30)   29718.1
[90,30]   [20,60,10] (0)   29670.3
[90,30]   [20,60,10] (5)   29621
[90,30]   [20,60,10] (10)   29754.8
[90,30]   [20,60,10] (15)   29642.6
[90,30]   [20,60,10] (20)   29548.7
[90,30]   [20,60,10] (25)   29526.2
[90,30]   [20,60,10] (30)   29561.4
[90,30]   [20,60,15] (0)   29510.2
[90,30]   [20,60,15] (5)   29712.8
[90,30]   [20,60,15] (10)   29523.7
[90,30]   [20,60,15] (15)   29711.1
[90,30]   [20,60,15] (20)   29638.5
[90,30]   [20,60,15] (25)   29461.5
[90,30]   [20,60,15] (30)   29646.5
[90,30]   [20,60,20] (0)   29451.2
[90,30]   [20,60,20] (5)   29665.5
[90,30]   [20,60,20] (10)   29432.8
[90,30]   [20,60,20] (15)   29434.5
[90,30]   [20,60,20] (20)   29606.6
[90,30]   [20,60,20] (25)   29691.7
[90,30]   [20,60,20] (30)   29548.4
[90,30]   [30,10,5] (0)   14404.9
[90,30]   [30,10,5] (5)   7415.53
[90,30]   [30,10,5] (10)   72.4721
[90,30]   [30,10,5] (15)   66.5113
[90,30]   [30,10,5] (20)   70.1896
[90,30]   [30,10,5] (25)   78.0538
[90,30]   [30,10,5] (30)   88.196
[90,30]   [30,10,10] (0)   14342.4
[90,30]   [30,10,10] (5)   7523.6
[90,30]   [30,10,10] (10)   106.629
[90,30]   [30,10,10] (15)   84.3906
[90,30]   [30,10,10] (20)   86.8076
[90,30]   [30,10,10] (25)   93.6817
[90,30]   [30,10,10] (30)   102.228
[90,30]   [30,10,15] (0)   14436.6
[90,30]   [30,10,15] (5)   3894.96
[90,30]   [30,10,15] (10)   91.231
[90,30]   [30,10,15] (15)   93.2168
[90,30]   [30,10,15] (20)   97.0129
[90,30]   [30,10,15] (25)   104.605
[90,30]   [30,10,15] (30)   112.432
[90,30]   [30,10,20] (0)   14676.4
[90,30]   [30,10,20] (5)   3385.43
[90,30]   [30,10,20] (10)   99.0664
[90,30]   [30,10,20] (15)   101.719
[90,30]   [30,10,20] (20)   109.817
[90,30]   [30,10,20] (25)   117.076
[90,30]   [30,10,20] (30)   125.02
[90,30]   [30,20,5] (0)   6428.66
[90,30]   [30,20,5] (5)   6385.45
[90,30]   [30,20,5] (10)   4220.26
[90,30]   [30,20,5] (15)   98.606
[90,30]   [30,20,5] (20)   84.2366
[90,30]   [30,20,5] (25)   88.3059
[90,30]   [30,20,5] (30)   97.2574
[90,30]   [30,20,10] (0)   6387.49
[90,30]   [30,20,10] (5)   6433.45
[90,30]   [30,20,10] (10)   4623.9
[90,30]   [30,20,10] (15)   110.699
[90,30]   [30,20,10] (20)   103.558
[90,30]   [30,20,10] (25)   108.683
[90,30]   [30,20,10] (30)   116.644
[90,30]   [30,20,15] (0)   6379.73
[90,30]   [30,20,15] (5)   6441.61
[90,30]   [30,20,15] (10)   3119.32
[90,30]   [30,20,15] (15)   110.214
[90,30]   [30,20,15] (20)   110.092
[90,30]   [30,20,15] (25)   116.603
[90,30]   [30,20,15] (30)   124.801
[90,30]   [30,20,20] (0)   6428.04
[90,30]   [30,20,20] (5)   6456.07
[90,30]   [30,20,20] (10)   3140.94
[90,30]   [30,20,20] (15)   121.793
[90,30]   [30,20,20] (20)   123.132
[90,30]   [30,20,20] (25)   129.837
[90,30]   [30,20,20] (30)   137.86
[90,30]   [30,30,5] (0)   165.966
[90,30]   [30,30,5] (5)   165.739
[90,30]   [30,30,5] (10)   165.79
[90,30]   [30,30,5] (15)   138.672
[90,30]   [30,30,5] (20)   118.973
[90,30]   [30,30,5] (25)   116.074
[90,30]   [30,30,5] (30)   123.913
[90,30]   [30,30,10] (0)   166.103
[90,30]   [30,30,10] (5)   167.955
[90,30]   [30,30,10] (10)   164.424
[90,30]   [30,30,10] (15)   142.332
[90,30]   [30,30,10] (20)   131.447
[90,30]   [30,30,10] (25)   135.118
[90,30]   [30,30,10] (30)   142.854
[90,30]   [30,30,15] (0)   166.315
[90,30]   [30,30,15] (5)   164.735
[90,30]   [30,30,15] (10)   165.183
[90,30]   [30,30,15] (15)   141.926
[90,30]   [30,30,15] (20)   137.563
[90,30]   [30,30,15] (25)   143.503
[90,30]   [30,30,15] (30)   151.424
[90,30]   [30,30,20] (0)   166.633
[90,30]   [30,30,20] (5)   165.384
[90,30]   [30,30,20] (10)   166.648
[90,30]   [30,30,20] (15)   142.852
[90,30]   [30,30,20] (20)   141.595
[90,30]   [30,30,20] (25)   148.445
[90,30]   [30,30,20] (30)   156.178
[90,30]   [30,40,5] (0)   3929.71
[90,30]   [30,40,5] (5)   3991.42
[90,30]   [30,40,5] (10)   3949.08
[90,30]   [30,40,5] (15)   3966.6
[90,30]   [30,40,5] (20)   4057.63
[90,30]   [30,40,5] (25)   3999.53
[90,30]   [30,40,5] (30)   4040.35
[90,30]   [30,40,10] (0)   4034.89
[90,30]   [30,40,10] (5)   3935.13
[90,30]   [30,40,10] (10)   3989.68
[90,30]   [30,40,10] (15)   4032.12
[90,30]   [30,40,10] (20)   3945.28
[90,30]   [30,40,10] (25)   4020.88
[90,30]   [30,40,10] (30)   3869.18
[90,30]   [30,40,15] (0)   4055.99
[90,30]   [30,40,15] (5)   4002.9
[90,30]   [30,40,15] (10)   4083.62
[90,30]   [30,40,15] (15)   3970.77
[90,30]   [30,40,15] (20)   3965.31
[90,30]   [30,40,15] (25)   3937.11
[90,30]   [30,40,15] (30)   3879.73
[90,30]   [30,40,20] (0)   3976.05
[90,30]   [30,40,20] (5)   4103.77
[90,30]   [30,40,20] (10)   3924.48
[90,30]   [30,40,20] (15)   4007.83
[90,30]   [30,40,20] (20)   3917.92
[90,30]   [30,40,20] (25)   4100.68
[90,30]   [30,40,20] (30)   4092.93
[90,30]   [30,50,5] (0)   11494.7
[90,30]   [30,50,5] (5)   11688.7
[90,30]   [30,50,5] (10)   11563.6
[90,30]   [30,50,5] (15)   11655.2
[90,30]   [30,50,5] (20)   11589.7
[90,30]   [30,50,5] (25)   11694.6
[90,30]   [30,50,5] (30)   11553.5
[90,30]   [30,50,10] (0)   11643.5
[90,30]   [30,50,10] (5)   11616
[90,30]   [30,50,10] (10)   11578.5
[90,30]   [30,50,10] (15)   11366.8
[90,30]   [30,50,10] (20)   11523.2
[90,30]   [30,50,10] (25)   11704.9
[90,30]   [30,50,10] (30)   11681.5
[90,30]   [30,50,15] (0)   11615.5
[90,30]   [30,50,15] (5)   11472.8
[90,30]   [30,50,15] (10)   11602.3
[90,30]   [30,50,15] (15)   11772.3
[90,30]   [30,50,15] (20)   11564.4
[90,30]   [30,50,15] (25)   11631.8
[90,30]   [30,50,15] (30)   11818
[90,30]   [30,50,20] (0)   11532.4
[90,30]   [30,50,20] (5)   11699.9
[90,30]   [30,50,20] (10)   11551.5
[90,30]   [30,50,20] (15)   11561.7
[90,30]   [30,50,20] (20)   11617.5
[90,30]   [30,50,20] (25)   11754.3
[90,30]   [30,50,20] (30)   11497
[90,30]   [30,60,5] (0)   24076.7
[90,30]   [30,60,5] (5)   23997.4
[90,30]   [30,60,5] (10)   23782.7
[90,30]   [30,60,5] (15)   23827.9
[90,30]   [30,60,5] (20)   23792.1
[90,30]   [30,60,5] (25)   23898.8
[90,30]   [30,60,5] (30)   23582.4
[90,30]   [30,60,10] (0)   23749.5
[90,30]   [30,60,10] (5)   23863.1
[90,30]   [30,60,10] (10)   23638.8
[90,30]   [30,60,10] (15)   23966.8
[90,30]   [30,60,10] (20)   23881.1
[90,30]   [30,60,10] (25)   23960.9
[90,30]   [30,60,10] (30)   23713.7
[90,30]   [30,60,15] (0)   23716.7
[90,30]   [30,60,15] (5)   23853.8
[90,30]   [30,60,15] (10)   23758
[90,30]   [30,60,15] (15)   23701.4
[90,30]   [30,60,15] (20)   23890.9
[90,30]   [30,60,15] (25)   23996.9
[90,30]   [30,60,15] (30)   23848.5
[90,30]   [30,60,20] (0)   23926.1
[90,30]   [30,60,20] (5)   23949.2
[90,30]   [30,60,20] (10)   23834.4
[90,30]   [30,60,20] (15)   23881.5
[90,30]   [30,60,20] (20)   23575.2
[90,30]   [30,60,20] (25)   23839.5
[90,30]   [30,60,20] (30)   23805.8
[90,30]   [40,10,5] (0)   20707
[90,30]   [40,10,5] (5)   12594.9
[90,30]   [40,10,5] (10)   128.915
[90,30]   [40,10,5] (15)   75.544
[90,30]   [40,10,5] (20)   76.6487
[90,30]   [40,10,5] (25)   81.0076
[90,30]   [40,10,5] (30)   86.1134
[90,30]   [40,10,10] (0)   20232.2
[90,30]   [40,10,10] (5)   13068
[90,30]   [40,10,10] (10)   3835.32
[90,30]   [40,10,10] (15)   99.2916
[90,30]   [40,10,10] (20)   94.3878
[90,30]   [40,10,10] (25)   96.5614
[90,30]   [40,10,10] (30)   102.004
[90,30]   [40,10,15] (0)   20257.1
[90,30]   [40,10,15] (5)   9440.32
[90,30]   [40,10,15] (10)   1326.97
[90,30]   [40,10,15] (15)   105.061
[90,30]   [40,10,15] (20)   104.328
[90,30]   [40,10,15] (25)   107.461
[90,30]   [40,10,15] (30)   113.471
[90,30]   [40,10,20] (0)   20320.3
[90,30]   [40,10,20] (5)   8584.35
[90,30]   [40,10,20] (10)   119.579
[90,30]   [40,10,20] (15)   117.22
[90,30]   [40,10,20] (20)   118.594
[90,30]   [40,10,20] (25)   122.568
[90,30]   [40,10,20] (30)   129.045
[90,30]   [40,20,5] (0)   13231.3
[90,30]   [40,20,5] (5)   13248.8
[90,30]   [40,20,5] (10)   10386.1
[90,30]   [40,20,5] (15)   257.867
[90,30]   [40,20,5] (20)   95.1917
[90,30]   [40,20,5] (25)   89.7391
[90,30]   [40,20,5] (30)   93.9139
[90,30]   [40,20,10] (0)   13125
[90,30]   [40,20,10] (5)   13192.6
[90,30]   [40,20,10] (10)   10964.9
[90,30]   [40,20,10] (15)   1825.55
[90,30]   [40,20,10] (20)   115.055
[90,30]   [40,20,10] (25)   108.937
[90,30]   [40,20,10] (30)   112.684
[90,30]   [40,20,15] (0)   13135
[90,30]   [40,20,15] (5)   13301.6
[90,30]   [40,20,15] (10)   9490.85
[90,30]   [40,20,15] (15)   132.958
[90,30]   [40,20,15] (20)   117.382
[90,30]   [40,20,15] (25)   116.469
[90,30]   [40,20,15] (30)   121.331
[90,30]   [40,20,20] (0)   13323.8
[90,30]   [40,20,20] (5)   13223.2
[90,30]   [40,20,20] (10)   9663.35
[90,30]   [40,20,20] (15)   133.885
[90,30]   [40,20,20] (20)   126.893
[90,30]   [40,20,20] (25)   131.53
[90,30]   [40,20,20] (30)   137.722
[90,30]   [40,30,5] (0)   5561.45
[90,30]   [40,30,5] (5)   5486.61
[90,30]   [40,30,5] (10)   5504.28
[90,30]   [40,30,5] (15)   4328.67
[90,30]   [40,30,5] (20)   143.67
[90,30]   [40,30,5] (25)   112.344
[90,30]   [40,30,5] (30)   108.815
[90,30]   [40,30,10] (0)   5600.69
[90,30]   [40,30,10] (5)   5465.08
[90,30]   [40,30,10] (10)   5573.95
[90,30]   [40,30,10] (15)   4610.11
[90,30]   [40,30,10] (20)   153.765
[90,30]   [40,30,10] (25)   131.813
[90,30]   [40,30,10] (30)   132.23
[90,30]   [40,30,15] (0)   5552.08
[90,30]   [40,30,15] (5)   5571.68
[90,30]   [40,30,15] (10)   5505.9
[90,30]   [40,30,15] (15)   3544.21
[90,30]   [40,30,15] (20)   143.507
[90,30]   [40,30,15] (25)   136.294
[90,30]   [40,30,15] (30)   139.248
[90,30]   [40,30,20] (0)   5538.23
[90,30]   [40,30,20] (5)   5502.04
[90,30]   [40,30,20] (10)   5512.66
[90,30]   [40,30,20] (15)   3734.09
[90,30]   [40,30,20] (20)   150.538
[90,30]   [40,30,20] (25)   148.302
[90,30]   [40,30,20] (30)   153.302
[90,30]   [40,40,5] (0)   192.695
[90,30]   [40,40,5] (5)   191.232
[90,30]   [40,40,5] (10)   190.353
[90,30]   [40,40,5] (15)   189.308
[90,30]   [40,40,5] (20)   183.376
[90,30]   [40,40,5] (25)   161.921
[90,30]   [40,40,5] (30)   145.299
[90,30]   [40,40,10] (0)   191.874
[90,30]   [40,40,10] (5)   192.85
[90,30]   [40,40,10] (10)   192.766
[90,30]   [40,40,10] (15)   190.064
[90,30]   [40,40,10] (20)   182.247
[90,30]   [40,40,10] (25)   166.669
[90,30]   [40,40,10] (30)   163.102
[90,30]   [40,40,15] (0)   192.129
[90,30]   [40,40,15] (5)   190.988
[90,30]   [40,40,15] (10)   193.412
[90,30]   [40,40,15] (15)   192.676
[90,30]   [40,40,15] (20)   180.696
[90,30]   [40,40,15] (25)   165.281
[90,30]   [40,40,15] (30)   165.182
[90,30]   [40,40,20] (0)   191.534
[90,30]   [40,40,20] (5)   191.953
[90,30]   [40,40,20] (10)   191.351
[90,30]   [40,40,20] (15)   191.956
[90,30]   [40,40,20] (20)   180.363
[90,30]   [40,40,20] (25)   172.026
[90,30]   [40,40,20] (30)   176.126
[90,30]   [40,50,5] (0)   2521.42
[90,30]   [40,50,5] (5)   2450.01
[90,30]   [40,50,5] (10)   2481.09
[90,30]   [40,50,5] (15)   2583.34
[90,30]   [40,50,5] (20)   2478.48
[90,30]   [40,50,5] (25)   2616.29
[90,30]   [40,50,5] (30)   2507.95
[90,30]   [40,50,10] (0)   2439.71
[90,30]   [40,50,10] (5)   2528.71
[90,30]   [40,50,10] (10)   2586.64
[90,30]   [40,50,10] (15)   2571.51
[90,30]   [40,50,10] (20)   2606.88
[90,30]   [40,50,10] (25)   2519.87
[90,30]   [40,50,10] (30)   2569.41
[90,30]   [40,50,15] (0)   2615.64
[90,30]   [40,50,15] (5)   2431
[90,30]   [40,50,15] (10)   2599.64
[90,30]   [40,50,15] (15)   2520.44
[90,30]   [40,50,15] (20)   2488.64
[90,30]   [40,50,15] (25)   2608.07
[90,30]   [40,50,15] (30)   2441.44
[90,30]   [40,50,20] (0)   2590.98
[90,30]   [40,50,20] (5)   2592.6
[90,30]   [40,50,20] (10)   2605.19
[90,30]   [40,50,20] (15)   2580.6
[90,30]   [40,50,20] (20)   2469.76
[90,30]   [40,50,20] (25)   2591.75
[90,30]   [40,50,20] (30)   2586.63
[90,30]   [40,60,5] (0)   9810.81
[90,30]   [40,60,5] (5)   9902.34
[90,30]   [40,60,5] (10)   9918.56
[90,30]   [40,60,5] (15)   9959.53
[90,30]   [40,60,5] (20)   10061.3
[90,30]   [40,60,5] (25)   9822.49
[90,30]   [40,60,5] (30)   9923.26
[90,30]   [40,60,10] (0)   9998.89
[90,30]   [40,60,10] (5)   9901.6
[90,30]   [40,60,10] (10)   9955.44
[90,30]   [40,60,10] (15)   9799.69
[90,30]   [40,60,10] (20)   10035.1
[90,30]   [40,60,10] (25)   9832.78
[90,30]   [40,60,10] (30)   9954.08
[90,30]   [40,60,15] (0)   9894.35
[90,30]   [40,60,15] (5)   9861.21
[90,30]   [40,60,15] (10)   9880.4
[90,30]   [40,60,15] (15)   9814.8
[90,30]   [40,60,15] (20)   9923.59
[90,30]   [40,60,15] (25)   9864.16
[90,30]   [40,60,15] (30)   9980.74
[90,30]   [40,60,20] (0)   10004.6
[90,30]   [40,60,20] (5)   9851.18
[90,30]   [40,60,20] (10)   9761.15
[90,30]   [40,60,20] (15)   9989.29
[90,30]   [40,60,20] (20)   10018.1
[90,30]   [40,60,20] (25)   9770.02
[90,30]   [40,60,20] (30)   10009
[90,30]   [50,10,5] (0)   28025.5
[90,30]   [50,10,5] (5)   17940.4
[90,30]   [50,10,5] (10)   3092.43
[90,30]   [50,10,5] (15)   87.3149
[90,30]   [50,10,5] (20)   84.2063
[90,30]   [50,10,5] (25)   86.8135
[90,30]   [50,10,5] (30)   92.8192
[90,30]   [50,10,10] (0)   27531.7
[90,30]   [50,10,10] (5)   18497.1
[90,30]   [50,10,10] (10)   8296.88
[90,30]   [50,10,10] (15)   1826.5
[90,30]   [50,10,10] (20)   108.335
[90,30]   [50,10,10] (25)   104.513
[90,30]   [50,10,10] (30)   106.22
[90,30]   [50,10,15] (0)   27717.7
[90,30]   [50,10,15] (5)   14908.7
[90,30]   [50,10,15] (10)   6001.27
[90,30]   [50,10,15] (15)   166.877
[90,30]   [50,10,15] (20)   113.182
[90,30]   [50,10,15] (25)   113.879
[90,30]   [50,10,15] (30)   116.633
[90,30]   [50,10,20] (0)   28201.6
[90,30]   [50,10,20] (5)   13885.9
[90,30]   [50,10,20] (10)   4018.46
[90,30]   [50,10,20] (15)   2643.99
[90,30]   [50,10,20] (20)   129.441
[90,30]   [50,10,20] (25)   127.136
[90,30]   [50,10,20] (30)   130.382
[90,30]   [50,20,5] (0)   18116.4
[90,30]   [50,20,5] (5)   18136
[90,30]   [50,20,5] (10)   15154.5
[90,30]   [50,20,5] (15)   3890.39
[90,30]   [50,20,5] (20)   111.273
[90,30]   [50,20,5] (25)   98.1778
[90,30]   [50,20,5] (30)   95.0833
[90,30]   [50,20,10] (0)   18154.1
[90,30]   [50,20,10] (5)   18088.6
[90,30]   [50,20,10] (10)   15839.5
[90,30]   [50,20,10] (15)   6674.02
[90,30]   [50,20,10] (20)   492.738
[90,30]   [50,20,10] (25)   121.229
[90,30]   [50,20,10] (30)   116.688
[90,30]   [50,20,15] (0)   18068.3
[90,30]   [50,20,15] (5)   18176.9
[90,30]   [50,20,15] (10)   14015.6
[90,30]   [50,20,15] (15)   3289.25
[90,30]   [50,20,15] (20)   149.487
[90,30]   [50,20,15] (25)   125.546
[90,30]   [50,20,15] (30)   125.751
[90,30]   [50,20,20] (0)   18207.1
[90,30]   [50,20,20] (5)   18163.6
[90,30]   [50,20,20] (10)   14793.7
[90,30]   [50,20,20] (15)   1451.69
[90,30]   [50,20,20] (20)   149.496
[90,30]   [50,20,20] (25)   140.217
[90,30]   [50,20,20] (30)   140.252
[90,30]   [50,30,5] (0)   13285.5
[90,30]   [50,30,5] (5)   13249.5
[90,30]   [50,30,5] (10)   13129.5
[90,30]   [50,30,5] (15)   9945.16
[90,30]   [50,30,5] (20)   1809.53
[90,30]   [50,30,5] (25)   126.018
[90,30]   [50,30,5] (30)   110.692
[90,30]   [50,30,10] (0)   13250.3
[90,30]   [50,30,10] (5)   13247.6
[90,30]   [50,30,10] (10)   13181.4
[90,30]   [50,30,10] (15)   10372.4
[90,30]   [50,30,10] (20)   3531.47
[90,30]   [50,30,10] (25)   151.404
[90,30]   [50,30,10] (30)   134.239
[90,30]   [50,30,15] (0)   13333.8
[90,30]   [50,30,15] (5)   13209
[90,30]   [50,30,15] (10)   12912.1
[90,30]   [50,30,15] (15)   9161.89
[90,30]   [50,30,15] (20)   699.803
[90,30]   [50,30,15] (25)   147.064
[90,30]   [50,30,15] (30)   140.246
[90,30]   [50,30,20] (0)   13300.1
[90,30]   [50,30,20] (5)   13290.2
[90,30]   [50,30,20] (10)   13320.2
[90,30]   [50,30,20] (15)   9767.95
[90,30]   [50,30,20] (20)   210.194
[90,30]   [50,30,20] (25)   154.323
[90,30]   [50,30,20] (30)   153.8
[90,30]   [50,40,5] (0)   5892.42
[90,30]   [50,40,5] (5)   5865.02
[90,30]   [50,40,5] (10)   5885.05
[90,30]   [50,40,5] (15)   5686.06
[90,30]   [50,40,5] (20)   4751.12
[90,30]   [50,40,5] (25)   672.348
[90,30]   [50,40,5] (30)   145.26
[90,30]   [50,40,10] (0)   5887.66
[90,30]   [50,40,10] (5)   5818.62
[90,30]   [50,40,10] (10)   5828.14
[90,30]   [50,40,10] (15)   5899.62
[90,30]   [50,40,10] (20)   4775.9
[90,30]   [50,40,10] (25)   1314.66
[90,30]   [50,40,10] (30)   164.913
[90,30]   [50,40,15] (0)   5874.06
[90,30]   [50,40,15] (5)   5825.61
[90,30]   [50,40,15] (10)   5852.08
[90,30]   [50,40,15] (15)   5592.57
[90,30]   [50,40,15] (20)   4542.09
[90,30]   [50,40,15] (25)   206.526
[90,30]   [50,40,15] (30)   162.619
[90,30]   [50,40,20] (0)   5806.76
[90,30]   [50,40,20] (5)   5840.96
[90,30]   [50,40,20] (10)   5893.91
[90,30]   [50,40,20] (15)   5863.16
[90,30]   [50,40,20] (20)   4461.46
[90,30]   [50,40,20] (25)   209.466
[90,30]   [50,40,20] (30)   172.775
[90,30]   [50,50,5] (0)   669.834
[90,30]   [50,50,5] (5)   683.438
[90,30]   [50,50,5] (10)   672.826
[90,30]   [50,50,5] (15)   718.649
[90,30]   [50,50,5] (20)   656.709
[90,30]   [50,50,5] (25)   651.775
[90,30]   [50,50,5] (30)   194.751
[90,30]   [50,50,10] (0)   625.488
[90,30]   [50,50,10] (5)   725.965
[90,30]   [50,50,10] (10)   692.64
[90,30]   [50,50,10] (15)   728.612
[90,30]   [50,50,10] (20)   650.951
[90,30]   [50,50,10] (25)   458.061
[90,30]   [50,50,10] (30)   200.215
[90,30]   [50,50,15] (0)   689.242
[90,30]   [50,50,15] (5)   662.778
[90,30]   [50,50,15] (10)   606.346
[90,30]   [50,50,15] (15)   643.062
[90,30]   [50,50,15] (20)   664.843
[90,30]   [50,50,15] (25)   485.088
[90,30]   [50,50,15] (30)   192.849
[90,30]   [50,50,20] (0)   669.768
[90,30]   [50,50,20] (5)   631.647
[90,30]   [50,50,20] (10)   744.942
[90,30]   [50,50,20] (15)   683.382
[90,30]   [50,50,20] (20)   705.977
[90,30]   [50,50,20] (25)   383.69
[90,30]   [50,50,20] (30)   196.771
[90,30]   [50,60,5] (0)   1184.24
[90,30]   [50,60,5] (5)   1303.47
[90,30]   [50,60,5] (10)   1291.46
[90,30]   [50,60,5] (15)   1203.13
[90,30]   [50,60,5] (20)   1230.41
[90,30]   [50,60,5] (25)   1221.43
[90,30]   [50,60,5] (30)   1185.36
[90,30]   [50,60,10] (0)   1195.54
[90,30]   [50,60,10] (5)   1239.72
[90,30]   [50,60,10] (10)   1258.82
[90,30]   [50,60,10] (15)   1208.28
[90,30]   [50,60,10] (20)   1051.77
[90,30]   [50,60,10] (25)   1262.88
[90,30]   [50,60,10] (30)   1215.02
[90,30]   [50,60,15] (0)   1272.89
[90,30]   [50,60,15] (5)   1303.48
[90,30]   [50,60,15] (10)   1373.38
[90,30]   [50,60,15] (15)   1280.23
[90,30]   [50,60,15] (20)   1202.32
[90,30]   [50,60,15] (25)   1297.56
[90,30]   [50,60,15] (30)   1370.82
[90,30]   [50,60,20] (0)   1201.46
[90,30]   [50,60,20] (5)   1247.22
[90,30]   [50,60,20] (10)   1353.6
[90,30]   [50,60,20] (15)   1234.42
[90,30]   [50,60,20] (20)   1276.41
[90,30]   [50,60,20] (25)   1256.98
[90,30]   [50,60,20] (30)   1384.69
[90,30]   [60,10,5] (0)   30285.3
[90,30]   [60,10,5] (5)   20836.4
[90,30]   [60,10,5] (10)   5934.12
[90,30]   [60,10,5] (15)   110.549
[90,30]   [60,10,5] (20)   91.7909
[90,30]   [60,10,5] (25)   92.9087
[90,30]   [60,10,5] (30)   97.8818
[90,30]   [60,10,10] (0)   30300.4
[90,30]   [60,10,10] (5)   22875
[90,30]   [60,10,10] (10)   12030.6
[90,30]   [60,10,10] (15)   5112.98
[90,30]   [60,10,10] (20)   511.053
[90,30]   [60,10,10] (25)   114.258
[90,30]   [60,10,10] (30)   114.069
[90,30]   [60,10,15] (0)   30297.6
[90,30]   [60,10,15] (5)   18801.8
[90,30]   [60,10,15] (10)   10104.4
[90,30]   [60,10,15] (15)   3400.98
[90,30]   [60,10,15] (20)   136.264
[90,30]   [60,10,15] (25)   124.619
[90,30]   [60,10,15] (30)   129.924
[90,30]   [60,10,20] (0)   30464.3
[90,30]   [60,10,20] (5)   18742.6
[90,30]   [60,10,20] (10)   7981.81
[90,30]   [60,10,20] (15)   6712.75
[90,30]   [60,10,20] (20)   163.326
[90,30]   [60,10,20] (25)   136.896
[90,30]   [60,10,20] (30)   140.976
[90,30]   [60,20,5] (0)   22948.5
[90,30]   [60,20,5] (5)   22982.6
[90,30]   [60,20,5] (10)   19680
[90,30]   [60,20,5] (15)   7338.64
[90,30]   [60,20,5] (20)   155.193
[90,30]   [60,20,5] (25)   103.699
[90,30]   [60,20,5] (30)   105.225
[90,30]   [60,20,10] (0)   22981
[90,30]   [60,20,10] (5)   23010.3
[90,30]   [60,20,10] (10)   20966.8
[90,30]   [60,20,10] (15)   10751.9
[90,30]   [60,20,10] (20)   4118.62
[90,30]   [60,20,10] (25)   160.413
[90,30]   [60,20,10] (30)   125.468
[90,30]   [60,20,15] (0)   22986.1
[90,30]   [60,20,15] (5)   23019.2
[90,30]   [60,20,15] (10)   18950.8
[90,30]   [60,20,15] (15)   7349.06
[90,30]   [60,20,15] (20)   2701.22
[90,30]   [60,20,15] (25)   139.426
[90,30]   [60,20,15] (30)   137.169
[90,30]   [60,20,20] (0)   22980.8
[90,30]   [60,20,20] (5)   23306.5
[90,30]   [60,20,20] (10)   19856.7
[90,30]   [60,20,20] (15)   5825.61
[90,30]   [60,20,20] (20)   3217.19
[90,30]   [60,20,20] (25)   163.245
[90,30]   [60,20,20] (30)   147.309
[90,30]   [60,30,5] (0)   20585.6
[90,30]   [60,30,5] (5)   20567.6
[90,30]   [60,30,5] (10)   20485.4
[90,30]   [60,30,5] (15)   14376.6
[90,30]   [60,30,5] (20)   5250.27
[90,30]   [60,30,5] (25)   148.267
[90,30]   [60,30,5] (30)   119.814
[90,30]   [60,30,10] (0)   20524.4
[90,30]   [60,30,10] (5)   20484.8
[90,30]   [60,30,10] (10)   20477.1
[90,30]   [60,30,10] (15)   14964.3
[90,30]   [60,30,10] (20)   7602.97
[90,30]   [60,30,10] (25)   1568.63
[90,30]   [60,30,10] (30)   147.334
[90,30]   [60,30,15] (0)   20601.8
[90,30]   [60,30,15] (5)   20534.6
[90,30]   [60,30,15] (10)   20298.3
[90,30]   [60,30,15] (15)   15033.9
[90,30]   [60,30,15] (20)   5314.1
[90,30]   [60,30,15] (25)   308.981
[90,30]   [60,30,15] (30)   154.094
[90,30]   [60,30,20] (0)   20588.7
[90,30]   [60,30,20] (5)   20536.6
[90,30]   [60,30,20] (10)   20509.6
[90,30]   [60,30,20] (15)   14217.5
[90,30]   [60,30,20] (20)   3386.64
[90,30]   [60,30,20] (25)   181.658
[90,30]   [60,30,20] (30)   165.814
[90,30]   [60,40,5] (0)   10294.1
[90,30]   [60,40,5] (5)   10293.4
[90,30]   [60,40,5] (10)   10245.7
[90,30]   [60,40,5] (15)   10289.8
[90,30]   [60,40,5] (20)   9523.07
[90,30]   [60,40,5] (25)   4337.81
[90,30]   [60,40,5] (30)   154.631
[90,30]   [60,40,10] (0)   10308.8
[90,30]   [60,40,10] (5)   10267.7
[90,30]   [60,40,10] (10)   10294
[90,30]   [60,40,10] (15)   10296.8
[90,30]   [60,40,10] (20)   9810.27
[90,30]   [60,40,10] (25)   5816.39
[90,30]   [60,40,10] (30)   215.178
[90,30]   [60,40,15] (0)   10305.1
[90,30]   [60,40,15] (5)   10293
[90,30]   [60,40,15] (10)   10305.9
[90,30]   [60,40,15] (15)   10138.5
[90,30]   [60,40,15] (20)   9301.2
[90,30]   [60,40,15] (25)   3345.33
[90,30]   [60,40,15] (30)   174.481
[90,30]   [60,40,20] (0)   10289.1
[90,30]   [60,40,20] (5)   10246.1
[90,30]   [60,40,20] (10)   10287.4
[90,30]   [60,40,20] (15)   10285.9
[90,30]   [60,40,20] (20)   9435.36
[90,30]   [60,40,20] (25)   2502.31
[90,30]   [60,40,20] (30)   176.043
[90,30]   [60,50,5] (0)   5526.36
[90,30]   [60,50,5] (5)   5499.84
[90,30]   [60,50,5] (10)   5445.03
[90,30]   [60,50,5] (15)   5486.7
[90,30]   [60,50,5] (20)   5444.73
[90,30]   [60,50,5] (25)   5067.54
[90,30]   [60,50,5] (30)   1980.49
[90,30]   [60,50,10] (0)   5398.77
[90,30]   [60,50,10] (5)   5546.97
[90,30]   [60,50,10] (10)   5484.69
[90,30]   [60,50,10] (15)   5530.83
[90,30]   [60,50,10] (20)   5405.86
[90,30]   [60,50,10] (25)   5311.6
[90,30]   [60,50,10] (30)   2510.4
[90,30]   [60,50,15] (0)   5491.59
[90,30]   [60,50,15] (5)   5438.04
[90,30]   [60,50,15] (10)   5557.81
[90,30]   [60,50,15] (15)   5458.69
[90,30]   [60,50,15] (20)   5491.25
[90,30]   [60,50,15] (25)   4900.55
[90,30]   [60,50,15] (30)   1096.61
[90,30]   [60,50,20] (0)   5500.89
[90,30]   [60,50,20] (5)   5533
[90,30]   [60,50,20] (10)   5538.38
[90,30]   [60,50,20] (15)   5432.96
[90,30]   [60,50,20] (20)   5454.57
[90,30]   [60,50,20] (25)   5081.16
[90,30]   [60,50,20] (30)   800.025
[90,30]   [60,60,5] (0)   818.727
[90,30]   [60,60,5] (5)   826.623
[90,30]   [60,60,5] (10)   782.501
[90,30]   [60,60,5] (15)   922.963
[90,30]   [60,60,5] (20)   879.967
[90,30]   [60,60,5] (25)   886.541
[90,30]   [60,60,5] (30)   616.593
[90,30]   [60,60,10] (0)   807.16
[90,30]   [60,60,10] (5)   729.894
[90,30]   [60,60,10] (10)   789.813
[90,30]   [60,60,10] (15)   818.795
[90,30]   [60,60,10] (20)   807.992
[90,30]   [60,60,10] (25)   775.455
[90,30]   [60,60,10] (30)   716.401
[90,30]   [60,60,15] (0)   760.558
[90,30]   [60,60,15] (5)   885.89
[90,30]   [60,60,15] (10)   862.675
[90,30]   [60,60,15] (15)   842.095
[90,30]   [60,60,15] (20)   806.686
[90,30]   [60,60,15] (25)   770.248
[90,30]   [60,60,15] (30)   457.456
[90,30]   [60,60,20] (0)   916.431
[90,30]   [60,60,20] (5)   863.28
[90,30]   [60,60,20] (10)   879.303
[90,30]   [60,60,20] (15)   919.964
[90,30]   [60,60,20] (20)   914.703
[90,30]   [60,60,20] (25)   842.012
[90,30]   [60,60,20] (30)   607.107
