[40,40]   [10,10,5] (0)   89.8084
[40,40]   [10,10,5] (5)   67.3951
[40,40]   [10,10,5] (10)   66.8016
[40,40]   [10,10,5] (15)   76.7953
[40,40]   [10,10,5] (20)   87.0229
[40,40]   [10,10,5] (25)   96.9225
[40,40]   [10,10,5] (30)   106.988
[40,40]   [10,10,10] (0)   89.6099
[40,40]   [10,10,10] (5)   77.0275
[40,40]   [10,10,10] (10)   82.6846
[40,40]   [10,10,10] (15)   91.5215
[40,40]   [10,10,10] (20)   100.603
[40,40]   [10,10,10] (25)   109.193
[40,40]   [10,10,10] (30)   117.966
[40,40]   [10,10,15] (0)   88.2478
[40,40]   [10,10,15] (5)   78.3259
[40,40]   [10,10,15] (10)   85.776
[40,40]   [10,10,15] (15)   94.4728
[40,40]   [10,10,15] (20)   103.806
[40,40]   [10,10,15] (25)   112.673
[40,40]   [10,10,15] (30)   121.721
[40,40]   [10,10,20] (0)   89.9417
[40,40]   [10,10,20] (5)   85.2912
[40,40]   [10,10,20] (10)   92.9355
[40,40]   [10,10,20] (15)   101.702
[40,40]   [10,10,20] (20)   110.009
[40,40]   [10,10,20] (25)   118.729
[40,40]   [10,10,20] (30)   127.48
[40,40]   [10,20,5] (0)   7798.35
[40,40]   [10,20,5] (5)   7866.1
[40,40]   [10,20,5] (10)   7738.69
[40,40]   [10,20,5] (15)   7899.54
[40,40]   [10,20,5] (20)   7818.12
[40,40]   [10,20,5] (25)   7418.2
[40,40]   [10,20,5] (30)   6356.93
[40,40]   [10,20,10] (0)   7743.76
[40,40]   [10,20,10] (5)   7722.85
[40,40]   [10,20,10] (10)   7776.99
[40,40]   [10,20,10] (15)   7786.59
[40,40]   [10,20,10] (20)   7844.3
[40,40]   [10,20,10] (25)   7919.65
[40,40]   [10,20,10] (30)   7698.24
[40,40]   [10,20,15] (0)   7945.2
[40,40]   [10,20,15] (5)   7739.29
[40,40]   [10,20,15] (10)   7833.3
[40,40]   [10,20,15] (15)   7775
[40,40]   [10,20,15] (20)   7854.09
[40,40]   [10,20,15] (25)   6984.3
[40,40]   [10,20,15] (30)   5568.54
[40,40]   [10,20,20] (0)   7875.5
[40,40]   [10,20,20] (5)   7719.95
[40,40]   [10,20,20] (10)   7759.37
[40,40]   [10,20,20] (15)   7875.64
[40,40]   [10,20,20] (20)   7860.48
[40,40]   [10,20,20] (25)   7882.8
[40,40]   [10,20,20] (30)   7922.45
[40,40]   [10,30,5] (0)   20801.5
[40,40]   [10,30,5] (5)   20873.6
[40,40]   [10,30,5] (10)   20690
[40,40]   [10,30,5] (15)   20657.1
[40,40]   [10,30,5] (20)   20723.2
[40,40]   [10,30,5] (25)   19948.7
[40,40]   [10,30,5] (30)   20625.2
[40,40]   [10,30,10] (0)   20678.2
[40,40]   [10,30,10] (5)   20908
[40,40]   [10,30,10] (10)   20856.5
[40,40]   [10,30,10] (15)   20861.8
[40,40]   [10,30,10] (20)   20684.1
[40,40]   [10,30,10] (25)   20999.3
[40,40]   [10,30,10] (30)   20203.2
[40,40]   [10,30,15] (0)   20884.5
[40,40]   [10,30,15] (5)   20654.9
[40,40]   [10,30,15] (10)   20978.3
[40,40]   [10,30,15] (15)   20825.1
[40,40]   [10,30,15] (20)   20940.6
[40,40]   [10,30,15] (25)   20909.3
[40,40]   [10,30,15] (30)   18303
[40,40]   [10,30,20] (0)   20741
[40,40]   [10,30,20] (5)   20963.6
[40,40]   [10,30,20] (10)   20758.5
[40,40]   [10,30,20] (15)   20810.6
[40,40]   [10,30,20] (20)   20876
[40,40]   [10,30,20] (25)   20825.2
[40,40]   [10,30,20] (30)   15355.7
[40,40]   [10,40,5] (0)   24197.5
[40,40]   [10,40,5] (5)   24286.9
[40,40]   [10,40,5] (10)   24083.3
[40,40]   [10,40,5] (15)   24159.2
[40,40]   [10,40,5] (20)   24204.2
[40,40]   [10,40,5] (25)   24334.2
[40,40]   [10,40,5] (30)   24250.5
[40,40]   [10,40,10] (0)   24286.9
[40,40]   [10,40,10] (5)   24271.5
[40,40]   [10,40,10] (10)   24195.3
[40,40]   [10,40,10] (15)   24274.6
[40,40]   [10,40,10] (20)   24172.3
[40,40]   [10,40,10] (25)   24223.5
[40,40]   [10,40,10] (30)   24293.6
[40,40]   [10,40,15] (0)   24218.8
[40,40]   [10,40,15] (5)   24242
[40,40]   [10,40,15] (10)   24399.3
[40,40]   [10,40,15] (15)   24281.4
[40,40]   [10,40,15] (20)   24289.6
[40,40]   [10,40,15] (25)   24258.7
[40,40]   [10,40,15] (30)   24278.2
[40,40]   [10,40,20] (0)   24239.2
[40,40]   [10,40,20] (5)   24314.5
[40,40]   [10,40,20] (10)   24305.5
[40,40]   [10,40,20] (15)   24274.4
[40,40]   [10,40,20] (20)   24260.7
[40,40]   [10,40,20] (25)   24287.5
[40,40]   [10,40,20] (30)   24274.8
[40,40]   [10,50,5] (0)   30433.4
[40,40]   [10,50,5] (5)   30480.8
[40,40]   [10,50,5] (10)   30434.1
[40,40]   [10,50,5] (15)   30465.2
[40,40]   [10,50,5] (20)   30429.3
[40,40]   [10,50,5] (25)   30458.4
[40,40]   [10,50,5] (30)   30469.4
[40,40]   [10,50,10] (0)   30492.4
[40,40]   [10,50,10] (5)   30474.5
[40,40]   [10,50,10] (10)   30479
[40,40]   [10,50,10] (15)   30353.6
[40,40]   [10,50,10] (20)   30422.1
[40,40]   [10,50,10] (25)   30469.4
[40,40]   [10,50,10] (30)   30319
[40,40]   [10,50,15] (0)   30454.2
[40,40]   [10,50,15] (5)   30509.4
[40,40]   [10,50,15] (10)   30380.1
[40,40]   [10,50,15] (15)   30464.9
[40,40]   [10,50,15] (20)   30326.6
[40,40]   [10,50,15] (25)   30513.8
[40,40]   [10,50,15] (30)   30440.5
[40,40]   [10,50,20] (0)   30356.4
[40,40]   [10,50,20] (5)   30379.3
[40,40]   [10,50,20] (10)   30287
[40,40]   [10,50,20] (15)   30421.1
[40,40]   [10,50,20] (20)   30449
[40,40]   [10,50,20] (25)   30455.9
[40,40]   [10,50,20] (30)   30542.5
[40,40]   [10,60,5] (0)   35644.2
[40,40]   [10,60,5] (5)   35594.4
[40,40]   [10,60,5] (10)   35585.4
[40,40]   [10,60,5] (15)   35624.3
[40,40]   [10,60,5] (20)   35581.8
[40,40]   [10,60,5] (25)   35611.7
[40,40]   [10,60,5] (30)   35647.3
[40,40]   [10,60,10] (0)   35599.1
[40,40]   [10,60,10] (5)   35613.5
[40,40]   [10,60,10] (10)   35632.4
[40,40]   [10,60,10] (15)   35626.9
[40,40]   [10,60,10] (20)   35622.6
[40,40]   [10,60,10] (25)   35570.2
[40,40]   [10,60,10] (30)   35669.1
[40,40]   [10,60,15] (0)   35610.1
[40,40]   [10,60,15] (5)   35592.9
[40,40]   [10,60,15] (10)   35655.3
[40,40]   [10,60,15] (15)   35648.7
[40,40]   [10,60,15] (20)   35610.7
[40,40]   [10,60,15] (25)   35662.5
[40,40]   [10,60,15] (30)   35619.8
[40,40]   [10,60,20] (0)   35668.2
[40,40]   [10,60,20] (5)   35603.8
[40,40]   [10,60,20] (10)   35655.5
[40,40]   [10,60,20] (15)   35626.9
[40,40]   [10,60,20] (20)   35578.6
[40,40]   [10,60,20] (25)   35624.2
[40,40]   [10,60,20] (30)   35591.4
[40,40]   [20,10,5] (0)   7493.98
[40,40]   [20,10,5] (5)   1088.71
[40,40]   [20,10,5] (10)   70.5267
[40,40]   [20,10,5] (15)   72.3423
[40,40]   [20,10,5] (20)   81.4107
[40,40]   [20,10,5] (25)   91.3365
[40,40]   [20,10,5] (30)   101.436
[40,40]   [20,10,10] (0)   7374.11
[40,40]   [20,10,10] (5)   1587.31
[40,40]   [20,10,10] (10)   87.5069
[40,40]   [20,10,10] (15)   91.9046
[40,40]   [20,10,10] (20)   99.715
[40,40]   [20,10,10] (25)   108.104
[40,40]   [20,10,10] (30)   116.383
[40,40]   [20,10,15] (0)   7484.37
[40,40]   [20,10,15] (5)   108.623
[40,40]   [20,10,15] (10)   89.5991
[40,40]   [20,10,15] (15)   95.9715
[40,40]   [20,10,15] (20)   104.297
[40,40]   [20,10,15] (25)   112.259
[40,40]   [20,10,15] (30)   120.698
[40,40]   [20,10,20] (0)   7493.59
[40,40]   [20,10,20] (5)   131.19
[40,40]   [20,10,20] (10)   102.3
[40,40]   [20,10,20] (15)   107.202
[40,40]   [20,10,20] (20)   115.352
[40,40]   [20,10,20] (25)   123.484
[40,40]   [20,10,20] (30)   131.669
[40,40]   [20,20,5] (0)   125.57
[40,40]   [20,20,5] (5)   126.698
[40,40]   [20,20,5] (10)   112.736
[40,40]   [20,20,5] (15)   100.34
[40,40]   [20,20,5] (20)   106.308
[40,40]   [20,20,5] (25)   114.811
[40,40]   [20,20,5] (30)   123.954
[40,40]   [20,20,10] (0)   127.821
[40,40]   [20,20,10] (5)   125.386
[40,40]   [20,20,10] (10)   119.69
[40,40]   [20,20,10] (15)   116.323
[40,40]   [20,20,10] (20)   124.403
[40,40]   [20,20,10] (25)   131.464
[40,40]   [20,20,10] (30)   139.275
[40,40]   [20,20,15] (0)   127.946
[40,40]   [20,20,15] (5)   124.993
[40,40]   [20,20,15] (10)   115.334
[40,40]   [20,20,15] (15)   116.7
[40,40]   [20,20,15] (20)   123.597
[40,40]   [20,20,15] (25)   131.421
[40,40]   [20,20,15] (30)   139.285
[40,40]   [20,20,20] (0)   125.466
[40,40]   [20,20,20] (5)   129.571
[40,40]   [20,20,20] (10)   128.195
[40,40]   [20,20,20] (15)   134.43
[40,40]   [20,20,20] (20)   142.46
[40,40]   [20,20,20] (25)   148.799
[40,40]   [20,20,20] (30)   156.927
[40,40]   [20,30,5] (0)   5304.76
[40,40]   [20,30,5] (5)   5254.23
[40,40]   [20,30,5] (10)   5308.41
[40,40]   [20,30,5] (15)   5247.53
[40,40]   [20,30,5] (20)   5370.89
[40,40]   [20,30,5] (25)   5300.23
[40,40]   [20,30,5] (30)   4838.93
[40,40]   [20,30,10] (0)   5319.37
[40,40]   [20,30,10] (5)   5292.61
[40,40]   [20,30,10] (10)   5325.04
[40,40]   [20,30,10] (15)   5349.4
[40,40]   [20,30,10] (20)   5352.55
[40,40]   [20,30,10] (25)   5308.92
[40,40]   [20,30,10] (30)   5251.95
[40,40]   [20,30,15] (0)   5340.65
[40,40]   [20,30,15] (5)   5349.71
[40,40]   [20,30,15] (10)   5331.9
[40,40]   [20,30,15] (15)   5356.5
[40,40]   [20,30,15] (20)   5179.8
[40,40]   [20,30,15] (25)   5205.23
[40,40]   [20,30,15] (30)   4039.08
[40,40]   [20,30,20] (0)   5329.1
[40,40]   [20,30,20] (5)   5278.23
[40,40]   [20,30,20] (10)   5300.36
[40,40]   [20,30,20] (15)   5258.35
[40,40]   [20,30,20] (20)   5343.38
[40,40]   [20,30,20] (25)   5243.36
[40,40]   [20,30,20] (30)   5275.27
[40,40]   [20,40,5] (0)   17281
[40,40]   [20,40,5] (5)   17218.7
[40,40]   [20,40,5] (10)   17191.3
[40,40]   [20,40,5] (15)   17186
[40,40]   [20,40,5] (20)   17286.1
[40,40]   [20,40,5] (25)   17046.9
[40,40]   [20,40,5] (30)   17046.7
[40,40]   [20,40,10] (0)   17017.6
[40,40]   [20,40,10] (5)   17199.1
[40,40]   [20,40,10] (10)   17161.6
[40,40]   [20,40,10] (15)   17103.8
[40,40]   [20,40,10] (20)   17139.5
[40,40]   [20,40,10] (25)   17375.2
[40,40]   [20,40,10] (30)   17156.5
[40,40]   [20,40,15] (0)   17309.5
[40,40]   [20,40,15] (5)   17102.9
[40,40]   [20,40,15] (10)   17306.4
[40,40]   [20,40,15] (15)   17063.4
[40,40]   [20,40,15] (20)   17131.4
[40,40]   [20,40,15] (25)   17200.6
[40,40]   [20,40,15] (30)   17303.2
[40,40]   [20,40,20] (0)   17344.8
[40,40]   [20,40,20] (5)   17244
[40,40]   [20,40,20] (10)   17201.4
[40,40]   [20,40,20] (15)   17337.5
[40,40]   [20,40,20] (20)   17295.8
[40,40]   [20,40,20] (25)   17224.1
[40,40]   [20,40,20] (30)   17071.8
[40,40]   [20,50,5] (0)   19608.6
[40,40]   [20,50,5] (5)   19818.1
[40,40]   [20,50,5] (10)   19804.2
[40,40]   [20,50,5] (15)   19656.3
[40,40]   [20,50,5] (20)   19667.7
[40,40]   [20,50,5] (25)   19642.3
[40,40]   [20,50,5] (30)   19606.2
[40,40]   [20,50,10] (0)   19631.1
[40,40]   [20,50,10] (5)   19570.2
[40,40]   [20,50,10] (10)   19646.3
[40,40]   [20,50,10] (15)   19661.4
[40,40]   [20,50,10] (20)   19713.4
[40,40]   [20,50,10] (25)   19699.5
[40,40]   [20,50,10] (30)   19666.7
[40,40]   [20,50,15] (0)   19591.6
[40,40]   [20,50,15] (5)   19587.2
[40,40]   [20,50,15] (10)   19708.5
[40,40]   [20,50,15] (15)   19588.1
[40,40]   [20,50,15] (20)   19546.6
[40,40]   [20,50,15] (25)   19707.5
[40,40]   [20,50,15] (30)   19704.3
[40,40]   [20,50,20] (0)   19611.3
[40,40]   [20,50,20] (5)   19611.3
[40,40]   [20,50,20] (10)   19537.1
[40,40]   [20,50,20] (15)   19809.6
[40,40]   [20,50,20] (20)   19785.3
[40,40]   [20,50,20] (25)   19693.2
[40,40]   [20,50,20] (30)   19518.6
[40,40]   [20,60,5] (0)   30379.8
[40,40]   [20,60,5] (5)   30297.8
[40,40]   [20,60,5] (10)   30189.4
[40,40]   [20,60,5] (15)   30490.3
[40,40]   [20,60,5] (20)   30439
[40,40]   [20,60,5] (25)   30551.6
[40,40]   [20,60,5] (30)   30371.2
[40,40]   [20,60,10] (0)   30437.2
[40,40]   [20,60,10] (5)   30542.5
[40,40]   [20,60,10] (10)   30552.4
[40,40]   [20,60,10] (15)   30503.2
[40,40]   [20,60,10] (20)   30535.4
[40,40]   [20,60,10] (25)   30238.1
[40,40]   [20,60,10] (30)   30549
[40,40]   [20,60,15] (0)   30437.9
[40,40]   [20,60,15] (5)   30510.9
[40,40]   [20,60,15] (10)   30358.9
[40,40]   [20,60,15] (15)   30359.4
[40,40]   [20,60,15] (20)   30314.1
[40,40]   [20,60,15] (25)   30459.2
[40,40]   [20,60,15] (30)   30424.8
[40,40]   [20,60,20] (0)   30380.9
[40,40]   [20,60,20] (5)   30328.3
[40,40]   [20,60,20] (10)   30304.4
[40,40]   [20,60,20] (15)   30344.6
[40,40]   [20,60,20] (20)   30213.2
[40,40]   [20,60,20] (25)   30292.4
[40,40]   [20,60,20] (30)   30473
[40,40]   [30,10,5] (0)   16709.9
[40,40]   [30,10,5] (5)   6789.43
[40,40]   [30,10,5] (10)   83.1681
[40,40]   [30,10,5] (15)   76.8856
[40,40]   [30,10,5] (20)   79.7357
[40,40]   [30,10,5] (25)   87.1403
[40,40]   [30,10,5] (30)   96.9466
[40,40]   [30,10,10] (0)   16759.7
[40,40]   [30,10,10] (5)   7187.91
[40,40]   [30,10,10] (10)   117.098
[40,40]   [30,10,10] (15)   96.1793
[40,40]   [30,10,10] (20)   98.8492
[40,40]   [30,10,10] (25)   105.401
[40,40]   [30,10,10] (30)   113.759
[40,40]   [30,10,15] (0)   16865.5
[40,40]   [30,10,15] (5)   3748.22
[40,40]   [30,10,15] (10)   100.421
[40,40]   [30,10,15] (15)   100.824
[40,40]   [30,10,15] (20)   104.603
[40,40]   [30,10,15] (25)   112.462
[40,40]   [30,10,15] (30)   120.642
[40,40]   [30,10,20] (0)   16748.1
[40,40]   [30,10,20] (5)   3065.94
[40,40]   [30,10,20] (10)   104.731
[40,40]   [30,10,20] (15)   105.923
[40,40]   [30,10,20] (20)   112.291
[40,40]   [30,10,20] (25)   119.128
[40,40]   [30,10,20] (30)   127.656
[40,40]   [30,20,5] (0)   5887.45
[40,40]   [30,20,5] (5)   5792.62
[40,40]   [30,20,5] (10)   3547.53
[40,40]   [30,20,5] (15)   100.729
[40,40]   [30,20,5] (20)   90.7157
[40,40]   [30,20,5] (25)   95.8585
[40,40]   [30,20,5] (30)   104.842
[40,40]   [30,20,10] (0)   5854.2
[40,40]   [30,20,10] (5)   5844.01
[40,40]   [30,20,10] (10)   3865.84
[40,40]   [30,20,10] (15)   116.789
[40,40]   [30,20,10] (20)   111.932
[40,40]   [30,20,10] (25)   117.449
[40,40]   [30,20,10] (30)   125.71
[40,40]   [30,20,15] (0)   5835.47
[40,40]   [30,20,15] (5)   5854.52
[40,40]   [30,20,15] (10)   2266.82
[40,40]   [30,20,15] (15)   112.994
[40,40]   [30,20,15] (20)   114.398
[40,40]   [30,20,15] (25)   121.118
[40,40]   [30,20,15] (30)   129.11
[40,40]   [30,20,20] (0)   5869.08
[40,40]   [30,20,20] (5)   5869.99
[40,40]   [30,20,20] (10)   2638.27
[40,40]   [30,20,20] (15)   125.881
[40,40]   [30,20,20] (20)   127.928
[40,40]   [30,20,20] (25)   134.948
[40,40]   [30,20,20] (30)   143.116
[40,40]   [30,30,5] (0)   157.715
[40,40]   [30,30,5] (5)   158.173
[40,40]   [30,30,5] (10)   157.295
[40,40]   [30,30,5] (15)   138.918
[40,40]   [30,30,5] (20)   117.304
[40,40]   [30,30,5] (25)   116.439
[40,40]   [30,30,5] (30)   124.739
[40,40]   [30,30,10] (0)   160.186
[40,40]   [30,30,10] (5)   158.057
[40,40]   [30,30,10] (10)   156.911
[40,40]   [30,30,10] (15)   144.004
[40,40]   [30,30,10] (20)   133.022
[40,40]   [30,30,10] (25)   137.217
[40,40]   [30,30,10] (30)   144.626
[40,40]   [30,30,15] (0)   158.154
[40,40]   [30,30,15] (5)   158.847
[40,40]   [30,30,15] (10)   158.076
[40,40]   [30,30,15] (15)   136.265
[40,40]   [30,30,15] (20)   130.668
[40,40]   [30,30,15] (25)   135.571
[40,40]   [30,30,15] (30)   143.445
[40,40]   [30,30,20] (0)   159.838
[40,40]   [30,30,20] (5)   160.222
[40,40]   [30,30,20] (10)   158.695
[40,40]   [30,30,20] (15)   148.541
[40,40]   [30,30,20] (20)   143.249
[40,40]   [30,30,20] (25)   149.108
[40,40]   [30,30,20] (30)   156.926
[40,40]   [30,40,5] (0)   3069.4
[40,40]   [30,40,5] (5)   3117.98
[40,40]   [30,40,5] (10)   3115
[40,40]   [30,40,5] (15)   3132.22
[40,40]   [30,40,5] (20)   3205.48
[40,40]   [30,40,5] (25)   3197.18
[40,40]   [30,40,5] (30)   2822.92
[40,40]   [30,40,10] (0)   3091.27
[40,40]   [30,40,10] (5)   3120.28
[40,40]   [30,40,10] (10)   3109.19
[40,40]   [30,40,10] (15)   3102.36
[40,40]   [30,40,10] (20)   3071.85
[40,40]   [30,40,10] (25)   3176.21
[40,40]   [30,40,10] (30)   3116.9
[40,40]   [30,40,15] (0)   3144.75
[40,40]   [30,40,15] (5)   3228.42
[40,40]   [30,40,15] (10)   3090.76
[40,40]   [30,40,15] (15)   3175.59
[40,40]   [30,40,15] (20)   3094.7
[40,40]   [30,40,15] (25)   3143.17
[40,40]   [30,40,15] (30)   3149.24
[40,40]   [30,40,20] (0)   3199.1
[40,40]   [30,40,20] (5)   3202.72
[40,40]   [30,40,20] (10)   3243.67
[40,40]   [30,40,20] (15)   3220.72
[40,40]   [30,40,20] (20)   3245.21
[40,40]   [30,40,20] (25)   3156.91
[40,40]   [30,40,20] (30)   3302.09
[40,40]   [30,50,5] (0)   11577.3
[40,40]   [30,50,5] (5)   11559.8
[40,40]   [30,50,5] (10)   11490
[40,40]   [30,50,5] (15)   11533
[40,40]   [30,50,5] (20)   11663
[40,40]   [30,50,5] (25)   11744.2
[40,40]   [30,50,5] (30)   11575.8
[40,40]   [30,50,10] (0)   11634.3
[40,40]   [30,50,10] (5)   11653.1
[40,40]   [30,50,10] (10)   11502.7
[40,40]   [30,50,10] (15)   11673
[40,40]   [30,50,10] (20)   11602.8
[40,40]   [30,50,10] (25)   11869
[40,40]   [30,50,10] (30)   11775.6
[40,40]   [30,50,15] (0)   11736.1
[40,40]   [30,50,15] (5)   11661.2
[40,40]   [30,50,15] (10)   11605
[40,40]   [30,50,15] (15)   11567.6
[40,40]   [30,50,15] (20)   11605.5
[40,40]   [30,50,15] (25)   11612.3
[40,40]   [30,50,15] (30)   11587.7
[40,40]   [30,50,20] (0)   11448.7
[40,40]   [30,50,20] (5)   11616.2
[40,40]   [30,50,20] (10)   11727.1
[40,40]   [30,50,20] (15)   11737.3
[40,40]   [30,50,20] (20)   11451.3
[40,40]   [30,50,20] (25)   11545.8
[40,40]   [30,50,20] (30)   11566.9
[40,40]   [30,60,5] (0)   15767.3
[40,40]   [30,60,5] (5)   15742.9
[40,40]   [30,60,5] (10)   15899.5
[40,40]   [30,60,5] (15)   15983.4
[40,40]   [30,60,5] (20)   15886
[40,40]   [30,60,5] (25)   16015.5
[40,40]   [30,60,5] (30)   15893.4
[40,40]   [30,60,10] (0)   15744.3
[40,40]   [30,60,10] (5)   15737.8
[40,40]   [30,60,10] (10)   15852.4
[40,40]   [30,60,10] (15)   15864
[40,40]   [30,60,10] (20)   15882.7
[40,40]   [30,60,10] (25)   15781.1
[40,40]   [30,60,10] (30)   15846.1
[40,40]   [30,60,15] (0)   15754.7
[40,40]   [30,60,15] (5)   15944.3
[40,40]   [30,60,15] (10)   15933.4
[40,40]   [30,60,15] (15)   16074.2
[40,40]   [30,60,15] (20)   15923.2
[40,40]   [30,60,15] (25)   15740.7
[40,40]   [30,60,15] (30)   15691.1
[40,40]   [30,60,20] (0)   15825.5
[40,40]   [30,60,20] (5)   15820.6
[40,40]   [30,60,20] (10)   15893.1
[40,40]   [30,60,20] (15)   15591.1
[40,40]   [30,60,20] (20)   15957.8
[40,40]   [30,60,20] (25)   15757.3
[40,40]   [30,60,20] (30)   15837.3
[40,40]   [40,10,5] (0)   18555.5
[40,40]   [40,10,5] (5)   11128.9
[40,40]   [40,10,5] (10)   131.423
[40,40]   [40,10,5] (15)   84.2324
[40,40]   [40,10,5] (20)   83.6137
[40,40]   [40,10,5] (25)   87.9134
[40,40]   [40,10,5] (30)   94.4215
[40,40]   [40,10,10] (0)   18702.9
[40,40]   [40,10,10] (5)   12034.8
[40,40]   [40,10,10] (10)   3517.16
[40,40]   [40,10,10] (15)   109.017
[40,40]   [40,10,10] (20)   104.242
[40,40]   [40,10,10] (25)   106.287
[40,40]   [40,10,10] (30)   111.932
[40,40]   [40,10,15] (0)   18730.2
[40,40]   [40,10,15] (5)   8184.07
[40,40]   [40,10,15] (10)   1267.04
[40,40]   [40,10,15] (15)   109.355
[40,40]   [40,10,15] (20)   111.547
[40,40]   [40,10,15] (25)   114.331
[40,40]   [40,10,15] (30)   120.493
[40,40]   [40,10,20] (0)   18722.7
[40,40]   [40,10,20] (5)   8019.94
[40,40]   [40,10,20] (10)   127.519
[40,40]   [40,10,20] (15)   124.134
[40,40]   [40,10,20] (20)   124.696
[40,40]   [40,10,20] (25)   128.262
[40,40]   [40,10,20] (30)   134.342
[40,40]   [40,20,5] (0)   13228.8
[40,40]   [40,20,5] (5)   13366
[40,40]   [40,20,5] (10)   8981.18
[40,40]   [40,20,5] (15)   151.204
[40,40]   [40,20,5] (20)   99.3237
[40,40]   [40,20,5] (25)   94.6952
[40,40]   [40,20,5] (30)   99.6348
[40,40]   [40,20,10] (0)   13224.5
[40,40]   [40,20,10] (5)   13215.6
[40,40]   [40,20,10] (10)   9885.02
[40,40]   [40,20,10] (15)   1444.71
[40,40]   [40,20,10] (20)   121.008
[40,40]   [40,20,10] (25)   116.199
[40,40]   [40,20,10] (30)   120.136
[40,40]   [40,20,15] (0)   13223.3
[40,40]   [40,20,15] (5)   13252.4
[40,40]   [40,20,15] (10)   8004.8
[40,40]   [40,20,15] (15)   130.126
[40,40]   [40,20,15] (20)   121.172
[40,40]   [40,20,15] (25)   120.59
[40,40]   [40,20,15] (30)   126.077
[40,40]   [40,20,20] (0)   13164.4
[40,40]   [40,20,20] (5)   13190.7
[40,40]   [40,20,20] (10)   10452.2
[40,40]   [40,20,20] (15)   152.989
[40,40]   [40,20,20] (20)   142.143
[40,40]   [40,20,20] (25)   146.34
[40,40]   [40,20,20] (30)   153.063
[40,40]   [40,30,5] (0)   4769.44
[40,40]   [40,30,5] (5)   4860.16
[40,40]   [40,30,5] (10)   4821.47
[40,40]   [40,30,5] (15)   3800.75
[40,40]   [40,30,5] (20)   132.875
[40,40]   [40,30,5] (25)   110.954
[40,40]   [40,30,5] (30)   110.126
[40,40]   [40,30,10] (0)   4776.82
[40,40]   [40,30,10] (5)   4749.27
[40,40]   [40,30,10] (10)   4796.18
[40,40]   [40,30,10] (15)   3989.09
[40,40]   [40,30,10] (20)   152.042
[40,40]   [40,30,10] (25)   131.997
[40,40]   [40,30,10] (30)   133.594
[40,40]   [40,30,15] (0)   4749.59
[40,40]   [40,30,15] (5)   4815.39
[40,40]   [40,30,15] (10)   4750.26
[40,40]   [40,30,15] (15)   3091.59
[40,40]   [40,30,15] (20)   140.039
[40,40]   [40,30,15] (25)   132.509
[40,40]   [40,30,15] (30)   136.305
[40,40]   [40,30,20] (0)   4792.28
[40,40]   [40,30,20] (5)   4831.39
[40,40]   [40,30,20] (10)   4734.09
[40,40]   [40,30,20] (15)   3245.17
[40,40]   [40,30,20] (20)   152.036
[40,40]   [40,30,20] (25)   148.302
[40,40]   [40,30,20] (30)   153.085
[40,40]   [40,40,5] (0)   223.083
[40,40]   [40,40,5] (5)   222.225
[40,40]   [40,40,5] (10)   222.98
[40,40]   [40,40,5] (15)   224.154
[40,40]   [40,40,5] (20)   172.327
[40,40]   [40,40,5] (25)   150.71
[40,40]   [40,40,5] (30)   136.381
[40,40]   [40,40,10] (0)   223.201
[40,40]   [40,40,10] (5)   224.511
[40,40]   [40,40,10] (10)   224.663
[40,40]   [40,40,10] (15)   224.527
[40,40]   [40,40,10] (20)   178.032
[40,40]   [40,40,10] (25)   166.408
[40,40]   [40,40,10] (30)   160.663
[40,40]   [40,40,15] (0)   224.036
[40,40]   [40,40,15] (5)   223.456
[40,40]   [40,40,15] (10)   224.191
[40,40]   [40,40,15] (15)   223.223
[40,40]   [40,40,15] (20)   167.044
[40,40]   [40,40,15] (25)   154.647
[40,40]   [40,40,15] (30)   156.283
[40,40]   [40,40,20] (0)   223.568
[40,40]   [40,40,20] (5)   224.66
[40,40]   [40,40,20] (10)   224.703
[40,40]   [40,40,20] (15)   223.238
[40,40]   [40,40,20] (20)   174.518
[40,40]   [40,40,20] (25)   184.106
[40,40]   [40,40,20] (30)   190.577
[40,40]   [40,50,5] (0)   1968.24
[40,40]   [40,50,5] (5)   2052.38
[40,40]   [40,50,5] (10)   1981.2
[40,40]   [40,50,5] (15)   2000.54
[40,40]   [40,50,5] (20)   1942.41
[40,40]   [40,50,5] (25)   1988.55
[40,40]   [40,50,5] (30)   1836.66
[40,40]   [40,50,10] (0)   1957.96
[40,40]   [40,50,10] (5)   1999.2
[40,40]   [40,50,10] (10)   2033.77
[40,40]   [40,50,10] (15)   2126.3
[40,40]   [40,50,10] (20)   1959.21
[40,40]   [40,50,10] (25)   1979.06
[40,40]   [40,50,10] (30)   2067.06
[40,40]   [40,50,15] (0)   2050.89
[40,40]   [40,50,15] (5)   2052.57
[40,40]   [40,50,15] (10)   2143.51
[40,40]   [40,50,15] (15)   2022.66
[40,40]   [40,50,15] (20)   1997.27
[40,40]   [40,50,15] (25)   1937.96
[40,40]   [40,50,15] (30)   1894.53
[40,40]   [40,50,20] (0)   2041.47
[40,40]   [40,50,20] (5)   2049.24
[40,40]   [40,50,20] (10)   2133.77
[40,40]   [40,50,20] (15)   2108.87
[40,40]   [40,50,20] (20)   1921.02
[40,40]   [40,50,20] (25)   1951.05
[40,40]   [40,50,20] (30)   1972.3
[40,40]   [40,60,5] (0)   10962.5
[40,40]   [40,60,5] (5)   10828.2
[40,40]   [40,60,5] (10)   10908.4
[40,40]   [40,60,5] (15)   10622.2
[40,40]   [40,60,5] (20)   10786.4
[40,40]   [40,60,5] (25)   10915.3
[40,40]   [40,60,5] (30)   10779.2
[40,40]   [40,60,10] (0)   10716.2
[40,40]   [40,60,10] (5)   10726.5
[40,40]   [40,60,10] (10)   10902.2
[40,40]   [40,60,10] (15)   10912.4
[40,40]   [40,60,10] (20)   10952.9
[40,40]   [40,60,10] (25)   10804.9
[40,40]   [40,60,10] (30)   10860.5
[40,40]   [40,60,15] (0)   10783.5
[40,40]   [40,60,15] (5)   10934.1
[40,40]   [40,60,15] (10)   11026.9
[40,40]   [40,60,15] (15)   10782.3
[40,40]   [40,60,15] (20)   10890.6
[40,40]   [40,60,15] (25)   10847.7
[40,40]   [40,60,15] (30)   10916.7
[40,40]   [40,60,20] (0)   10993.1
[40,40]   [40,60,20] (5)   10865.5
[40,40]   [40,60,20] (10)   10935.4
[40,40]   [40,60,20] (15)   10895.2
[40,40]   [40,60,20] (20)   10917.8
[40,40]   [40,60,20] (25)   11038.2
[40,40]   [40,60,20] (30)   10887.2
[40,40]   [50,10,5] (0)   22802.8
[40,40]   [50,10,5] (5)   15099.3
[40,40]   [50,10,5] (10)   2432.11
[40,40]   [50,10,5] (15)   87.979
[40,40]   [50,10,5] (20)   87.6343
[40,40]   [50,10,5] (25)   91.0149
[40,40]   [50,10,5] (30)   95.6541
[40,40]   [50,10,10] (0)   22795.9
[40,40]   [50,10,10] (5)   16303
[40,40]   [50,10,10] (10)   7299.49
[40,40]   [50,10,10] (15)   1389.27
[40,40]   [50,10,10] (20)   111.515
[40,40]   [50,10,10] (25)   110.84
[40,40]   [50,10,10] (30)   113.571
[40,40]   [50,10,15] (0)   23048.2
[40,40]   [50,10,15] (5)   12348.8
[40,40]   [50,10,15] (10)   4937.51
[40,40]   [50,10,15] (15)   142.241
[40,40]   [50,10,15] (20)   116.23
[40,40]   [50,10,15] (25)   117.569
[40,40]   [50,10,15] (30)   120.331
[40,40]   [50,10,20] (0)   22786.5
[40,40]   [50,10,20] (5)   12146.3
[40,40]   [50,10,20] (10)   2993.57
[40,40]   [50,10,20] (15)   1394.01
[40,40]   [50,10,20] (20)   125.51
[40,40]   [50,10,20] (25)   123.42
[40,40]   [50,10,20] (30)   127.733
[40,40]   [50,20,5] (0)   15348.1
[40,40]   [50,20,5] (5)   15450.8
[40,40]   [50,20,5] (10)   12289.3
[40,40]   [50,20,5] (15)   2860.31
[40,40]   [50,20,5] (20)   103.797
[40,40]   [50,20,5] (25)   98.1589
[40,40]   [50,20,5] (30)   101
[40,40]   [50,20,10] (0)   15472.9
[40,40]   [50,20,10] (5)   15529.3
[40,40]   [50,20,10] (10)   13032.9
[40,40]   [50,20,10] (15)   5372.09
[40,40]   [50,20,10] (20)   206.099
[40,40]   [50,20,10] (25)   119.675
[40,40]   [50,20,10] (30)   119.264
[40,40]   [50,20,15] (0)   15402.8
[40,40]   [50,20,15] (5)   15389.1
[40,40]   [50,20,15] (10)   11351.2
[40,40]   [50,20,15] (15)   2343.53
[40,40]   [50,20,15] (20)   134.152
[40,40]   [50,20,15] (25)   123.586
[40,40]   [50,20,15] (30)   126.043
[40,40]   [50,20,20] (0)   15451.9
[40,40]   [50,20,20] (5)   15591.9
[40,40]   [50,20,20] (10)   11875.7
[40,40]   [50,20,20] (15)   822.754
[40,40]   [50,20,20] (20)   146.369
[40,40]   [50,20,20] (25)   141.061
[40,40]   [50,20,20] (30)   143.383
[40,40]   [50,30,5] (0)   10979.7
[40,40]   [50,30,5] (5)   10872
[40,40]   [50,30,5] (10)   10778.6
[40,40]   [50,30,5] (15)   8399.89
[40,40]   [50,30,5] (20)   1082.86
[40,40]   [50,30,5] (25)   116.429
[40,40]   [50,30,5] (30)   109.503
[40,40]   [50,30,10] (0)   10875.3
[40,40]   [50,30,10] (5)   10853.9
[40,40]   [50,30,10] (10)   10894.5
[40,40]   [50,30,10] (15)   8509.5
[40,40]   [50,30,10] (20)   2549.92
[40,40]   [50,30,10] (25)   144.512
[40,40]   [50,30,10] (30)   132.229
[40,40]   [50,30,15] (0)   10886.9
[40,40]   [50,30,15] (5)   10875.2
[40,40]   [50,30,15] (10)   10901
[40,40]   [50,30,15] (15)   7421.45
[40,40]   [50,30,15] (20)   301.565
[40,40]   [50,30,15] (25)   138.82
[40,40]   [50,30,15] (30)   134.391
[40,40]   [50,30,20] (0)   10873.2
[40,40]   [50,30,20] (5)   10858.5
[40,40]   [50,30,20] (10)   10853.9
[40,40]   [50,30,20] (15)   7738.88
[40,40]   [50,30,20] (20)   185.222
[40,40]   [50,30,20] (25)   146.016
[40,40]   [50,30,20] (30)   146.262
[40,40]   [50,40,5] (0)   3956.51
[40,40]   [50,40,5] (5)   4013.75
[40,40]   [50,40,5] (10)   4091.37
[40,40]   [50,40,5] (15)   4053.72
[40,40]   [50,40,5] (20)   3668.16
[40,40]   [50,40,5] (25)   255.009
[40,40]   [50,40,5] (30)   133.429
[40,40]   [50,40,10] (0)   4007.11
[40,40]   [50,40,10] (5)   4057.71
[40,40]   [50,40,10] (10)   4079.33
[40,40]   [50,40,10] (15)   4061.17
[40,40]   [50,40,10] (20)   3579.93
[40,40]   [50,40,10] (25)   289.23
[40,40]   [50,40,10] (30)   159.988
[40,40]   [50,40,15] (0)   3996.68
[40,40]   [50,40,15] (5)   4019.15
[40,40]   [50,40,15] (10)   3995.12
[40,40]   [50,40,15] (15)   4058.71
[40,40]   [50,40,15] (20)   3380.12
[40,40]   [50,40,15] (25)   177.314
[40,40]   [50,40,15] (30)   150.212
[40,40]   [50,40,20] (0)   3940.58
[40,40]   [50,40,20] (5)   3938.6
[40,40]   [50,40,20] (10)   3957.6
[40,40]   [50,40,20] (15)   4042.5
[40,40]   [50,40,20] (20)   3181.05
[40,40]   [50,40,20] (25)   179.112
[40,40]   [50,40,20] (30)   166.8
[40,40]   [50,50,5] (0)   196.707
[40,40]   [50,50,5] (5)   197.359
[40,40]   [50,50,5] (10)   199.777
[40,40]   [50,50,5] (15)   197.371
[40,40]   [50,50,5] (20)   193.98
[40,40]   [50,50,5] (25)   194.278
[40,40]   [50,50,5] (30)   170.227
[40,40]   [50,50,10] (0)   196.391
[40,40]   [50,50,10] (5)   198.725
[40,40]   [50,50,10] (10)   196.935
[40,40]   [50,50,10] (15)   198.419
[40,40]   [50,50,10] (20)   198.06
[40,40]   [50,50,10] (25)   182.813
[40,40]   [50,50,10] (30)   175.654
[40,40]   [50,50,15] (0)   198.077
[40,40]   [50,50,15] (5)   195.603
[40,40]   [50,50,15] (10)   197.144
[40,40]   [50,50,15] (15)   198.289
[40,40]   [50,50,15] (20)   208.983
[40,40]   [50,50,15] (25)   187.396
[40,40]   [50,50,15] (30)   169.316
[40,40]   [50,50,20] (0)   197.225
[40,40]   [50,50,20] (5)   199.8
[40,40]   [50,50,20] (10)   199.649
[40,40]   [50,50,20] (15)   197.127
[40,40]   [50,50,20] (20)   195.803
[40,40]   [50,50,20] (25)   195.046
[40,40]   [50,50,20] (30)   182.257
[40,40]   [50,60,5] (0)   1187.54
[40,40]   [50,60,5] (5)   1119.87
[40,40]   [50,60,5] (10)   1066.35
[40,40]   [50,60,5] (15)   1053.36
[40,40]   [50,60,5] (20)   1231.31
[40,40]   [50,60,5] (25)   1198.11
[40,40]   [50,60,5] (30)   1134.4
[40,40]   [50,60,10] (0)   1231.36
[40,40]   [50,60,10] (5)   1043.95
[40,40]   [50,60,10] (10)   1196.14
[40,40]   [50,60,10] (15)   1136.69
[40,40]   [50,60,10] (20)   1150.78
[40,40]   [50,60,10] (25)   1091.55
[40,40]   [50,60,10] (30)   1242.16
[40,40]   [50,60,15] (0)   1214.55
[40,40]   [50,60,15] (5)   1227.4
[40,40]   [50,60,15] (10)   1225.16
[40,40]   [50,60,15] (15)   1160.68
[40,40]   [50,60,15] (20)   1180.93
[40,40]   [50,60,15] (25)   1203.47
[40,40]   [50,60,15] (30)   1161.58
[40,40]   [50,60,20] (0)   1228.43
[40,40]   [50,60,20] (5)   1151.56
[40,40]   [50,60,20] (10)   1166.14
[40,40]   [50,60,20] (15)   1198.34
[40,40]   [50,60,20] (20)   1143.88
[40,40]   [50,60,20] (25)   1177.74
[40,40]   [50,60,20] (30)   1165.12
[40,40]   [60,10,5] (0)   26503.9
[40,40]   [60,10,5] (5)   18095.9
[40,40]   [60,10,5] (10)   5256.98
[40,40]   [60,10,5] (15)   103.95
[40,40]   [60,10,5] (20)   91.876
[40,40]   [60,10,5] (25)   94.144
[40,40]   [60,10,5] (30)   98.5753
[40,40]   [60,10,10] (0)   26269.2
[40,40]   [60,10,10] (5)   19908.4
[40,40]   [60,10,10] (10)   10604.9
[40,40]   [60,10,10] (15)   4515.1
[40,40]   [60,10,10] (20)   286.087
[40,40]   [60,10,10] (25)   119.163
[40,40]   [60,10,10] (30)   119.304
[40,40]   [60,10,15] (0)   26636.2
[40,40]   [60,10,15] (5)   15753
[40,40]   [60,10,15] (10)   8212.06
[40,40]   [60,10,15] (15)   2299.34
[40,40]   [60,10,15] (20)   133.853
[40,40]   [60,10,15] (25)   125.96
[40,40]   [60,10,15] (30)   126.168
[40,40]   [60,10,20] (0)   26652.3
[40,40]   [60,10,20] (5)   16325.9
[40,40]   [60,10,20] (10)   6816.03
[40,40]   [60,10,20] (15)   4994
[40,40]   [60,10,20] (20)   149.31
[40,40]   [60,10,20] (25)   139.833
[40,40]   [60,10,20] (30)   140.828
[40,40]   [60,20,5] (0)   22374.9
[40,40]   [60,20,5] (5)   22385.6
[40,40]   [60,20,5] (10)   17674
[40,40]   [60,20,5] (15)   5716.95
[40,40]   [60,20,5] (20)   120.512
[40,40]   [60,20,5] (25)   102.259
[40,40]   [60,20,5] (30)   103.918
[40,40]   [60,20,10] (0)   22403.3
[40,40]   [60,20,10] (5)   22358.3
[40,40]   [60,20,10] (10)   18732.4
[40,40]   [60,20,10] (15)   9038.3
[40,40]   [60,20,10] (20)   3068.11
[40,40]   [60,20,10] (25)   137.118
[40,40]   [60,20,10] (30)   124.87
[40,40]   [60,20,15] (0)   22376.5
[40,40]   [60,20,15] (5)   22523.2
[40,40]   [60,20,15] (10)   16195.6
[40,40]   [60,20,15] (15)   5741
[40,40]   [60,20,15] (20)   1539.82
[40,40]   [60,20,15] (25)   133.787
[40,40]   [60,20,15] (30)   131.443
[40,40]   [60,20,20] (0)   22383.2
[40,40]   [60,20,20] (5)   22490.1
[40,40]   [60,20,20] (10)   20098.9
[40,40]   [60,20,20] (15)   5703.95
[40,40]   [60,20,20] (20)   2981.53
[40,40]   [60,20,20] (25)   180.062
[40,40]   [60,20,20] (30)   156.983
[40,40]   [60,30,5] (0)   13167.9
[40,40]   [60,30,5] (5)   13247.6
[40,40]   [60,30,5] (10)   13164.6
[40,40]   [60,30,5] (15)   11689.1
[40,40]   [60,30,5] (20)   4049.21
[40,40]   [60,30,5] (25)   127.476
[40,40]   [60,30,5] (30)   113.086
[40,40]   [60,30,10] (0)   13247.8
[40,40]   [60,30,10] (5)   13194.5
[40,40]   [60,30,10] (10)   13189
[40,40]   [60,30,10] (15)   12266.4
[40,40]   [60,30,10] (20)   6322.01
[40,40]   [60,30,10] (25)   804.03
[40,40]   [60,30,10] (30)   138.9
[40,40]   [60,30,15] (0)   13210.4
[40,40]   [60,30,15] (5)   13242.3
[40,40]   [60,30,15] (10)   13070
[40,40]   [60,30,15] (15)   11047.8
[40,40]   [60,30,15] (20)   3362.72
[40,40]   [60,30,15] (25)   170.138
[40,40]   [60,30,15] (30)   140.981
[40,40]   [60,30,20] (0)   13168.8
[40,40]   [60,30,20] (5)   13140.9
[40,40]   [60,30,20] (10)   13203.2
[40,40]   [60,30,20] (15)   11487.4
[40,40]   [60,30,20] (20)   2418.01
[40,40]   [60,30,20] (25)   164.672
[40,40]   [60,30,20] (30)   156.776
[40,40]   [60,40,5] (0)   9092.85
[40,40]   [60,40,5] (5)   9126.61
[40,40]   [60,40,5] (10)   9145.76
[40,40]   [60,40,5] (15)   9183.86
[40,40]   [60,40,5] (20)   8084.53
[40,40]   [60,40,5] (25)   3214.2
[40,40]   [60,40,5] (30)   144.419
[40,40]   [60,40,10] (0)   9115.03
[40,40]   [60,40,10] (5)   9159.66
[40,40]   [60,40,10] (10)   9171.63
[40,40]   [60,40,10] (15)   9118.49
[40,40]   [60,40,10] (20)   8265.36
[40,40]   [60,40,10] (25)   4257.86
[40,40]   [60,40,10] (30)   182.412
[40,40]   [60,40,15] (0)   9044.85
[40,40]   [60,40,15] (5)   9119.71
[40,40]   [60,40,15] (10)   9199.24
[40,40]   [60,40,15] (15)   9136.85
[40,40]   [60,40,15] (20)   7833.81
[40,40]   [60,40,15] (25)   2289.16
[40,40]   [60,40,15] (30)   167.407
[40,40]   [60,40,20] (0)   9148.45
[40,40]   [60,40,20] (5)   9154.73
[40,40]   [60,40,20] (10)   9135.7
[40,40]   [60,40,20] (15)   9156.12
[40,40]   [60,40,20] (20)   8732.12
[40,40]   [60,40,20] (25)   3346.97
[40,40]   [60,40,20] (30)   185.333
[40,40]   [60,50,5] (0)   3445.45
[40,40]   [60,50,5] (5)   3480.64
[40,40]   [60,50,5] (10)   3442.85
[40,40]   [60,50,5] (15)   3397
[40,40]   [60,50,5] (20)   3421.41
[40,40]   [60,50,5] (25)   3404.76
[40,40]   [60,50,5] (30)   1059.61
[40,40]   [60,50,10] (0)   3469.64
[40,40]   [60,50,10] (5)   3473.12
[40,40]   [60,50,10] (10)   3353.24
[40,40]   [60,50,10] (15)   3466.49
[40,40]   [60,50,10] (20)   3436.64
[40,40]   [60,50,10] (25)   3285.63
[40,40]   [60,50,10] (30)   1332.49
[40,40]   [60,50,15] (0)   3470.78
[40,40]   [60,50,15] (5)   3401.29
[40,40]   [60,50,15] (10)   3386.37
[40,40]   [60,50,15] (15)   3424.76
[40,40]   [60,50,15] (20)   3486.48
[40,40]   [60,50,15] (25)   3200.18
[40,40]   [60,50,15] (30)   413.975
[40,40]   [60,50,20] (0)   3477.03
[40,40]   [60,50,20] (5)   3391.6
[40,40]   [60,50,20] (10)   3430.06
[40,40]   [60,50,20] (15)   3428.36
[40,40]   [60,50,20] (20)   3460.77
[40,40]   [60,50,20] (25)   3109.9
[40,40]   [60,50,20] (30)   248.836
[40,40]   [60,60,5] (0)   210.977
[40,40]   [60,60,5] (5)   209.937
[40,40]   [60,60,5] (10)   209.698
[40,40]   [60,60,5] (15)   210.123
[40,40]   [60,60,5] (20)   209.351
[40,40]   [60,60,5] (25)   210.566
[40,40]   [60,60,5] (30)   204.034
[40,40]   [60,60,10] (0)   210.182
[40,40]   [60,60,10] (5)   210.722
[40,40]   [60,60,10] (10)   209.141
[40,40]   [60,60,10] (15)   209.419
[40,40]   [60,60,10] (20)   209.148
[40,40]   [60,60,10] (25)   209.862
[40,40]   [60,60,10] (30)   201.08
[40,40]   [60,60,15] (0)   209.703
[40,40]   [60,60,15] (5)   211.558
[40,40]   [60,60,15] (10)   211.807
[40,40]   [60,60,15] (15)   209.194
[40,40]   [60,60,15] (20)   209.249
[40,40]   [60,60,15] (25)   208.858
[40,40]   [60,60,15] (30)   204.025
[40,40]   [60,60,20] (0)   211.546
[40,40]   [60,60,20] (5)   213.041
[40,40]   [60,60,20] (10)   209.331
[40,40]   [60,60,20] (15)   210.58
[40,40]   [60,60,20] (20)   212.104
[40,40]   [60,60,20] (25)   209.482
[40,40]   [60,60,20] (30)   206.587
