[60,40]   [10,10,5] (0)   86.4357
[60,40]   [10,10,5] (5)   65.5218
[60,40]   [10,10,5] (10)   64.0781
[60,40]   [10,10,5] (15)   73.9226
[60,40]   [10,10,5] (20)   83.7682
[60,40]   [10,10,5] (25)   93.8337
[60,40]   [10,10,5] (30)   103.823
[60,40]   [10,10,10] (0)   88.8848
[60,40]   [10,10,10] (5)   74.6817
[60,40]   [10,10,10] (10)   80.0482
[60,40]   [10,10,10] (15)   88.9162
[60,40]   [10,10,10] (20)   97.8104
[60,40]   [10,10,10] (25)   106.612
[60,40]   [10,10,10] (30)   115.22
[60,40]   [10,10,15] (0)   86.3145
[60,40]   [10,10,15] (5)   76.8562
[60,40]   [10,10,15] (10)   84.0955
[60,40]   [10,10,15] (15)   93.1241
[60,40]   [10,10,15] (20)   102.058
[60,40]   [10,10,15] (25)   110.889
[60,40]   [10,10,15] (30)   119.86
[60,40]   [10,10,20] (0)   86.1823
[60,40]   [10,10,20] (5)   84.3594
[60,40]   [10,10,20] (10)   92.5784
[60,40]   [10,10,20] (15)   100.781
[60,40]   [10,10,20] (20)   109.385
[60,40]   [10,10,20] (25)   117.877
[60,40]   [10,10,20] (30)   126.529
[60,40]   [10,20,5] (0)   8106.85
[60,40]   [10,20,5] (5)   8105.51
[60,40]   [10,20,5] (10)   8081.4
[60,40]   [10,20,5] (15)   8028.66
[60,40]   [10,20,5] (20)   8096.18
[60,40]   [10,20,5] (25)   7070.79
[60,40]   [10,20,5] (30)   7118.41
[60,40]   [10,20,10] (0)   8068.25
[60,40]   [10,20,10] (5)   8191.68
[60,40]   [10,20,10] (10)   8079.27
[60,40]   [10,20,10] (15)   8017.47
[60,40]   [10,20,10] (20)   8115.67
[60,40]   [10,20,10] (25)   8155.04
[60,40]   [10,20,10] (30)   8111.41
[60,40]   [10,20,15] (0)   8111.99
[60,40]   [10,20,15] (5)   8147.44
[60,40]   [10,20,15] (10)   8122.43
[60,40]   [10,20,15] (15)   8094.17
[60,40]   [10,20,15] (20)   8173.01
[60,40]   [10,20,15] (25)   6744.1
[60,40]   [10,20,15] (30)   6070.13
[60,40]   [10,20,20] (0)   8088.36
[60,40]   [10,20,20] (5)   8097.9
[60,40]   [10,20,20] (10)   8126.13
[60,40]   [10,20,20] (15)   8201.29
[60,40]   [10,20,20] (20)   8100.08
[60,40]   [10,20,20] (25)   8253.44
[60,40]   [10,20,20] (30)   8159.03
[60,40]   [10,30,5] (0)   17185.3
[60,40]   [10,30,5] (5)   17506.1
[60,40]   [10,30,5] (10)   17358
[60,40]   [10,30,5] (15)   17466.6
[60,40]   [10,30,5] (20)   17481.6
[60,40]   [10,30,5] (25)   17443.8
[60,40]   [10,30,5] (30)   15326.2
[60,40]   [10,30,10] (0)   17431.1
[60,40]   [10,30,10] (5)   17336.2
[60,40]   [10,30,10] (10)   17307.2
[60,40]   [10,30,10] (15)   17158.5
[60,40]   [10,30,10] (20)   17428.4
[60,40]   [10,30,10] (25)   17445.3
[60,40]   [10,30,10] (30)   17363.1
[60,40]   [10,30,15] (0)   17428.2
[60,40]   [10,30,15] (5)   17419.4
[60,40]   [10,30,15] (10)   17267
[60,40]   [10,30,15] (15)   17368.4
[60,40]   [10,30,15] (20)   17475
[60,40]   [10,30,15] (25)   17463.8
[60,40]   [10,30,15] (30)   16308.1
[60,40]   [10,30,20] (0)   17320.3
[60,40]   [10,30,20] (5)   17435.3
[60,40]   [10,30,20] (10)   17430.9
[60,40]   [10,30,20] (15)   17294.1
[60,40]   [10,30,20] (20)   17350.6
[60,40]   [10,30,20] (25)   17247.3
[60,40]   [10,30,20] (30)   17347.7
[60,40]   [10,40,5] (0)   34152.3
[60,40]   [10,40,5] (5)   34181
[60,40]   [10,40,5] (10)   34155.3
[60,40]   [10,40,5] (15)   34132.6
[60,40]   [10,40,5] (20)   34136.8
[60,40]   [10,40,5] (25)   34156.7
[60,40]   [10,40,5] (30)   34125.3
[60,40]   [10,40,10] (0)   34108.8
[60,40]   [10,40,10] (5)   34127.8
[60,40]   [10,40,10] (10)   34049.2
[60,40]   [10,40,10] (15)   34158.6
[60,40]   [10,40,10] (20)   34176.3
[60,40]   [10,40,10] (25)   34195
[60,40]   [10,40,10] (30)   34174.5
[60,40]   [10,40,15] (0)   34187.7
[60,40]   [10,40,15] (5)   34120.3
[60,40]   [10,40,15] (10)   34010.5
[60,40]   [10,40,15] (15)   34172.8
[60,40]   [10,40,15] (20)   34113.8
[60,40]   [10,40,15] (25)   34091.7
[60,40]   [10,40,15] (30)   34099.7
[60,40]   [10,40,20] (0)   34088
[60,40]   [10,40,20] (5)   34014.4
[60,40]   [10,40,20] (10)   34163.2
[60,40]   [10,40,20] (15)   33984.8
[60,40]   [10,40,20] (20)   34111.9
[60,40]   [10,40,20] (25)   34048.4
[60,40]   [10,40,20] (30)   34185.1
[60,40]   [10,50,5] (0)   32643.7
[60,40]   [10,50,5] (5)   32584.9
[60,40]   [10,50,5] (10)   32626.7
[60,40]   [10,50,5] (15)   32564.7
[60,40]   [10,50,5] (20)   32637.8
[60,40]   [10,50,5] (25)   32599.8
[60,40]   [10,50,5] (30)   32567.9
[60,40]   [10,50,10] (0)   32622.7
[60,40]   [10,50,10] (5)   32625.1
[60,40]   [10,50,10] (10)   32575.9
[60,40]   [10,50,10] (15)   32587.7
[60,40]   [10,50,10] (20)   32594
[60,40]   [10,50,10] (25)   32563.8
[60,40]   [10,50,10] (30)   32634.2
[60,40]   [10,50,15] (0)   32614.5
[60,40]   [10,50,15] (5)   32609.6
[60,40]   [10,50,15] (10)   32599.3
[60,40]   [10,50,15] (15)   32616.9
[60,40]   [10,50,15] (20)   32561
[60,40]   [10,50,15] (25)   32635.8
[60,40]   [10,50,15] (30)   32618.6
[60,40]   [10,50,20] (0)   32600.8
[60,40]   [10,50,20] (5)   32620.7
[60,40]   [10,50,20] (10)   32556.6
[60,40]   [10,50,20] (15)   32626.9
[60,40]   [10,50,20] (20)   32587.8
[60,40]   [10,50,20] (25)   32543.8
[60,40]   [10,50,20] (30)   32624
[60,40]   [10,60,5] (0)   38540.4
[60,40]   [10,60,5] (5)   38453.9
[60,40]   [10,60,5] (10)   38570.8
[60,40]   [10,60,5] (15)   38582.1
[60,40]   [10,60,5] (20)   38575
[60,40]   [10,60,5] (25)   38592.4
[60,40]   [10,60,5] (30)   38606.4
[60,40]   [10,60,10] (0)   38572.1
[60,40]   [10,60,10] (5)   38578.8
[60,40]   [10,60,10] (10)   38647.6
[60,40]   [10,60,10] (15)   38584.3
[60,40]   [10,60,10] (20)   38572.6
[60,40]   [10,60,10] (25)   38594.7
[60,40]   [10,60,10] (30)   38582.6
[60,40]   [10,60,15] (0)   38582.2
[60,40]   [10,60,15] (5)   38577.6
[60,40]   [10,60,15] (10)   38607.4
[60,40]   [10,60,15] (15)   38635
[60,40]   [10,60,15] (20)   38592.6
[60,40]   [10,60,15] (25)   38563.2
[60,40]   [10,60,15] (30)   38594.9
[60,40]   [10,60,20] (0)   38600
[60,40]   [10,60,20] (5)   38594.7
[60,40]   [10,60,20] (10)   38582.8
[60,40]   [10,60,20] (15)   38542.1
[60,40]   [10,60,20] (20)   38570.1
[60,40]   [10,60,20] (25)   38623.4
[60,40]   [10,60,20] (30)   38596.9
[60,40]   [20,10,5] (0)   7651.66
[60,40]   [20,10,5] (5)   1456.42
[60,40]   [20,10,5] (10)   66.9357
[60,40]   [20,10,5] (15)   69.7408
[60,40]   [20,10,5] (20)   78.8396
[60,40]   [20,10,5] (25)   88.8544
[60,40]   [20,10,5] (30)   98.5713
[60,40]   [20,10,10] (0)   7540.95
[60,40]   [20,10,10] (5)   1589.79
[60,40]   [20,10,10] (10)   85.2618
[60,40]   [20,10,10] (15)   88.555
[60,40]   [20,10,10] (20)   96.6428
[60,40]   [20,10,10] (25)   104.669
[60,40]   [20,10,10] (30)   113.203
[60,40]   [20,10,15] (0)   7544.75
[60,40]   [20,10,15] (5)   107.702
[60,40]   [20,10,15] (10)   89.2146
[60,40]   [20,10,15] (15)   95.5166
[60,40]   [20,10,15] (20)   103.484
[60,40]   [20,10,15] (25)   111.536
[60,40]   [20,10,15] (30)   119.865
[60,40]   [20,10,20] (0)   7570.54
[60,40]   [20,10,20] (5)   136.015
[60,40]   [20,10,20] (10)   101.958
[60,40]   [20,10,20] (15)   106.749
[60,40]   [20,10,20] (20)   114.85
[60,40]   [20,10,20] (25)   123.238
[60,40]   [20,10,20] (30)   130.761
[60,40]   [20,20,5] (0)   132.773
[60,40]   [20,20,5] (5)   133.386
[60,40]   [20,20,5] (10)   115.912
[60,40]   [20,20,5] (15)   101.373
[60,40]   [20,20,5] (20)   107.958
[60,40]   [20,20,5] (25)   116.92
[60,40]   [20,20,5] (30)   123.969
[60,40]   [20,20,10] (0)   133.846
[60,40]   [20,20,10] (5)   133.108
[60,40]   [20,20,10] (10)   121.735
[60,40]   [20,20,10] (15)   117.338
[60,40]   [20,20,10] (20)   125.134
[60,40]   [20,20,10] (25)   132.59
[60,40]   [20,20,10] (30)   140.465
[60,40]   [20,20,15] (0)   133.341
[60,40]   [20,20,15] (5)   132.378
[60,40]   [20,20,15] (10)   118.012
[60,40]   [20,20,15] (15)   118.598
[60,40]   [20,20,15] (20)   126.728
[60,40]   [20,20,15] (25)   133.992
[60,40]   [20,20,15] (30)   141.779
[60,40]   [20,20,20] (0)   136.011
[60,40]   [20,20,20] (5)   134.151
[60,40]   [20,20,20] (10)   129.707
[60,40]   [20,20,20] (15)   134.456
[60,40]   [20,20,20] (20)   141.339
[60,40]   [20,20,20] (25)   149.083
[60,40]   [20,20,20] (30)   157.205
[60,40]   [20,30,5] (0)   5147.04
[60,40]   [20,30,5] (5)   5255.28
[60,40]   [20,30,5] (10)   5122.49
[60,40]   [20,30,5] (15)   5054.18
[60,40]   [20,30,5] (20)   5172.3
[60,40]   [20,30,5] (25)   5283.14
[60,40]   [20,30,5] (30)   4833.69
[60,40]   [20,30,10] (0)   5139.05
[60,40]   [20,30,10] (5)   5125.25
[60,40]   [20,30,10] (10)   5130.97
[60,40]   [20,30,10] (15)   5326.08
[60,40]   [20,30,10] (20)   5166.56
[60,40]   [20,30,10] (25)   5210.76
[60,40]   [20,30,10] (30)   5255.26
[60,40]   [20,30,15] (0)   5183.03
[60,40]   [20,30,15] (5)   5165.35
[60,40]   [20,30,15] (10)   5205.32
[60,40]   [20,30,15] (15)   5203.48
[60,40]   [20,30,15] (20)   5151.81
[60,40]   [20,30,15] (25)   5192.78
[60,40]   [20,30,15] (30)   4112.8
[60,40]   [20,30,20] (0)   5161.23
[60,40]   [20,30,20] (5)   5227.92
[60,40]   [20,30,20] (10)   5224.92
[60,40]   [20,30,20] (15)   5130.41
[60,40]   [20,30,20] (20)   5171.37
[60,40]   [20,30,20] (25)   5264.76
[60,40]   [20,30,20] (30)   5922.1
[60,40]   [20,40,5] (0)   17691
[60,40]   [20,40,5] (5)   17924.7
[60,40]   [20,40,5] (10)   17916.9
[60,40]   [20,40,5] (15)   18114.8
[60,40]   [20,40,5] (20)   18023.8
[60,40]   [20,40,5] (25)   17983.4
[60,40]   [20,40,5] (30)   18011.2
[60,40]   [20,40,10] (0)   17895.2
[60,40]   [20,40,10] (5)   18026
[60,40]   [20,40,10] (10)   17836.2
[60,40]   [20,40,10] (15)   17979.9
[60,40]   [20,40,10] (20)   18029
[60,40]   [20,40,10] (25)   17919.5
[60,40]   [20,40,10] (30)   17948.3
[60,40]   [20,40,15] (0)   17927.3
[60,40]   [20,40,15] (5)   17994.6
[60,40]   [20,40,15] (10)   17797.6
[60,40]   [20,40,15] (15)   17820.6
[60,40]   [20,40,15] (20)   17889.9
[60,40]   [20,40,15] (25)   18015.7
[60,40]   [20,40,15] (30)   17918.7
[60,40]   [20,40,20] (0)   17962.8
[60,40]   [20,40,20] (5)   17904.9
[60,40]   [20,40,20] (10)   17588
[60,40]   [20,40,20] (15)   17831.2
[60,40]   [20,40,20] (20)   17811.1
[60,40]   [20,40,20] (25)   18030.4
[60,40]   [20,40,20] (30)   17871.5
[60,40]   [20,50,5] (0)   21338.6
[60,40]   [20,50,5] (5)   21305.9
[60,40]   [20,50,5] (10)   21320.8
[60,40]   [20,50,5] (15)   21428.2
[60,40]   [20,50,5] (20)   21517.3
[60,40]   [20,50,5] (25)   21424.9
[60,40]   [20,50,5] (30)   21374.8
[60,40]   [20,50,10] (0)   21150.6
[60,40]   [20,50,10] (5)   21299.1
[60,40]   [20,50,10] (10)   21286.1
[60,40]   [20,50,10] (15)   21379
[60,40]   [20,50,10] (20)   21276.2
[60,40]   [20,50,10] (25)   21337.2
[60,40]   [20,50,10] (30)   21170.9
[60,40]   [20,50,15] (0)   21202.2
[60,40]   [20,50,15] (5)   21224.9
[60,40]   [20,50,15] (10)   21285.1
[60,40]   [20,50,15] (15)   21351.3
[60,40]   [20,50,15] (20)   21417.9
[60,40]   [20,50,15] (25)   21321.9
[60,40]   [20,50,15] (30)   21255.7
[60,40]   [20,50,20] (0)   21364.8
[60,40]   [20,50,20] (5)   21312.8
[60,40]   [20,50,20] (10)   21397.3
[60,40]   [20,50,20] (15)   21394
[60,40]   [20,50,20] (20)   21535
[60,40]   [20,50,20] (25)   21471.2
[60,40]   [20,50,20] (30)   21338.7
[60,40]   [20,60,5] (0)   32462.2
[60,40]   [20,60,5] (5)   32677.5
[60,40]   [20,60,5] (10)   32509.9
[60,40]   [20,60,5] (15)   32620.4
[60,40]   [20,60,5] (20)   32322.3
[60,40]   [20,60,5] (25)   32444.9
[60,40]   [20,60,5] (30)   32585.8
[60,40]   [20,60,10] (0)   32642.2
[60,40]   [20,60,10] (5)   32720.9
[60,40]   [20,60,10] (10)   32582.3
[60,40]   [20,60,10] (15)   32465.5
[60,40]   [20,60,10] (20)   32651
[60,40]   [20,60,10] (25)   32622.2
[60,40]   [20,60,10] (30)   32622.4
[60,40]   [20,60,15] (0)   32525
[60,40]   [20,60,15] (5)   32343.1
[60,40]   [20,60,15] (10)   32568.5
[60,40]   [20,60,15] (15)   32674.8
[60,40]   [20,60,15] (20)   32613.3
[60,40]   [20,60,15] (25)   32644.9
[60,40]   [20,60,15] (30)   32598.2
[60,40]   [20,60,20] (0)   32666.2
[60,40]   [20,60,20] (5)   32633.9
[60,40]   [20,60,20] (10)   32645.9
[60,40]   [20,60,20] (15)   32692.2
[60,40]   [20,60,20] (20)   32457.3
[60,40]   [20,60,20] (25)   32559
[60,40]   [20,60,20] (30)   32474.1
[60,40]   [30,10,5] (0)   14056.7
[60,40]   [30,10,5] (5)   7265.22
[60,40]   [30,10,5] (10)   82.2632
[60,40]   [30,10,5] (15)   74.7746
[60,40]   [30,10,5] (20)   77.5725
[60,40]   [30,10,5] (25)   84.9159
[60,40]   [30,10,5] (30)   95.1941
[60,40]   [30,10,10] (0)   13969.1
[60,40]   [30,10,10] (5)   7501.9
[60,40]   [30,10,10] (10)   116.328
[60,40]   [30,10,10] (15)   94.573
[60,40]   [30,10,10] (20)   96.3206
[60,40]   [30,10,10] (25)   103.026
[60,40]   [30,10,10] (30)   111.648
[60,40]   [30,10,15] (0)   14004.7
[60,40]   [30,10,15] (5)   3605.98
[60,40]   [30,10,15] (10)   100.672
[60,40]   [30,10,15] (15)   101.127
[60,40]   [30,10,15] (20)   104.811
[60,40]   [30,10,15] (25)   112.003
[60,40]   [30,10,15] (30)   120.122
[60,40]   [30,10,20] (0)   14006.3
[60,40]   [30,10,20] (5)   2895.5
[60,40]   [30,10,20] (10)   106.736
[60,40]   [30,10,20] (15)   108.296
[60,40]   [30,10,20] (20)   115.506
[60,40]   [30,10,20] (25)   122.416
[60,40]   [30,10,20] (30)   130.408
[60,40]   [30,20,5] (0)   6403.85
[60,40]   [30,20,5] (5)   6475.45
[60,40]   [30,20,5] (10)   4194.13
[60,40]   [30,20,5] (15)   107.483
[60,40]   [30,20,5] (20)   93.3657
[60,40]   [30,20,5] (25)   96.9015
[60,40]   [30,20,5] (30)   105.308
[60,40]   [30,20,10] (0)   6442.03
[60,40]   [30,20,10] (5)   6488.84
[60,40]   [30,20,10] (10)   4588.45
[60,40]   [30,20,10] (15)   119.657
[60,40]   [30,20,10] (20)   113.467
[60,40]   [30,20,10] (25)   118.801
[60,40]   [30,20,10] (30)   127.028
[60,40]   [30,20,15] (0)   6409.71
[60,40]   [30,20,15] (5)   6364.01
[60,40]   [30,20,15] (10)   3241.47
[60,40]   [30,20,15] (15)   118.151
[60,40]   [30,20,15] (20)   118.71
[60,40]   [30,20,15] (25)   124.86
[60,40]   [30,20,15] (30)   132.925
[60,40]   [30,20,20] (0)   6392.22
[60,40]   [30,20,20] (5)   6439.39
[60,40]   [30,20,20] (10)   3403.89
[60,40]   [30,20,20] (15)   129.457
[60,40]   [30,20,20] (20)   131.152
[60,40]   [30,20,20] (25)   137.902
[60,40]   [30,20,20] (30)   145.568
[60,40]   [30,30,5] (0)   156.027
[60,40]   [30,30,5] (5)   155.738
[60,40]   [30,30,5] (10)   157.261
[60,40]   [30,30,5] (15)   150.011
[60,40]   [30,30,5] (20)   125.957
[60,40]   [30,30,5] (25)   122.526
[60,40]   [30,30,5] (30)   129.091
[60,40]   [30,30,10] (0)   155.218
[60,40]   [30,30,10] (5)   155.896
[60,40]   [30,30,10] (10)   156.304
[60,40]   [30,30,10] (15)   151.66
[60,40]   [30,30,10] (20)   137.333
[60,40]   [30,30,10] (25)   142.141
[60,40]   [30,30,10] (30)   149.378
[60,40]   [30,30,15] (0)   154.652
[60,40]   [30,30,15] (5)   155.127
[60,40]   [30,30,15] (10)   155.827
[60,40]   [30,30,15] (15)   148.116
[60,40]   [30,30,15] (20)   137.996
[60,40]   [30,30,15] (25)   143.587
[60,40]   [30,30,15] (30)   151.379
[60,40]   [30,30,20] (0)   155.785
[60,40]   [30,30,20] (5)   155.93
[60,40]   [30,30,20] (10)   158.985
[60,40]   [30,30,20] (15)   147.988
[60,40]   [30,30,20] (20)   145.977
[60,40]   [30,30,20] (25)   152.398
[60,40]   [30,30,20] (30)   160.199
[60,40]   [30,40,5] (0)   3690.68
[60,40]   [30,40,5] (5)   3692.31
[60,40]   [30,40,5] (10)   3577.49
[60,40]   [30,40,5] (15)   3670.8
[60,40]   [30,40,5] (20)   3632.06
[60,40]   [30,40,5] (25)   3669.13
[60,40]   [30,40,5] (30)   3529.36
[60,40]   [30,40,10] (0)   3732.31
[60,40]   [30,40,10] (5)   3607.62
[60,40]   [30,40,10] (10)   3587.87
[60,40]   [30,40,10] (15)   3572.16
[60,40]   [30,40,10] (20)   3554.16
[60,40]   [30,40,10] (25)   3556.59
[60,40]   [30,40,10] (30)   3529.61
[60,40]   [30,40,15] (0)   3486.68
[60,40]   [30,40,15] (5)   3582.83
[60,40]   [30,40,15] (10)   3483.74
[60,40]   [30,40,15] (15)   3564.53
[60,40]   [30,40,15] (20)   3620.65
[60,40]   [30,40,15] (25)   3557.61
[60,40]   [30,40,15] (30)   3743.89
[60,40]   [30,40,20] (0)   3606.26
[60,40]   [30,40,20] (5)   3552.96
[60,40]   [30,40,20] (10)   3558.53
[60,40]   [30,40,20] (15)   3690.59
[60,40]   [30,40,20] (20)   3704.4
[60,40]   [30,40,20] (25)   3681.29
[60,40]   [30,40,20] (30)   3616.93
[60,40]   [30,50,5] (0)   10842.1
[60,40]   [30,50,5] (5)   10879.6
[60,40]   [30,50,5] (10)   10944.3
[60,40]   [30,50,5] (15)   10754
[60,40]   [30,50,5] (20)   10955.3
[60,40]   [30,50,5] (25)   11013.9
[60,40]   [30,50,5] (30)   10705.5
[60,40]   [30,50,10] (0)   10922.6
[60,40]   [30,50,10] (5)   10800.9
[60,40]   [30,50,10] (10)   10878.9
[60,40]   [30,50,10] (15)   11006.5
[60,40]   [30,50,10] (20)   10980.7
[60,40]   [30,50,10] (25)   10928.9
[60,40]   [30,50,10] (30)   10881.8
[60,40]   [30,50,15] (0)   10755.2
[60,40]   [30,50,15] (5)   11000
[60,40]   [30,50,15] (10)   11019.5
[60,40]   [30,50,15] (15)   10912.4
[60,40]   [30,50,15] (20)   11027.4
[60,40]   [30,50,15] (25)   10850
[60,40]   [30,50,15] (30)   10830.5
[60,40]   [30,50,20] (0)   10937.4
[60,40]   [30,50,20] (5)   10817.4
[60,40]   [30,50,20] (10)   10743.5
[60,40]   [30,50,20] (15)   10841.3
[60,40]   [30,50,20] (20)   11013.2
[60,40]   [30,50,20] (25)   10931.8
[60,40]   [30,50,20] (30)   10829.9
[60,40]   [30,60,5] (0)   17291.7
[60,40]   [30,60,5] (5)   17447.8
[60,40]   [30,60,5] (10)   17413.8
[60,40]   [30,60,5] (15)   17340.2
[60,40]   [30,60,5] (20)   17462.7
[60,40]   [30,60,5] (25)   17383.6
[60,40]   [30,60,5] (30)   17482.7
[60,40]   [30,60,10] (0)   17499.5
[60,40]   [30,60,10] (5)   17473.5
[60,40]   [30,60,10] (10)   17484.2
[60,40]   [30,60,10] (15)   17635.8
[60,40]   [30,60,10] (20)   17250.1
[60,40]   [30,60,10] (25)   17388.7
[60,40]   [30,60,10] (30)   17461.5
[60,40]   [30,60,15] (0)   17639.5
[60,40]   [30,60,15] (5)   17386
[60,40]   [30,60,15] (10)   17438.8
[60,40]   [30,60,15] (15)   17354.9
[60,40]   [30,60,15] (20)   17409.5
[60,40]   [30,60,15] (25)   17430.3
[60,40]   [30,60,15] (30)   17540.7
[60,40]   [30,60,20] (0)   17340.3
[60,40]   [30,60,20] (5)   17555.2
[60,40]   [30,60,20] (10)   17494.9
[60,40]   [30,60,20] (15)   17309.8
[60,40]   [30,60,20] (20)   17478.7
[60,40]   [30,60,20] (25)   17225.2
[60,40]   [30,60,20] (30)   17482.7
[60,40]   [40,10,5] (0)   20227.1
[60,40]   [40,10,5] (5)   11858.5
[60,40]   [40,10,5] (10)   160.274
[60,40]   [40,10,5] (15)   84.1182
[60,40]   [40,10,5] (20)   82.8313
[60,40]   [40,10,5] (25)   87.0468
[60,40]   [40,10,5] (30)   93.8058
[60,40]   [40,10,10] (0)   20224.4
[60,40]   [40,10,10] (5)   12448.6
[60,40]   [40,10,10] (10)   3674.68
[60,40]   [40,10,10] (15)   109.472
[60,40]   [40,10,10] (20)   103.234
[60,40]   [40,10,10] (25)   104.531
[60,40]   [40,10,10] (30)   110.455
[60,40]   [40,10,15] (0)   20250.7
[60,40]   [40,10,15] (5)   8816.3
[60,40]   [40,10,15] (10)   1336.54
[60,40]   [40,10,15] (15)   113.053
[60,40]   [40,10,15] (20)   110.778
[60,40]   [40,10,15] (25)   114.692
[60,40]   [40,10,15] (30)   120.588
[60,40]   [40,10,20] (0)   20332.2
[60,40]   [40,10,20] (5)   8155.48
[60,40]   [40,10,20] (10)   127.954
[60,40]   [40,10,20] (15)   125.763
[60,40]   [40,10,20] (20)   125.245
[60,40]   [40,10,20] (25)   128.98
[60,40]   [40,10,20] (30)   135.034
[60,40]   [40,20,5] (0)   13736.5
[60,40]   [40,20,5] (5)   13775
[60,40]   [40,20,5] (10)   9527.37
[60,40]   [40,20,5] (15)   265.97
[60,40]   [40,20,5] (20)   101.022
[60,40]   [40,20,5] (25)   94.8734
[60,40]   [40,20,5] (30)   100.54
[60,40]   [40,20,10] (0)   13749.2
[60,40]   [40,20,10] (5)   13752.1
[60,40]   [40,20,10] (10)   10363.3
[60,40]   [40,20,10] (15)   1850.95
[60,40]   [40,20,10] (20)   122.514
[60,40]   [40,20,10] (25)   117.18
[60,40]   [40,20,10] (30)   120.707
[60,40]   [40,20,15] (0)   13749.5
[60,40]   [40,20,15] (5)   13813.9
[60,40]   [40,20,15] (10)   8309.07
[60,40]   [40,20,15] (15)   141.913
[60,40]   [40,20,15] (20)   125.524
[60,40]   [40,20,15] (25)   124.694
[60,40]   [40,20,15] (30)   129.744
[60,40]   [40,20,20] (0)   13773.1
[60,40]   [40,20,20] (5)   13823.1
[60,40]   [40,20,20] (10)   11058.2
[60,40]   [40,20,20] (15)   153.283
[60,40]   [40,20,20] (20)   142.01
[60,40]   [40,20,20] (25)   145.645
[60,40]   [40,20,20] (30)   152.609
[60,40]   [40,30,5] (0)   5197.03
[60,40]   [40,30,5] (5)   5182.58
[60,40]   [40,30,5] (10)   5212.38
[60,40]   [40,30,5] (15)   4036.93
[60,40]   [40,30,5] (20)   140.96
[60,40]   [40,30,5] (25)   115.629
[60,40]   [40,30,5] (30)   113.306
[60,40]   [40,30,10] (0)   5264.81
[60,40]   [40,30,10] (5)   5211.29
[60,40]   [40,30,10] (10)   5181.35
[60,40]   [40,30,10] (15)   4286.55
[60,40]   [40,30,10] (20)   156.844
[60,40]   [40,30,10] (25)   136.656
[60,40]   [40,30,10] (30)   137.423
[60,40]   [40,30,15] (0)   5202
[60,40]   [40,30,15] (5)   5082.93
[60,40]   [40,30,15] (10)   5211.68
[60,40]   [40,30,15] (15)   3516.04
[60,40]   [40,30,15] (20)   145.153
[60,40]   [40,30,15] (25)   139.555
[60,40]   [40,30,15] (30)   143.387
[60,40]   [40,30,20] (0)   5188.24
[60,40]   [40,30,20] (5)   5206.5
[60,40]   [40,30,20] (10)   5142.72
[60,40]   [40,30,20] (15)   3554.34
[60,40]   [40,30,20] (20)   155.505
[60,40]   [40,30,20] (25)   152.492
[60,40]   [40,30,20] (30)   157.385
[60,40]   [40,40,5] (0)   191.642
[60,40]   [40,40,5] (5)   193.421
[60,40]   [40,40,5] (10)   191.76
[60,40]   [40,40,5] (15)   192.384
[60,40]   [40,40,5] (20)   183.953
[60,40]   [40,40,5] (25)   157.187
[60,40]   [40,40,5] (30)   145.358
[60,40]   [40,40,10] (0)   192.118
[60,40]   [40,40,10] (5)   192.816
[60,40]   [40,40,10] (10)   191.058
[60,40]   [40,40,10] (15)   190.72
[60,40]   [40,40,10] (20)   185.222
[60,40]   [40,40,10] (25)   168.996
[60,40]   [40,40,10] (30)   165.556
[60,40]   [40,40,15] (0)   191.561
[60,40]   [40,40,15] (5)   191.649
[60,40]   [40,40,15] (10)   193.451
[60,40]   [40,40,15] (15)   189.735
[60,40]   [40,40,15] (20)   180.781
[60,40]   [40,40,15] (25)   165.662
[60,40]   [40,40,15] (30)   166.543
[60,40]   [40,40,20] (0)   191.706
[60,40]   [40,40,20] (5)   193.242
[60,40]   [40,40,20] (10)   190.733
[60,40]   [40,40,20] (15)   192.696
[60,40]   [40,40,20] (20)   190.129
[60,40]   [40,40,20] (25)   185.748
[60,40]   [40,40,20] (30)   190.044
[60,40]   [40,50,5] (0)   2447.04
[60,40]   [40,50,5] (5)   2472.86
[60,40]   [40,50,5] (10)   2379.33
[60,40]   [40,50,5] (15)   2409.78
[60,40]   [40,50,5] (20)   2419.07
[60,40]   [40,50,5] (25)   2299.67
[60,40]   [40,50,5] (30)   2469.72
[60,40]   [40,50,10] (0)   2478.9
[60,40]   [40,50,10] (5)   2413.15
[60,40]   [40,50,10] (10)   2403.53
[60,40]   [40,50,10] (15)   2500.04
[60,40]   [40,50,10] (20)   2385.56
[60,40]   [40,50,10] (25)   2436.98
[60,40]   [40,50,10] (30)   2410.45
[60,40]   [40,50,15] (0)   2422.87
[60,40]   [40,50,15] (5)   2438.64
[60,40]   [40,50,15] (10)   2400.74
[60,40]   [40,50,15] (15)   2371.71
[60,40]   [40,50,15] (20)   2429.1
[60,40]   [40,50,15] (25)   2370.03
[60,40]   [40,50,15] (30)   2375.34
[60,40]   [40,50,20] (0)   2497.62
[60,40]   [40,50,20] (5)   2327.79
[60,40]   [40,50,20] (10)   2468.41
[60,40]   [40,50,20] (15)   2469.47
[60,40]   [40,50,20] (20)   2400.91
[60,40]   [40,50,20] (25)   2391.59
[60,40]   [40,50,20] (30)   2488.3
[60,40]   [40,60,5] (0)   12634.4
[60,40]   [40,60,5] (5)   12474.1
[60,40]   [40,60,5] (10)   12738.9
[60,40]   [40,60,5] (15)   12586.2
[60,40]   [40,60,5] (20)   12624.2
[60,40]   [40,60,5] (25)   12567.7
[60,40]   [40,60,5] (30)   12564.8
[60,40]   [40,60,10] (0)   12540
[60,40]   [40,60,10] (5)   12697.3
[60,40]   [40,60,10] (10)   12640.1
[60,40]   [40,60,10] (15)   12740.5
[60,40]   [40,60,10] (20)   12657.1
[60,40]   [40,60,10] (25)   12725.3
[60,40]   [40,60,10] (30)   12765.6
[60,40]   [40,60,15] (0)   12707.2
[60,40]   [40,60,15] (5)   12739.5
[60,40]   [40,60,15] (10)   12668
[60,40]   [40,60,15] (15)   12815.1
[60,40]   [40,60,15] (20)   12710.5
[60,40]   [40,60,15] (25)   12581.4
[60,40]   [40,60,15] (30)   12821.7
[60,40]   [40,60,20] (0)   12722.4
[60,40]   [40,60,20] (5)   12460.5
[60,40]   [40,60,20] (10)   12757.9
[60,40]   [40,60,20] (15)   12548.3
[60,40]   [40,60,20] (20)   12731.2
[60,40]   [40,60,20] (25)   12738.2
[60,40]   [40,60,20] (30)   12584.4
[60,40]   [50,10,5] (0)   24563.9
[60,40]   [50,10,5] (5)   16290.2
[60,40]   [50,10,5] (10)   2865.14
[60,40]   [50,10,5] (15)   93.3717
[60,40]   [50,10,5] (20)   87.6285
[60,40]   [50,10,5] (25)   91.9816
[60,40]   [50,10,5] (30)   96.6313
[60,40]   [50,10,10] (0)   24708.9
[60,40]   [50,10,10] (5)   17611.6
[60,40]   [50,10,10] (10)   7866.32
[60,40]   [50,10,10] (15)   1627
[60,40]   [50,10,10] (20)   114.604
[60,40]   [50,10,10] (25)   109.386
[60,40]   [50,10,10] (30)   113.193
[60,40]   [50,10,15] (0)   24302.3
[60,40]   [50,10,15] (5)   13122.2
[60,40]   [50,10,15] (10)   6035.15
[60,40]   [50,10,15] (15)   182.648
[60,40]   [50,10,15] (20)   119.063
[60,40]   [50,10,15] (25)   123.357
[60,40]   [50,10,15] (30)   122.159
[60,40]   [50,10,20] (0)   24564.8
[60,40]   [50,10,20] (5)   13623
[60,40]   [50,10,20] (10)   3464.9
[60,40]   [50,10,20] (15)   1395.94
[60,40]   [50,10,20] (20)   127.051
[60,40]   [50,10,20] (25)   136.213
[60,40]   [50,10,20] (30)   134.304
[60,40]   [50,20,5] (0)   16831.5
[60,40]   [50,20,5] (5)   16867
[60,40]   [50,20,5] (10)   14122.8
[60,40]   [50,20,5] (15)   3440.7
[60,40]   [50,20,5] (20)   109.898
[60,40]   [50,20,5] (25)   101.79
[60,40]   [50,20,5] (30)   102.601
[60,40]   [50,20,10] (0)   16902
[60,40]   [50,20,10] (5)   16897
[60,40]   [50,20,10] (10)   14894.8
[60,40]   [50,20,10] (15)   6073.93
[60,40]   [50,20,10] (20)   325.177
[60,40]   [50,20,10] (25)   126.772
[60,40]   [50,20,10] (30)   121.413
[60,40]   [50,20,15] (0)   16901.8
[60,40]   [50,20,15] (5)   16922.1
[60,40]   [50,20,15] (10)   13049.7
[60,40]   [50,20,15] (15)   2909
[60,40]   [50,20,15] (20)   145.792
[60,40]   [50,20,15] (25)   131.15
[60,40]   [50,20,15] (30)   130.309
[60,40]   [50,20,20] (0)   16885.1
[60,40]   [50,20,20] (5)   16871.6
[60,40]   [50,20,20] (10)   13430
[60,40]   [50,20,20] (15)   1123.28
[60,40]   [50,20,20] (20)   152.472
[60,40]   [50,20,20] (25)   145.336
[60,40]   [50,20,20] (30)   145.602
[60,40]   [50,30,5] (0)   10421.7
[60,40]   [50,30,5] (5)   10489.4
[60,40]   [50,30,5] (10)   10466.9
[60,40]   [50,30,5] (15)   8927.09
[60,40]   [50,30,5] (20)   1593.97
[60,40]   [50,30,5] (25)   123.49
[60,40]   [50,30,5] (30)   114.424
[60,40]   [50,30,10] (0)   10506.2
[60,40]   [50,30,10] (5)   10471.4
[60,40]   [50,30,10] (10)   10423.9
[60,40]   [50,30,10] (15)   9423.81
[60,40]   [50,30,10] (20)   2976.94
[60,40]   [50,30,10] (25)   151.244
[60,40]   [50,30,10] (30)   137.031
[60,40]   [50,30,15] (0)   10450.6
[60,40]   [50,30,15] (5)   10429.4
[60,40]   [50,30,15] (10)   10468.9
[60,40]   [50,30,15] (15)   8385.27
[60,40]   [50,30,15] (20)   450.789
[60,40]   [50,30,15] (25)   146.912
[60,40]   [50,30,15] (30)   141.481
[60,40]   [50,30,20] (0)   10497.7
[60,40]   [50,30,20] (5)   10468.3
[60,40]   [50,30,20] (10)   10481.5
[60,40]   [50,30,20] (15)   8574.14
[60,40]   [50,30,20] (20)   189.158
[60,40]   [50,30,20] (25)   149.34
[60,40]   [50,30,20] (30)   153.098
[60,40]   [50,40,5] (0)   4702.8
[60,40]   [50,40,5] (5)   4697.2
[60,40]   [50,40,5] (10)   4758.14
[60,40]   [50,40,5] (15)   4734.79
[60,40]   [50,40,5] (20)   4401.19
[60,40]   [50,40,5] (25)   413.111
[60,40]   [50,40,5] (30)   145.66
[60,40]   [50,40,10] (0)   4693.1
[60,40]   [50,40,10] (5)   4737
[60,40]   [50,40,10] (10)   4668.84
[60,40]   [50,40,10] (15)   4773.13
[60,40]   [50,40,10] (20)   4269.38
[60,40]   [50,40,10] (25)   618.464
[60,40]   [50,40,10] (30)   162.647
[60,40]   [50,40,15] (0)   4721.8
[60,40]   [50,40,15] (5)   4628.87
[60,40]   [50,40,15] (10)   4788.8
[60,40]   [50,40,15] (15)   4659.27
[60,40]   [50,40,15] (20)   4126.63
[60,40]   [50,40,15] (25)   196.974
[60,40]   [50,40,15] (30)   160.303
[60,40]   [50,40,20] (0)   4700.4
[60,40]   [50,40,20] (5)   4668.64
[60,40]   [50,40,20] (10)   4681.88
[60,40]   [50,40,20] (15)   4639.49
[60,40]   [50,40,20] (20)   3828.94
[60,40]   [50,40,20] (25)   192.723
[60,40]   [50,40,20] (30)   172.561
[60,40]   [50,50,5] (0)   1061.07
[60,40]   [50,50,5] (5)   1161.55
[60,40]   [50,50,5] (10)   981.163
[60,40]   [50,50,5] (15)   1062.26
[60,40]   [50,50,5] (20)   962.659
[60,40]   [50,50,5] (25)   376.542
[60,40]   [50,50,5] (30)   177.87
[60,40]   [50,50,10] (0)   1034.14
[60,40]   [50,50,10] (5)   1052.16
[60,40]   [50,50,10] (10)   1073.09
[60,40]   [50,50,10] (15)   1029.91
[60,40]   [50,50,10] (20)   1050.94
[60,40]   [50,50,10] (25)   254.943
[60,40]   [50,50,10] (30)   184.314
[60,40]   [50,50,15] (0)   1122.44
[60,40]   [50,50,15] (5)   1143.29
[60,40]   [50,50,15] (10)   1078.51
[60,40]   [50,50,15] (15)   1051.43
[60,40]   [50,50,15] (20)   1014.4
[60,40]   [50,50,15] (25)   323.375
[60,40]   [50,50,15] (30)   176.873
[60,40]   [50,50,20] (0)   1088.97
[60,40]   [50,50,20] (5)   1048.45
[60,40]   [50,50,20] (10)   1048.32
[60,40]   [50,50,20] (15)   930.581
[60,40]   [50,50,20] (20)   1043.92
[60,40]   [50,50,20] (25)   254.663
[60,40]   [50,50,20] (30)   185.583
[60,40]   [50,60,5] (0)   1439.49
[60,40]   [50,60,5] (5)   1213.84
[60,40]   [50,60,5] (10)   1264.64
[60,40]   [50,60,5] (15)   1342.33
[60,40]   [50,60,5] (20)   1420.52
[60,40]   [50,60,5] (25)   1245.05
[60,40]   [50,60,5] (30)   1359.49
[60,40]   [50,60,10] (0)   1299.34
[60,40]   [50,60,10] (5)   1308.88
[60,40]   [50,60,10] (10)   1179.07
[60,40]   [50,60,10] (15)   1263.15
[60,40]   [50,60,10] (20)   1248.14
[60,40]   [50,60,10] (25)   1273.64
[60,40]   [50,60,10] (30)   1324.25
[60,40]   [50,60,15] (0)   1374.82
[60,40]   [50,60,15] (5)   1471.88
[60,40]   [50,60,15] (10)   1177.4
[60,40]   [50,60,15] (15)   1272.37
[60,40]   [50,60,15] (20)   1337.18
[60,40]   [50,60,15] (25)   1336.75
[60,40]   [50,60,15] (30)   1207.53
[60,40]   [50,60,20] (0)   1313.38
[60,40]   [50,60,20] (5)   1330.1
[60,40]   [50,60,20] (10)   1255.25
[60,40]   [50,60,20] (15)   1340.54
[60,40]   [50,60,20] (20)   1269.85
[60,40]   [50,60,20] (25)   1289.13
[60,40]   [50,60,20] (30)   1331.77
[60,40]   [60,10,5] (0)   28702.3
[60,40]   [60,10,5] (5)   19786.1
[60,40]   [60,10,5] (10)   5529.46
[60,40]   [60,10,5] (15)   109.428
[60,40]   [60,10,5] (20)   93.8535
[60,40]   [60,10,5] (25)   96.5144
[60,40]   [60,10,5] (30)   100.608
[60,40]   [60,10,10] (0)   28725.7
[60,40]   [60,10,10] (5)   21279.1
[60,40]   [60,10,10] (10)   11420.1
[60,40]   [60,10,10] (15)   4945.13
[60,40]   [60,10,10] (20)   385.521
[60,40]   [60,10,10] (25)   118.604
[60,40]   [60,10,10] (30)   118.561
[60,40]   [60,10,15] (0)   28339.1
[60,40]   [60,10,15] (5)   17811.3
[60,40]   [60,10,15] (10)   9303.66
[60,40]   [60,10,15] (15)   2264.64
[60,40]   [60,10,15] (20)   152.61
[60,40]   [60,10,15] (25)   126.995
[60,40]   [60,10,15] (30)   127.433
[60,40]   [60,10,20] (0)   28527.3
[60,40]   [60,10,20] (5)   17595.4
[60,40]   [60,10,20] (10)   7626.95
[60,40]   [60,10,20] (15)   5866.17
[60,40]   [60,10,20] (20)   159.152
[60,40]   [60,10,20] (25)   141.075
[60,40]   [60,10,20] (30)   143.476
[60,40]   [60,20,5] (0)   24139.8
[60,40]   [60,20,5] (5)   24157.3
[60,40]   [60,20,5] (10)   18644.5
[60,40]   [60,20,5] (15)   6353.64
[60,40]   [60,20,5] (20)   143.488
[60,40]   [60,20,5] (25)   107.014
[60,40]   [60,20,5] (30)   106.971
[60,40]   [60,20,10] (0)   24193
[60,40]   [60,20,10] (5)   24167.5
[60,40]   [60,20,10] (10)   20181.8
[60,40]   [60,20,10] (15)   9840.78
[60,40]   [60,20,10] (20)   3621.72
[60,40]   [60,20,10] (25)   157.198
[60,40]   [60,20,10] (30)   128.429
[60,40]   [60,20,15] (0)   24104.3
[60,40]   [60,20,15] (5)   24179.5
[60,40]   [60,20,15] (10)   17634.3
[60,40]   [60,20,15] (15)   6669.49
[60,40]   [60,20,15] (20)   2100.7
[60,40]   [60,20,15] (25)   139.181
[60,40]   [60,20,15] (30)   134.96
[60,40]   [60,20,20] (0)   24138.1
[60,40]   [60,20,20] (5)   24137.6
[60,40]   [60,20,20] (10)   21796.7
[60,40]   [60,20,20] (15)   6303.39
[60,40]   [60,20,20] (20)   3455.36
[60,40]   [60,20,20] (25)   188.589
[60,40]   [60,20,20] (30)   158.019
[60,40]   [60,30,5] (0)   14972.5
[60,40]   [60,30,5] (5)   14892.1
[60,40]   [60,30,5] (10)   14950.8
[60,40]   [60,30,5] (15)   12886.8
[60,40]   [60,30,5] (20)   4712.72
[60,40]   [60,30,5] (25)   140.057
[60,40]   [60,30,5] (30)   120.296
[60,40]   [60,30,10] (0)   14956.2
[60,40]   [60,30,10] (5)   14875.8
[60,40]   [60,30,10] (10)   14903.4
[60,40]   [60,30,10] (15)   13826.8
[60,40]   [60,30,10] (20)   6997.81
[60,40]   [60,30,10] (25)   1250.84
[60,40]   [60,30,10] (30)   151.707
[60,40]   [60,30,15] (0)   14871.1
[60,40]   [60,30,15] (5)   14807.8
[60,40]   [60,30,15] (10)   14903
[60,40]   [60,30,15] (15)   12685.6
[60,40]   [60,30,15] (20)   4024.16
[60,40]   [60,30,15] (25)   198.761
[60,40]   [60,30,15] (30)   148.574
[60,40]   [60,30,20] (0)   14920.4
[60,40]   [60,30,20] (5)   14866
[60,40]   [60,30,20] (10)   14859.3
[60,40]   [60,30,20] (15)   13219.6
[60,40]   [60,30,20] (20)   3043.75
[60,40]   [60,30,20] (25)   186.417
[60,40]   [60,30,20] (30)   165.473
[60,40]   [60,40,5] (0)   18227.1
[60,40]   [60,40,5] (5)   18246.6
[60,40]   [60,40,5] (10)   18276.1
[60,40]   [60,40,5] (15)   18281
[60,40]   [60,40,5] (20)   9421.32
[60,40]   [60,40,5] (25)   4173.96
[60,40]   [60,40,5] (30)   164.338
[60,40]   [60,40,10] (0)   18128.9
[60,40]   [60,40,10] (5)   18251.3
[60,40]   [60,40,10] (10)   18264.6
[60,40]   [60,40,10] (15)   18209.9
[60,40]   [60,40,10] (20)   10197.4
[60,40]   [60,40,10] (25)   5200.98
[60,40]   [60,40,10] (30)   219.195
[60,40]   [60,40,15] (0)   18083.3
[60,40]   [60,40,15] (5)   18203.3
[60,40]   [60,40,15] (10)   18091.1
[60,40]   [60,40,15] (15)   17017.2
[60,40]   [60,40,15] (20)   9252.66
[60,40]   [60,40,15] (25)   2979.28
[60,40]   [60,40,15] (30)   180.916
[60,40]   [60,40,20] (0)   18260.8
[60,40]   [60,40,20] (5)   18149.9
[60,40]   [60,40,20] (10)   18200.7
[60,40]   [60,40,20] (15)   18126.1
[60,40]   [60,40,20] (20)   10632.2
[60,40]   [60,40,20] (25)   3834.1
[60,40]   [60,40,20] (30)   202.073
[60,40]   [60,50,5] (0)   4454.04
[60,40]   [60,50,5] (5)   4505.65
[60,40]   [60,50,5] (10)   4458.28
[60,40]   [60,50,5] (15)   4487.92
[60,40]   [60,50,5] (20)   4513.63
[60,40]   [60,50,5] (25)   4328.38
[60,40]   [60,50,5] (30)   1722.54
[60,40]   [60,50,10] (0)   4457.71
[60,40]   [60,50,10] (5)   4487.13
[60,40]   [60,50,10] (10)   4526.58
[60,40]   [60,50,10] (15)   4465.25
[60,40]   [60,50,10] (20)   4476.7
[60,40]   [60,50,10] (25)   4316.15
[60,40]   [60,50,10] (30)   2144.73
[60,40]   [60,50,15] (0)   4398.59
[60,40]   [60,50,15] (5)   4469.13
[60,40]   [60,50,15] (10)   4470.79
[60,40]   [60,50,15] (15)   4409.01
[60,40]   [60,50,15] (20)   4456.89
[60,40]   [60,50,15] (25)   4197.09
[60,40]   [60,50,15] (30)   763.166
[60,40]   [60,50,20] (0)   4417.38
[60,40]   [60,50,20] (5)   4423.64
[60,40]   [60,50,20] (10)   4515.49
[60,40]   [60,50,20] (15)   4495.9
[60,40]   [60,50,20] (20)   4439.61
[60,40]   [60,50,20] (25)   4132.46
[60,40]   [60,50,20] (30)   558.888
[60,40]   [60,60,5] (0)   250.786
[60,40]   [60,60,5] (5)   253
[60,40]   [60,60,5] (10)   259.396
[60,40]   [60,60,5] (15)   248.871
[60,40]   [60,60,5] (20)   243.645
[60,40]   [60,60,5] (25)   268.36
[60,40]   [60,60,5] (30)   335.786
[60,40]   [60,60,10] (0)   253.893
[60,40]   [60,60,10] (5)   254.677
[60,40]   [60,60,10] (10)   252.104
[60,40]   [60,60,10] (15)   260.069
[60,40]   [60,60,10] (20)   257.436
[60,40]   [60,60,10] (25)   271.204
[60,40]   [60,60,10] (30)   246.237
[60,40]   [60,60,15] (0)   254.272
[60,40]   [60,60,15] (5)   247.108
[60,40]   [60,60,15] (10)   255.799
[60,40]   [60,60,15] (15)   251.944
[60,40]   [60,60,15] (20)   252.696
[60,40]   [60,60,15] (25)   261.659
[60,40]   [60,60,15] (30)   283.093
[60,40]   [60,60,20] (0)   252.473
[60,40]   [60,60,20] (5)   257.206
[60,40]   [60,60,20] (10)   256.152
[60,40]   [60,60,20] (15)   255.785
[60,40]   [60,60,20] (20)   255.5
[60,40]   [60,60,20] (25)   245.568
[60,40]   [60,60,20] (30)   245.643
