[60,10]   [10,10,5] (0)   64.9213
[60,10]   [10,10,5] (5)   43.9943
[60,10]   [10,10,5] (10)   47.3334
[60,10]   [10,10,5] (15)   57.3388
[60,10]   [10,10,5] (20)   67.4001
[60,10]   [10,10,5] (25)   77.5686
[60,10]   [10,10,5] (30)   87.6967
[60,10]   [10,10,10] (0)   61.9217
[60,10]   [10,10,10] (5)   52.3644
[60,10]   [10,10,10] (10)   59.1411
[60,10]   [10,10,10] (15)   67.9658
[60,10]   [10,10,10] (20)   76.8575
[60,10]   [10,10,10] (25)   85.5817
[60,10]   [10,10,10] (30)   94.3425
[60,10]   [10,10,15] (0)   62.1678
[60,10]   [10,10,15] (5)   54.8165
[60,10]   [10,10,15] (10)   62.6566
[60,10]   [10,10,15] (15)   71.9153
[60,10]   [10,10,15] (20)   80.6626
[60,10]   [10,10,15] (25)   89.7143
[60,10]   [10,10,15] (30)   98.7482
[60,10]   [10,10,20] (0)   62.5959
[60,10]   [10,10,20] (5)   63.8352
[60,10]   [10,10,20] (10)   71.7893
[60,10]   [10,10,20] (15)   80.3122
[60,10]   [10,10,20] (20)   88.7986
[60,10]   [10,10,20] (25)   97.4734
[60,10]   [10,10,20] (30)   106.095
[60,10]   [10,20,5] (0)   7700.26
[60,10]   [10,20,5] (5)   7584.82
[60,10]   [10,20,5] (10)   7606.09
[60,10]   [10,20,5] (15)   7654.52
[60,10]   [10,20,5] (20)   7591.97
[60,10]   [10,20,5] (25)   5832.83
[60,10]   [10,20,5] (30)   6863.88
[60,10]   [10,20,10] (0)   7697.35
[60,10]   [10,20,10] (5)   7583.44
[60,10]   [10,20,10] (10)   7654.49
[60,10]   [10,20,10] (15)   7632.62
[60,10]   [10,20,10] (20)   7588.31
[60,10]   [10,20,10] (25)   7720.79
[60,10]   [10,20,10] (30)   7614.45
[60,10]   [10,20,15] (0)   7709.05
[60,10]   [10,20,15] (5)   7601.88
[60,10]   [10,20,15] (10)   7770.89
[60,10]   [10,20,15] (15)   7549.41
[60,10]   [10,20,15] (20)   7581.33
[60,10]   [10,20,15] (25)   4839.55
[60,10]   [10,20,15] (30)   5699.44
[60,10]   [10,20,20] (0)   7490.42
[60,10]   [10,20,20] (5)   7525.97
[60,10]   [10,20,20] (10)   7620.51
[60,10]   [10,20,20] (15)   7842.94
[60,10]   [10,20,20] (20)   7566.81
[60,10]   [10,20,20] (25)   7664.61
[60,10]   [10,20,20] (30)   7652.36
[60,10]   [10,30,5] (0)   15986.7
[60,10]   [10,30,5] (5)   16150.6
[60,10]   [10,30,5] (10)   15955.8
[60,10]   [10,30,5] (15)   15920.1
[60,10]   [10,30,5] (20)   16142.9
[60,10]   [10,30,5] (25)   15920.9
[60,10]   [10,30,5] (30)   15088.4
[60,10]   [10,30,10] (0)   16016.7
[60,10]   [10,30,10] (5)   15984.7
[60,10]   [10,30,10] (10)   16013.7
[60,10]   [10,30,10] (15)   15884.5
[60,10]   [10,30,10] (20)   15759.4
[60,10]   [10,30,10] (25)   16246.3
[60,10]   [10,30,10] (30)   15972
[60,10]   [10,30,15] (0)   16124.7
[60,10]   [10,30,15] (5)   15867.6
[60,10]   [10,30,15] (10)   15881.5
[60,10]   [10,30,15] (15)   15837.3
[60,10]   [10,30,15] (20)   15982
[60,10]   [10,30,15] (25)   16072.9
[60,10]   [10,30,15] (30)   13854
[60,10]   [10,30,20] (0)   15827.3
[60,10]   [10,30,20] (5)   15915.7
[60,10]   [10,30,20] (10)   16020.6
[60,10]   [10,30,20] (15)   16051.4
[60,10]   [10,30,20] (20)   16116.1
[60,10]   [10,30,20] (25)   15832.3
[60,10]   [10,30,20] (30)   16060
[60,10]   [10,40,5] (0)   23240.6
[60,10]   [10,40,5] (5)   23296.9
[60,10]   [10,40,5] (10)   23358.8
[60,10]   [10,40,5] (15)   23254.5
[60,10]   [10,40,5] (20)   23187.6
[60,10]   [10,40,5] (25)   23272.5
[60,10]   [10,40,5] (30)   23355.1
[60,10]   [10,40,10] (0)   23194.5
[60,10]   [10,40,10] (5)   23399.8
[60,10]   [10,40,10] (10)   23302.1
[60,10]   [10,40,10] (15)   23278.9
[60,10]   [10,40,10] (20)   23324.8
[60,10]   [10,40,10] (25)   23384
[60,10]   [10,40,10] (30)   23082.1
[60,10]   [10,40,15] (0)   23238.6
[60,10]   [10,40,15] (5)   23247.5
[60,10]   [10,40,15] (10)   23468.4
[60,10]   [10,40,15] (15)   23354
[60,10]   [10,40,15] (20)   23335.7
[60,10]   [10,40,15] (25)   23481.1
[60,10]   [10,40,15] (30)   23401.5
[60,10]   [10,40,20] (0)   23302.4
[60,10]   [10,40,20] (5)   23377.5
[60,10]   [10,40,20] (10)   23385.3
[60,10]   [10,40,20] (15)   23173.4
[60,10]   [10,40,20] (20)   23327
[60,10]   [10,40,20] (25)   23552.8
[60,10]   [10,40,20] (30)   23399.4
[60,10]   [10,50,5] (0)   28802.8
[60,10]   [10,50,5] (5)   28809.3
[60,10]   [10,50,5] (10)   28775
[60,10]   [10,50,5] (15)   28801.8
[60,10]   [10,50,5] (20)   28884.5
[60,10]   [10,50,5] (25)   28653.3
[60,10]   [10,50,5] (30)   28830.8
[60,10]   [10,50,10] (0)   29036.2
[60,10]   [10,50,10] (5)   28905.4
[60,10]   [10,50,10] (10)   29160.6
[60,10]   [10,50,10] (15)   28755.4
[60,10]   [10,50,10] (20)   29069.7
[60,10]   [10,50,10] (25)   28852.1
[60,10]   [10,50,10] (30)   28950.7
[60,10]   [10,50,15] (0)   28689.7
[60,10]   [10,50,15] (5)   29005.9
[60,10]   [10,50,15] (10)   28729.9
[60,10]   [10,50,15] (15)   28784.9
[60,10]   [10,50,15] (20)   28767.5
[60,10]   [10,50,15] (25)   28768.8
[60,10]   [10,50,15] (30)   28721
[60,10]   [10,50,20] (0)   28777.1
[60,10]   [10,50,20] (5)   28836.1
[60,10]   [10,50,20] (10)   28795.9
[60,10]   [10,50,20] (15)   28876.3
[60,10]   [10,50,20] (20)   28914.2
[60,10]   [10,50,20] (25)   28886.3
[60,10]   [10,50,20] (30)   28773.4
[60,10]   [10,60,5] (0)   38238.4
[60,10]   [10,60,5] (5)   38210.8
[60,10]   [10,60,5] (10)   38232.3
[60,10]   [10,60,5] (15)   38179.5
[60,10]   [10,60,5] (20)   38231.6
[60,10]   [10,60,5] (25)   38176.2
[60,10]   [10,60,5] (30)   38250.8
[60,10]   [10,60,10] (0)   38234.2
[60,10]   [10,60,10] (5)   38200.1
[60,10]   [10,60,10] (10)   38055.9
[60,10]   [10,60,10] (15)   38189.3
[60,10]   [10,60,10] (20)   38400.7
[60,10]   [10,60,10] (25)   38222.1
[60,10]   [10,60,10] (30)   38183.5
[60,10]   [10,60,15] (0)   38175.5
[60,10]   [10,60,15] (5)   38389.1
[60,10]   [10,60,15] (10)   38227.3
[60,10]   [10,60,15] (15)   38202.8
[60,10]   [10,60,15] (20)   38360.7
[60,10]   [10,60,15] (25)   38379.6
[60,10]   [10,60,15] (30)   38172.5
[60,10]   [10,60,20] (0)   38207.6
[60,10]   [10,60,20] (5)   38549.1
[60,10]   [10,60,20] (10)   38241.5
[60,10]   [10,60,20] (15)   38210.9
[60,10]   [10,60,20] (20)   38555.8
[60,10]   [10,60,20] (25)   38078.4
[60,10]   [10,60,20] (30)   38164.9
[60,10]   [20,10,5] (0)   7476.73
[60,10]   [20,10,5] (5)   1113.92
[60,10]   [20,10,5] (10)   49.0569
[60,10]   [20,10,5] (15)   53.3566
[60,10]   [20,10,5] (20)   62.6415
[60,10]   [20,10,5] (25)   72.5177
[60,10]   [20,10,5] (30)   82.8041
[60,10]   [20,10,10] (0)   7530.52
[60,10]   [20,10,10] (5)   1478.6
[60,10]   [20,10,10] (10)   64.2002
[60,10]   [20,10,10] (15)   69.2431
[60,10]   [20,10,10] (20)   77.3383
[60,10]   [20,10,10] (25)   85.7287
[60,10]   [20,10,10] (30)   94.2238
[60,10]   [20,10,15] (0)   7539.39
[60,10]   [20,10,15] (5)   82.2704
[60,10]   [20,10,15] (10)   68.6561
[60,10]   [20,10,15] (15)   75.3178
[60,10]   [20,10,15] (20)   83.555
[60,10]   [20,10,15] (25)   92.0074
[60,10]   [20,10,15] (30)   100.298
[60,10]   [20,10,20] (0)   7435.19
[60,10]   [20,10,20] (5)   111.954
[60,10]   [20,10,20] (10)   82.1624
[60,10]   [20,10,20] (15)   87.0919
[60,10]   [20,10,20] (20)   95.1529
[60,10]   [20,10,20] (25)   103.33
[60,10]   [20,10,20] (30)   111.197
[60,10]   [20,20,5] (0)   101.708
[60,10]   [20,20,5] (5)   101.082
[60,10]   [20,20,5] (10)   86.2486
[60,10]   [20,20,5] (15)   74.4139
[60,10]   [20,20,5] (20)   81.4698
[60,10]   [20,20,5] (25)   89.4464
[60,10]   [20,20,5] (30)   98.1988
[60,10]   [20,20,10] (0)   100.909
[60,10]   [20,20,10] (5)   100.109
[60,10]   [20,20,10] (10)   90.2769
[60,10]   [20,20,10] (15)   88.496
[60,10]   [20,20,10] (20)   95.9347
[60,10]   [20,20,10] (25)   104.073
[60,10]   [20,20,10] (30)   112.216
[60,10]   [20,20,15] (0)   99.5945
[60,10]   [20,20,15] (5)   100.998
[60,10]   [20,20,15] (10)   87.8144
[60,10]   [20,20,15] (15)   91.106
[60,10]   [20,20,15] (20)   98.6879
[60,10]   [20,20,15] (25)   106.44
[60,10]   [20,20,15] (30)   114.851
[60,10]   [20,20,20] (0)   101.614
[60,10]   [20,20,20] (5)   100.804
[60,10]   [20,20,20] (10)   93.9006
[60,10]   [20,20,20] (15)   99.9212
[60,10]   [20,20,20] (20)   107.983
[60,10]   [20,20,20] (25)   115.459
[60,10]   [20,20,20] (30)   123.518
[60,10]   [20,30,5] (0)   4722.65
[60,10]   [20,30,5] (5)   4676.84
[60,10]   [20,30,5] (10)   4663.7
[60,10]   [20,30,5] (15)   4658.45
[60,10]   [20,30,5] (20)   4676.13
[60,10]   [20,30,5] (25)   4495.38
[60,10]   [20,30,5] (30)   4381.35
[60,10]   [20,30,10] (0)   4727.34
[60,10]   [20,30,10] (5)   4693.15
[60,10]   [20,30,10] (10)   4607.27
[60,10]   [20,30,10] (15)   4704.56
[60,10]   [20,30,10] (20)   4754.95
[60,10]   [20,30,10] (25)   4715.04
[60,10]   [20,30,10] (30)   4608.54
[60,10]   [20,30,15] (0)   4789.88
[60,10]   [20,30,15] (5)   4710.51
[60,10]   [20,30,15] (10)   4672.33
[60,10]   [20,30,15] (15)   4762.07
[60,10]   [20,30,15] (20)   4866.66
[60,10]   [20,30,15] (25)   4684.71
[60,10]   [20,30,15] (30)   3425.64
[60,10]   [20,30,20] (0)   4539.49
[60,10]   [20,30,20] (5)   4705.65
[60,10]   [20,30,20] (10)   4815.18
[60,10]   [20,30,20] (15)   4704.28
[60,10]   [20,30,20] (20)   4562.6
[60,10]   [20,30,20] (25)   4754.31
[60,10]   [20,30,20] (30)   4812.72
[60,10]   [20,40,5] (0)   12331.1
[60,10]   [20,40,5] (5)   12250.5
[60,10]   [20,40,5] (10)   12342.8
[60,10]   [20,40,5] (15)   12285.5
[60,10]   [20,40,5] (20)   12543.7
[60,10]   [20,40,5] (25)   12425.1
[60,10]   [20,40,5] (30)   12498.7
[60,10]   [20,40,10] (0)   12300.4
[60,10]   [20,40,10] (5)   12283.5
[60,10]   [20,40,10] (10)   12372.5
[60,10]   [20,40,10] (15)   12331.7
[60,10]   [20,40,10] (20)   12403.5
[60,10]   [20,40,10] (25)   12358.7
[60,10]   [20,40,10] (30)   12427.2
[60,10]   [20,40,15] (0)   12209
[60,10]   [20,40,15] (5)   12251.5
[60,10]   [20,40,15] (10)   12277
[60,10]   [20,40,15] (15)   12449
[60,10]   [20,40,15] (20)   12381.3
[60,10]   [20,40,15] (25)   12440.1
[60,10]   [20,40,15] (30)   12283.1
[60,10]   [20,40,20] (0)   12216.3
[60,10]   [20,40,20] (5)   12331.9
[60,10]   [20,40,20] (10)   12345.5
[60,10]   [20,40,20] (15)   12252.2
[60,10]   [20,40,20] (20)   12186.6
[60,10]   [20,40,20] (25)   12345.5
[60,10]   [20,40,20] (30)   12388.7
[60,10]   [20,50,5] (0)   21680.5
[60,10]   [20,50,5] (5)   21760.8
[60,10]   [20,50,5] (10)   21493.5
[60,10]   [20,50,5] (15)   21895.6
[60,10]   [20,50,5] (20)   21634.4
[60,10]   [20,50,5] (25)   21625.1
[60,10]   [20,50,5] (30)   21714.3
[60,10]   [20,50,10] (0)   21654.3
[60,10]   [20,50,10] (5)   21751.1
[60,10]   [20,50,10] (10)   21661.7
[60,10]   [20,50,10] (15)   21715.8
[60,10]   [20,50,10] (20)   21696.4
[60,10]   [20,50,10] (25)   21606.2
[60,10]   [20,50,10] (30)   21481.6
[60,10]   [20,50,15] (0)   21455.1
[60,10]   [20,50,15] (5)   21497.7
[60,10]   [20,50,15] (10)   21685.9
[60,10]   [20,50,15] (15)   21663.5
[60,10]   [20,50,15] (20)   21622.4
[60,10]   [20,50,15] (25)   21745.7
[60,10]   [20,50,15] (30)   21763.6
[60,10]   [20,50,20] (0)   21649.3
[60,10]   [20,50,20] (5)   21697
[60,10]   [20,50,20] (10)   21702.9
[60,10]   [20,50,20] (15)   21679.9
[60,10]   [20,50,20] (20)   21600.3
[60,10]   [20,50,20] (25)   21655.2
[60,10]   [20,50,20] (30)   21774.2
[60,10]   [20,60,5] (0)   23544.7
[60,10]   [20,60,5] (5)   23622.9
[60,10]   [20,60,5] (10)   23651.1
[60,10]   [20,60,5] (15)   23514.8
[60,10]   [20,60,5] (20)   23350
[60,10]   [20,60,5] (25)   23383
[60,10]   [20,60,5] (30)   23485.8
[60,10]   [20,60,10] (0)   23380.6
[60,10]   [20,60,10] (5)   23496.3
[60,10]   [20,60,10] (10)   23320.2
[60,10]   [20,60,10] (15)   23548.3
[60,10]   [20,60,10] (20)   23461.6
[60,10]   [20,60,10] (25)   23271.8
[60,10]   [20,60,10] (30)   23379.5
[60,10]   [20,60,15] (0)   23553.3
[60,10]   [20,60,15] (5)   23333
[60,10]   [20,60,15] (10)   23343.7
[60,10]   [20,60,15] (15)   23274.4
[60,10]   [20,60,15] (20)   23980.5
[60,10]   [20,60,15] (25)   23640.1
[60,10]   [20,60,15] (30)   23405.2
[60,10]   [20,60,20] (0)   23430.8
[60,10]   [20,60,20] (5)   23500.2
[60,10]   [20,60,20] (10)   23353.5
[60,10]   [20,60,20] (15)   23419.1
[60,10]   [20,60,20] (20)   23465.3
[60,10]   [20,60,20] (25)   23328.5
[60,10]   [20,60,20] (30)   23601.4
[60,10]   [30,10,5] (0)   13686
[60,10]   [30,10,5] (5)   6605.26
[60,10]   [30,10,5] (10)   60.0835
[60,10]   [30,10,5] (15)   56.7729
[60,10]   [30,10,5] (20)   63.9872
[60,10]   [30,10,5] (25)   72.0674
[60,10]   [30,10,5] (30)   82.2968
[60,10]   [30,10,10] (0)   13318.9
[60,10]   [30,10,10] (5)   7249.65
[60,10]   [30,10,10] (10)   92.1473
[60,10]   [30,10,10] (15)   74.0287
[60,10]   [30,10,10] (20)   77.2333
[60,10]   [30,10,10] (25)   85.3788
[60,10]   [30,10,10] (30)   93.2939
[60,10]   [30,10,15] (0)   13503.5
[60,10]   [30,10,15] (5)   3028.74
[60,10]   [30,10,15] (10)   78.2114
[60,10]   [30,10,15] (15)   80.4486
[60,10]   [30,10,15] (20)   86.7595
[60,10]   [30,10,15] (25)   94.2376
[60,10]   [30,10,15] (30)   102.912
[60,10]   [30,10,20] (0)   13720.8
[60,10]   [30,10,20] (5)   3101.42
[60,10]   [30,10,20] (10)   87.5062
[60,10]   [30,10,20] (15)   89.1931
[60,10]   [30,10,20] (20)   96.7453
[60,10]   [30,10,20] (25)   104.069
[60,10]   [30,10,20] (30)   112.322
[60,10]   [30,20,5] (0)   5676.41
[60,10]   [30,20,5] (5)   5707.84
[60,10]   [30,20,5] (10)   3118.02
[60,10]   [30,20,5] (15)   78.6419
[60,10]   [30,20,5] (20)   71.8637
[60,10]   [30,20,5] (25)   78.7012
[60,10]   [30,20,5] (30)   87.9766
[60,10]   [30,20,10] (0)   5738.27
[60,10]   [30,20,10] (5)   5673.03
[60,10]   [30,20,10] (10)   3797.14
[60,10]   [30,20,10] (15)   93.3723
[60,10]   [30,20,10] (20)   87.9052
[60,10]   [30,20,10] (25)   93.7081
[60,10]   [30,20,10] (30)   101.646
[60,10]   [30,20,15] (0)   5761.82
[60,10]   [30,20,15] (5)   5752.13
[60,10]   [30,20,15] (10)   1621.91
[60,10]   [30,20,15] (15)   92.6104
[60,10]   [30,20,15] (20)   94.3603
[60,10]   [30,20,15] (25)   101.351
[60,10]   [30,20,15] (30)   109.563
[60,10]   [30,20,20] (0)   5721.14
[60,10]   [30,20,20] (5)   5699.95
[60,10]   [30,20,20] (10)   2365.23
[60,10]   [30,20,20] (15)   103.364
[60,10]   [30,20,20] (20)   105.299
[60,10]   [30,20,20] (25)   112.419
[60,10]   [30,20,20] (30)   120.297
[60,10]   [30,30,5] (0)   132.741
[60,10]   [30,30,5] (5)   131.936
[60,10]   [30,30,5] (10)   130.992
[60,10]   [30,30,5] (15)   117.923
[60,10]   [30,30,5] (20)   92.8107
[60,10]   [30,30,5] (25)   96.3705
[60,10]   [30,30,5] (30)   105.436
[60,10]   [30,30,10] (0)   131.392
[60,10]   [30,30,10] (5)   131.791
[60,10]   [30,30,10] (10)   133.977
[60,10]   [30,30,10] (15)   121.44
[60,10]   [30,30,10] (20)   106.607
[60,10]   [30,30,10] (25)   111.932
[60,10]   [30,30,10] (30)   119.816
[60,10]   [30,30,15] (0)   132.227
[60,10]   [30,30,15] (5)   130.26
[60,10]   [30,30,15] (10)   132.443
[60,10]   [30,30,15] (15)   115.396
[60,10]   [30,30,15] (20)   109.365
[60,10]   [30,30,15] (25)   114.835
[60,10]   [30,30,15] (30)   122.797
[60,10]   [30,30,20] (0)   132.381
[60,10]   [30,30,20] (5)   134.178
[60,10]   [30,30,20] (10)   132.315
[60,10]   [30,30,20] (15)   120.868
[60,10]   [30,30,20] (20)   118.299
[60,10]   [30,30,20] (25)   125.149
[60,10]   [30,30,20] (30)   132.754
[60,10]   [30,40,5] (0)   2164.8
[60,10]   [30,40,5] (5)   2231.92
[60,10]   [30,40,5] (10)   2141.84
[60,10]   [30,40,5] (15)   2358.7
[60,10]   [30,40,5] (20)   2258.25
[60,10]   [30,40,5] (25)   2142.73
[60,10]   [30,40,5] (30)   2388.31
[60,10]   [30,40,10] (0)   2252.29
[60,10]   [30,40,10] (5)   2297.03
[60,10]   [30,40,10] (10)   2220.36
[60,10]   [30,40,10] (15)   2267.21
[60,10]   [30,40,10] (20)   2439.83
[60,10]   [30,40,10] (25)   2316.29
[60,10]   [30,40,10] (30)   2951.61
[60,10]   [30,40,15] (0)   2253.2
[60,10]   [30,40,15] (5)   2151.08
[60,10]   [30,40,15] (10)   2335.64
[60,10]   [30,40,15] (15)   2291.52
[60,10]   [30,40,15] (20)   2205.28
[60,10]   [30,40,15] (25)   2323.36
[60,10]   [30,40,15] (30)   2295.07
[60,10]   [30,40,20] (0)   2124.76
[60,10]   [30,40,20] (5)   2308.36
[60,10]   [30,40,20] (10)   2228.62
[60,10]   [30,40,20] (15)   2232.87
[60,10]   [30,40,20] (20)   2236.29
[60,10]   [30,40,20] (25)   2168.07
[60,10]   [30,40,20] (30)   2071.49
[60,10]   [30,50,5] (0)   8707.33
[60,10]   [30,50,5] (5)   8892.38
[60,10]   [30,50,5] (10)   8857.33
[60,10]   [30,50,5] (15)   8791.57
[60,10]   [30,50,5] (20)   8751.12
[60,10]   [30,50,5] (25)   8604.49
[60,10]   [30,50,5] (30)   8782.87
[60,10]   [30,50,10] (0)   8650.6
[60,10]   [30,50,10] (5)   8680.5
[60,10]   [30,50,10] (10)   8688
[60,10]   [30,50,10] (15)   8563.21
[60,10]   [30,50,10] (20)   8825.8
[60,10]   [30,50,10] (25)   8702.39
[60,10]   [30,50,10] (30)   8672.62
[60,10]   [30,50,15] (0)   8675.66
[60,10]   [30,50,15] (5)   8767.9
[60,10]   [30,50,15] (10)   8791.93
[60,10]   [30,50,15] (15)   8756.26
[60,10]   [30,50,15] (20)   8693.07
[60,10]   [30,50,15] (25)   8693.39
[60,10]   [30,50,15] (30)   8608.22
[60,10]   [30,50,20] (0)   8651.91
[60,10]   [30,50,20] (5)   8809.91
[60,10]   [30,50,20] (10)   8726.92
[60,10]   [30,50,20] (15)   8714.17
[60,10]   [30,50,20] (20)   8708.46
[60,10]   [30,50,20] (25)   8807.79
[60,10]   [30,50,20] (30)   8714.68
[60,10]   [30,60,5] (0)   14175.6
[60,10]   [30,60,5] (5)   14343.6
[60,10]   [30,60,5] (10)   14177.3
[60,10]   [30,60,5] (15)   14207.1
[60,10]   [30,60,5] (20)   13925.7
[60,10]   [30,60,5] (25)   14256.2
[60,10]   [30,60,5] (30)   14021
[60,10]   [30,60,10] (0)   14005.1
[60,10]   [30,60,10] (5)   14143.1
[60,10]   [30,60,10] (10)   14267.6
[60,10]   [30,60,10] (15)   14199.3
[60,10]   [30,60,10] (20)   14262.4
[60,10]   [30,60,10] (25)   14174.4
[60,10]   [30,60,10] (30)   14243.8
[60,10]   [30,60,15] (0)   14336.4
[60,10]   [30,60,15] (5)   14417.3
[60,10]   [30,60,15] (10)   14278.1
[60,10]   [30,60,15] (15)   14235.8
[60,10]   [30,60,15] (20)   14085.6
[60,10]   [30,60,15] (25)   14246.6
[60,10]   [30,60,15] (30)   14171.9
[60,10]   [30,60,20] (0)   14325.7
[60,10]   [30,60,20] (5)   14060.2
[60,10]   [30,60,20] (10)   14152.4
[60,10]   [30,60,20] (15)   14124.9
[60,10]   [30,60,20] (20)   14192.9
[60,10]   [30,60,20] (25)   14037.9
[60,10]   [30,60,20] (30)   14186.7
[60,10]   [40,10,5] (0)   18005
[60,10]   [40,10,5] (5)   10884.4
[60,10]   [40,10,5] (10)   93.146
[60,10]   [40,10,5] (15)   65.7026
[60,10]   [40,10,5] (20)   69.571
[60,10]   [40,10,5] (25)   74.4171
[60,10]   [40,10,5] (30)   80.8073
[60,10]   [40,10,10] (0)   18134.3
[60,10]   [40,10,10] (5)   11678.4
[60,10]   [40,10,10] (10)   3476
[60,10]   [40,10,10] (15)   85.4383
[60,10]   [40,10,10] (20)   84.2438
[60,10]   [40,10,10] (25)   87.1498
[60,10]   [40,10,10] (30)   93.4993
[60,10]   [40,10,15] (0)   18236.4
[60,10]   [40,10,15] (5)   7794.73
[60,10]   [40,10,15] (10)   732.593
[60,10]   [40,10,15] (15)   89.4677
[60,10]   [40,10,15] (20)   89.8038
[60,10]   [40,10,15] (25)   94.7552
[60,10]   [40,10,15] (30)   101.132
[60,10]   [40,10,20] (0)   18044.1
[60,10]   [40,10,20] (5)   7612.63
[60,10]   [40,10,20] (10)   106.746
[60,10]   [40,10,20] (15)   101.941
[60,10]   [40,10,20] (20)   104.069
[60,10]   [40,10,20] (25)   108.161
[60,10]   [40,10,20] (30)   114.635
[60,10]   [40,20,5] (0)   10769.8
[60,10]   [40,20,5] (5)   10500.7
[60,10]   [40,20,5] (10)   7615.24
[60,10]   [40,20,5] (15)   129.392
[60,10]   [40,20,5] (20)   79.6935
[60,10]   [40,20,5] (25)   80.0218
[60,10]   [40,20,5] (30)   85.992
[60,10]   [40,20,10] (0)   10851.7
[60,10]   [40,20,10] (5)   10639.4
[60,10]   [40,20,10] (10)   8534.28
[60,10]   [40,20,10] (15)   1336.07
[60,10]   [40,20,10] (20)   96.7228
[60,10]   [40,20,10] (25)   94.7481
[60,10]   [40,20,10] (30)   99.4671
[60,10]   [40,20,15] (0)   10631.2
[60,10]   [40,20,15] (5)   10689.6
[60,10]   [40,20,15] (10)   6059.66
[60,10]   [40,20,15] (15)   112.66
[60,10]   [40,20,15] (20)   99.8715
[60,10]   [40,20,15] (25)   101.07
[60,10]   [40,20,15] (30)   106.938
[60,10]   [40,20,20] (0)   10772
[60,10]   [40,20,20] (5)   10670
[60,10]   [40,20,20] (10)   6887.62
[60,10]   [40,20,20] (15)   114.647
[60,10]   [40,20,20] (20)   109.271
[60,10]   [40,20,20] (25)   113.664
[60,10]   [40,20,20] (30)   120.063
[60,10]   [40,30,5] (0)   5246.82
[60,10]   [40,30,5] (5)   5144.52
[60,10]   [40,30,5] (10)   5184.75
[60,10]   [40,30,5] (15)   3369.83
[60,10]   [40,30,5] (20)   111.477
[60,10]   [40,30,5] (25)   92.909
[60,10]   [40,30,5] (30)   93.2485
[60,10]   [40,30,10] (0)   5160.66
[60,10]   [40,30,10] (5)   5155.77
[60,10]   [40,30,10] (10)   5173.75
[60,10]   [40,30,10] (15)   3918.26
[60,10]   [40,30,10] (20)   123.77
[60,10]   [40,30,10] (25)   109.371
[60,10]   [40,30,10] (30)   111.296
[60,10]   [40,30,15] (0)   5187.91
[60,10]   [40,30,15] (5)   5240.97
[60,10]   [40,30,15] (10)   5086.38
[60,10]   [40,30,15] (15)   2664.43
[60,10]   [40,30,15] (20)   116.847
[60,10]   [40,30,15] (25)   113.688
[60,10]   [40,30,15] (30)   117.446
[60,10]   [40,30,20] (0)   5149.49
[60,10]   [40,30,20] (5)   5194.2
[60,10]   [40,30,20] (10)   5155.05
[60,10]   [40,30,20] (15)   2860.93
[60,10]   [40,30,20] (20)   125.382
[60,10]   [40,30,20] (25)   124.08
[60,10]   [40,30,20] (30)   129.417
[60,10]   [40,40,5] (0)   148.099
[60,10]   [40,40,5] (5)   147.571
[60,10]   [40,40,5] (10)   147.632
[60,10]   [40,40,5] (15)   149.864
[60,10]   [40,40,5] (20)   142.791
[60,10]   [40,40,5] (25)   124.85
[60,10]   [40,40,5] (30)   115.454
[60,10]   [40,40,10] (0)   148.036
[60,10]   [40,40,10] (5)   147.659
[60,10]   [40,40,10] (10)   145.586
[60,10]   [40,40,10] (15)   146.261
[60,10]   [40,40,10] (20)   141.832
[60,10]   [40,40,10] (25)   130.998
[60,10]   [40,40,10] (30)   131
[60,10]   [40,40,15] (0)   147.883
[60,10]   [40,40,15] (5)   147.673
[60,10]   [40,40,15] (10)   148.23
[60,10]   [40,40,15] (15)   148.354
[60,10]   [40,40,15] (20)   139.72
[60,10]   [40,40,15] (25)   130.21
[60,10]   [40,40,15] (30)   132.869
[60,10]   [40,40,20] (0)   146.388
[60,10]   [40,40,20] (5)   147.897
[60,10]   [40,40,20] (10)   146.455
[60,10]   [40,40,20] (15)   145.15
[60,10]   [40,40,20] (20)   142.298
[60,10]   [40,40,20] (25)   136.868
[60,10]   [40,40,20] (30)   141.978
[60,10]   [40,50,5] (0)   1235.4
[60,10]   [40,50,5] (5)   1276.76
[60,10]   [40,50,5] (10)   1256.7
[60,10]   [40,50,5] (15)   1178.3
[60,10]   [40,50,5] (20)   1203.36
[60,10]   [40,50,5] (25)   1282.06
[60,10]   [40,50,5] (30)   1227.24
[60,10]   [40,50,10] (0)   1173.56
[60,10]   [40,50,10] (5)   1224.6
[60,10]   [40,50,10] (10)   1211.95
[60,10]   [40,50,10] (15)   1268.95
[60,10]   [40,50,10] (20)   1074.86
[60,10]   [40,50,10] (25)   1161.35
[60,10]   [40,50,10] (30)   1263.54
[60,10]   [40,50,15] (0)   1298.06
[60,10]   [40,50,15] (5)   1180.93
[60,10]   [40,50,15] (10)   1237.13
[60,10]   [40,50,15] (15)   1265.16
[60,10]   [40,50,15] (20)   1188.59
[60,10]   [40,50,15] (25)   1237.2
[60,10]   [40,50,15] (30)   1287.87
[60,10]   [40,50,20] (0)   1211.09
[60,10]   [40,50,20] (5)   1175.6
[60,10]   [40,50,20] (10)   1137.2
[60,10]   [40,50,20] (15)   1290.82
[60,10]   [40,50,20] (20)   1338.44
[60,10]   [40,50,20] (25)   1134.81
[60,10]   [40,50,20] (30)   1282.74
[60,10]   [40,60,5] (0)   6942.3
[60,10]   [40,60,5] (5)   6942.34
[60,10]   [40,60,5] (10)   6955.31
[60,10]   [40,60,5] (15)   6780.08
[60,10]   [40,60,5] (20)   6827.5
[60,10]   [40,60,5] (25)   6809.9
[60,10]   [40,60,5] (30)   6973.04
[60,10]   [40,60,10] (0)   6906.46
[60,10]   [40,60,10] (5)   6852.87
[60,10]   [40,60,10] (10)   6942.35
[60,10]   [40,60,10] (15)   6944.57
[60,10]   [40,60,10] (20)   6969.48
[60,10]   [40,60,10] (25)   6965.39
[60,10]   [40,60,10] (30)   6934.74
[60,10]   [40,60,15] (0)   6933.23
[60,10]   [40,60,15] (5)   6932.86
[60,10]   [40,60,15] (10)   7027.88
[60,10]   [40,60,15] (15)   6773.12
[60,10]   [40,60,15] (20)   6878.7
[60,10]   [40,60,15] (25)   6908.99
[60,10]   [40,60,15] (30)   6986.93
[60,10]   [40,60,20] (0)   6740.91
[60,10]   [40,60,20] (5)   6772.46
[60,10]   [40,60,20] (10)   6951.64
[60,10]   [40,60,20] (15)   6902.61
[60,10]   [40,60,20] (20)   6945.78
[60,10]   [40,60,20] (25)   6890.97
[60,10]   [40,60,20] (30)   6883.74
[60,10]   [50,10,5] (0)   22713.1
[60,10]   [50,10,5] (5)   14657.2
[60,10]   [50,10,5] (10)   2518.39
[60,10]   [50,10,5] (15)   75.1667
[60,10]   [50,10,5] (20)   75.9773
[60,10]   [50,10,5] (25)   80.0118
[60,10]   [50,10,5] (30)   84.8971
[60,10]   [50,10,10] (0)   22567
[60,10]   [50,10,10] (5)   15861.8
[60,10]   [50,10,10] (10)   7415.91
[60,10]   [50,10,10] (15)   1590.25
[60,10]   [50,10,10] (20)   93.9884
[60,10]   [50,10,10] (25)   93.819
[60,10]   [50,10,10] (30)   96.8504
[60,10]   [50,10,15] (0)   22031
[60,10]   [50,10,15] (5)   12486.9
[60,10]   [50,10,15] (10)   4806.46
[60,10]   [50,10,15] (15)   136.821
[60,10]   [50,10,15] (20)   98.0899
[60,10]   [50,10,15] (25)   100.541
[60,10]   [50,10,15] (30)   103.938
[60,10]   [50,10,20] (0)   22224.9
[60,10]   [50,10,20] (5)   12632.5
[60,10]   [50,10,20] (10)   3448.94
[60,10]   [50,10,20] (15)   1589.87
[60,10]   [50,10,20] (20)   114.444
[60,10]   [50,10,20] (25)   113.845
[60,10]   [50,10,20] (30)   117.499
[60,10]   [50,20,5] (0)   17802.9
[60,10]   [50,20,5] (5)   18239.5
[60,10]   [50,20,5] (10)   12548.6
[60,10]   [50,20,5] (15)   3128.99
[60,10]   [50,20,5] (20)   88.4963
[60,10]   [50,20,5] (25)   85.7718
[60,10]   [50,20,5] (30)   90.042
[60,10]   [50,20,10] (0)   18116.5
[60,10]   [50,20,10] (5)   18115
[60,10]   [50,20,10] (10)   13372.4
[60,10]   [50,20,10] (15)   5429.97
[60,10]   [50,20,10] (20)   289.439
[60,10]   [50,20,10] (25)   100.719
[60,10]   [50,20,10] (30)   101.546
[60,10]   [50,20,15] (0)   17993.2
[60,10]   [50,20,15] (5)   18365.3
[60,10]   [50,20,15] (10)   12101.2
[60,10]   [50,20,15] (15)   2459.52
[60,10]   [50,20,15] (20)   116.568
[60,10]   [50,20,15] (25)   106.278
[60,10]   [50,20,15] (30)   108.444
[60,10]   [50,20,20] (0)   18007.8
[60,10]   [50,20,20] (5)   18406.9
[60,10]   [50,20,20] (10)   12712.3
[60,10]   [50,20,20] (15)   1044.39
[60,10]   [50,20,20] (20)   125.691
[60,10]   [50,20,20] (25)   119.732
[60,10]   [50,20,20] (30)   121.7
[60,10]   [50,30,5] (0)   9416.08
[60,10]   [50,30,5] (5)   9215.92
[60,10]   [50,30,5] (10)   9024.64
[60,10]   [50,30,5] (15)   7456.78
[60,10]   [50,30,5] (20)   905.085
[60,10]   [50,30,5] (25)   100.245
[60,10]   [50,30,5] (30)   95.7998
[60,10]   [50,30,10] (0)   9104.7
[60,10]   [50,30,10] (5)   9147.54
[60,10]   [50,30,10] (10)   9177.89
[60,10]   [50,30,10] (15)   8098.5
[60,10]   [50,30,10] (20)   2553.25
[60,10]   [50,30,10] (25)   118.306
[60,10]   [50,30,10] (30)   110.732
[60,10]   [50,30,15] (0)   9136
[60,10]   [50,30,15] (5)   9246.96
[60,10]   [50,30,15] (10)   9212.2
[60,10]   [50,30,15] (15)   6805.39
[60,10]   [50,30,15] (20)   238.011
[60,10]   [50,30,15] (25)   119.702
[60,10]   [50,30,15] (30)   116.68
[60,10]   [50,30,20] (0)   9117.8
[60,10]   [50,30,20] (5)   9280.68
[60,10]   [50,30,20] (10)   9111.94
[60,10]   [50,30,20] (15)   7315.49
[60,10]   [50,30,20] (20)   153.853
[60,10]   [50,30,20] (25)   128.909
[60,10]   [50,30,20] (30)   130.01
[60,10]   [50,40,5] (0)   4116.88
[60,10]   [50,40,5] (5)   4195.78
[60,10]   [50,40,5] (10)   4032.82
[60,10]   [50,40,5] (15)   4079.93
[60,10]   [50,40,5] (20)   3470.34
[60,10]   [50,40,5] (25)   207.381
[60,10]   [50,40,5] (30)   115.483
[60,10]   [50,40,10] (0)   4207.84
[60,10]   [50,40,10] (5)   4085.66
[60,10]   [50,40,10] (10)   4036.2
[60,10]   [50,40,10] (15)   4123.06
[60,10]   [50,40,10] (20)   3724.21
[60,10]   [50,40,10] (25)   529.473
[60,10]   [50,40,10] (30)   131.814
[60,10]   [50,40,15] (0)   4126.74
[60,10]   [50,40,15] (5)   4111.63
[60,10]   [50,40,15] (10)   4147.5
[60,10]   [50,40,15] (15)   4121.23
[60,10]   [50,40,15] (20)   3133.87
[60,10]   [50,40,15] (25)   148.223
[60,10]   [50,40,15] (30)   132.976
[60,10]   [50,40,20] (0)   4070.09
[60,10]   [50,40,20] (5)   4165.96
[60,10]   [50,40,20] (10)   4126.47
[60,10]   [50,40,20] (15)   4144.27
[60,10]   [50,40,20] (20)   3312.83
[60,10]   [50,40,20] (25)   153.099
[60,10]   [50,40,20] (30)   142.218
[60,10]   [50,50,5] (0)   263.028
[60,10]   [50,50,5] (5)   271.77
[60,10]   [50,50,5] (10)   301.234
[60,10]   [50,50,5] (15)   277.597
[60,10]   [50,50,5] (20)   255.854
[60,10]   [50,50,5] (25)   246.492
[60,10]   [50,50,5] (30)   148.508
[60,10]   [50,50,10] (0)   271.071
[60,10]   [50,50,10] (5)   252.023
[60,10]   [50,50,10] (10)   282.035
[60,10]   [50,50,10] (15)   319.398
[60,10]   [50,50,10] (20)   255.955
[60,10]   [50,50,10] (25)   204.294
[60,10]   [50,50,10] (30)   155.495
[60,10]   [50,50,15] (0)   309.274
[60,10]   [50,50,15] (5)   302.872
[60,10]   [50,50,15] (10)   266.273
[60,10]   [50,50,15] (15)   337.876
[60,10]   [50,50,15] (20)   377.274
[60,10]   [50,50,15] (25)   189.965
[60,10]   [50,50,15] (30)   150.881
[60,10]   [50,50,20] (0)   241.917
[60,10]   [50,50,20] (5)   293.971
[60,10]   [50,50,20] (10)   264.376
[60,10]   [50,50,20] (15)   268.223
[60,10]   [50,50,20] (20)   257.049
[60,10]   [50,50,20] (25)   200.834
[60,10]   [50,50,20] (30)   157.007
[60,10]   [50,60,5] (0)   323.904
[60,10]   [50,60,5] (5)   337.976
[60,10]   [50,60,5] (10)   334.149
[60,10]   [50,60,5] (15)   310.243
[60,10]   [50,60,5] (20)   300.768
[60,10]   [50,60,5] (25)   240.75
[60,10]   [50,60,5] (30)   285.431
[60,10]   [50,60,10] (0)   253.902
[60,10]   [50,60,10] (5)   261.078
[60,10]   [50,60,10] (10)   316.504
[60,10]   [50,60,10] (15)   267.117
[60,10]   [50,60,10] (20)   321.583
[60,10]   [50,60,10] (25)   310.363
[60,10]   [50,60,10] (30)   336.112
[60,10]   [50,60,15] (0)   239.965
[60,10]   [50,60,15] (5)   277.558
[60,10]   [50,60,15] (10)   322.212
[60,10]   [50,60,15] (15)   244.546
[60,10]   [50,60,15] (20)   283.228
[60,10]   [50,60,15] (25)   288.593
[60,10]   [50,60,15] (30)   299.479
[60,10]   [50,60,20] (0)   298.715
[60,10]   [50,60,20] (5)   263.557
[60,10]   [50,60,20] (10)   286.038
[60,10]   [50,60,20] (15)   285.579
[60,10]   [50,60,20] (20)   338.598
[60,10]   [50,60,20] (25)   348.863
[60,10]   [50,60,20] (30)   311.497
[60,10]   [60,10,5] (0)   43525.6
[60,10]   [60,10,5] (5)   18052.6
[60,10]   [60,10,5] (10)   5127.92
[60,10]   [60,10,5] (15)   92.1884
[60,10]   [60,10,5] (20)   81.9689
[60,10]   [60,10,5] (25)   85.9461
[60,10]   [60,10,5] (30)   90.1109
[60,10]   [60,10,10] (0)   43561.9
[60,10]   [60,10,10] (5)   20445.5
[60,10]   [60,10,10] (10)   10681.9
[60,10]   [60,10,10] (15)   4765.34
[60,10]   [60,10,10] (20)   523.775
[60,10]   [60,10,10] (25)   102.24
[60,10]   [60,10,10] (30)   103.245
[60,10]   [60,10,15] (0)   44798.5
[60,10]   [60,10,15] (5)   15810.2
[60,10]   [60,10,15] (10)   8008.97
[60,10]   [60,10,15] (15)   2524.39
[60,10]   [60,10,15] (20)   114.591
[60,10]   [60,10,15] (25)   108.167
[60,10]   [60,10,15] (30)   109.758
[60,10]   [60,10,20] (0)   43565.9
[60,10]   [60,10,20] (5)   16261.8
[60,10]   [60,10,20] (10)   6996.21
[60,10]   [60,10,20] (15)   5036.39
[60,10]   [60,10,20] (20)   136.243
[60,10]   [60,10,20] (25)   122.519
[60,10]   [60,10,20] (30)   123.775
[60,10]   [60,20,5] (0)   18956.5
[60,10]   [60,20,5] (5)   18579.9
[60,10]   [60,20,5] (10)   15875
[60,10]   [60,20,5] (15)   5992.35
[60,10]   [60,20,5] (20)   109.764
[60,10]   [60,20,5] (25)   90.9859
[60,10]   [60,20,5] (30)   95.4204
[60,10]   [60,20,10] (0)   19125.3
[60,10]   [60,20,10] (5)   18681.2
[60,10]   [60,20,10] (10)   17093.3
[60,10]   [60,20,10] (15)   8857.45
[60,10]   [60,20,10] (20)   3301.72
[60,10]   [60,20,10] (25)   123.984
[60,10]   [60,20,10] (30)   107.632
[60,10]   [60,20,15] (0)   18821
[60,10]   [60,20,15] (5)   19120.3
[60,10]   [60,20,15] (10)   14850.7
[60,10]   [60,20,15] (15)   5702.39
[60,10]   [60,20,15] (20)   1579.28
[60,10]   [60,20,15] (25)   114.97
[60,10]   [60,20,15] (30)   114.017
[60,10]   [60,20,20] (0)   19127.1
[60,10]   [60,20,20] (5)   18896.6
[60,10]   [60,20,20] (10)   15486.6
[60,10]   [60,20,20] (15)   4515.89
[60,10]   [60,20,20] (20)   2417.99
[60,10]   [60,20,20] (25)   137.659
[60,10]   [60,20,20] (30)   126.959
[60,10]   [60,30,5] (0)   12950.7
[60,10]   [60,30,5] (5)   12977.1
[60,10]   [60,30,5] (10)   12838.5
[60,10]   [60,30,5] (15)   10897.9
[60,10]   [60,30,5] (20)   3938.77
[60,10]   [60,30,5] (25)   109.886
[60,10]   [60,30,5] (30)   100.048
[60,10]   [60,30,10] (0)   13071.9
[60,10]   [60,30,10] (5)   13200.6
[60,10]   [60,30,10] (10)   12855.4
[60,10]   [60,30,10] (15)   11782.7
[60,10]   [60,30,10] (20)   5943.78
[60,10]   [60,30,10] (25)   1008.32
[60,10]   [60,30,10] (30)   118.033
[60,10]   [60,30,15] (0)   12752.1
[60,10]   [60,30,15] (5)   13026.4
[60,10]   [60,30,15] (10)   12702.1
[60,10]   [60,30,15] (15)   10316.9
[60,10]   [60,30,15] (20)   3091.62
[60,10]   [60,30,15] (25)   152.89
[60,10]   [60,30,15] (30)   121.96
[60,10]   [60,30,20] (0)   13228.8
[60,10]   [60,30,20] (5)   12897.9
[60,10]   [60,30,20] (10)   12919.3
[60,10]   [60,30,20] (15)   10909
[60,10]   [60,30,20] (20)   2406.25
[60,10]   [60,30,20] (25)   151.015
[60,10]   [60,30,20] (30)   137.478
[60,10]   [60,40,5] (0)   7941.14
[60,10]   [60,40,5] (5)   7962.8
[60,10]   [60,40,5] (10)   8022.11
[60,10]   [60,40,5] (15)   8090.59
[60,10]   [60,40,5] (20)   7280.74
[60,10]   [60,40,5] (25)   2760.28
[60,10]   [60,40,5] (30)   124.988
[60,10]   [60,40,10] (0)   8083.53
[60,10]   [60,40,10] (5)   7896.36
[60,10]   [60,40,10] (10)   7949.36
[60,10]   [60,40,10] (15)   7905.89
[60,10]   [60,40,10] (20)   7518.54
[60,10]   [60,40,10] (25)   4006.34
[60,10]   [60,40,10] (30)   169.993
[60,10]   [60,40,15] (0)   7993.25
[60,10]   [60,40,15] (5)   8082.63
[60,10]   [60,40,15] (10)   7971.6
[60,10]   [60,40,15] (15)   7969.38
[60,10]   [60,40,15] (20)   6793.44
[60,10]   [60,40,15] (25)   1885.55
[60,10]   [60,40,15] (30)   143.634
[60,10]   [60,40,20] (0)   7908.76
[60,10]   [60,40,20] (5)   8005.37
[60,10]   [60,40,20] (10)   7945.9
[60,10]   [60,40,20] (15)   7951.08
[60,10]   [60,40,20] (20)   7187.07
[60,10]   [60,40,20] (25)   1447.82
[60,10]   [60,40,20] (30)   150.489
[60,10]   [60,50,5] (0)   4037.82
[60,10]   [60,50,5] (5)   4004.77
[60,10]   [60,50,5] (10)   4035.53
[60,10]   [60,50,5] (15)   3975.62
[60,10]   [60,50,5] (20)   3940.85
[60,10]   [60,50,5] (25)   3636.89
[60,10]   [60,50,5] (30)   928.716
[60,10]   [60,50,10] (0)   3957.65
[60,10]   [60,50,10] (5)   3969.86
[60,10]   [60,50,10] (10)   4003.98
[60,10]   [60,50,10] (15)   4000.15
[60,10]   [60,50,10] (20)   4029.58
[60,10]   [60,50,10] (25)   3788.33
[60,10]   [60,50,10] (30)   1574.04
[60,10]   [60,50,15] (0)   4023.15
[60,10]   [60,50,15] (5)   3995.26
[60,10]   [60,50,15] (10)   4057.25
[60,10]   [60,50,15] (15)   4044.29
[60,10]   [60,50,15] (20)   4055.24
[60,10]   [60,50,15] (25)   3422.61
[60,10]   [60,50,15] (30)   395.737
[60,10]   [60,50,20] (0)   4077.52
[60,10]   [60,50,20] (5)   4046.31
[60,10]   [60,50,20] (10)   4020
[60,10]   [60,50,20] (15)   4012.02
[60,10]   [60,50,20] (20)   3943.95
[60,10]   [60,50,20] (25)   3505.67
[60,10]   [60,50,20] (30)   269.813
[60,10]   [60,60,5] (0)   427.876
[60,10]   [60,60,5] (5)   455.302
[60,10]   [60,60,5] (10)   414.026
[60,10]   [60,60,5] (15)   429.024
[60,10]   [60,60,5] (20)   425.727
[60,10]   [60,60,5] (25)   406.439
[60,10]   [60,60,5] (30)   365.578
[60,10]   [60,60,10] (0)   480.126
[60,10]   [60,60,10] (5)   495.615
[60,10]   [60,60,10] (10)   453.714
[60,10]   [60,60,10] (15)   415.742
[60,10]   [60,60,10] (20)   446.904
[60,10]   [60,60,10] (25)   382.008
[60,10]   [60,60,10] (30)   375.477
[60,10]   [60,60,15] (0)   505.306
[60,10]   [60,60,15] (5)   450.817
[60,10]   [60,60,15] (10)   451.677
[60,10]   [60,60,15] (15)   381.859
[60,10]   [60,60,15] (20)   429.975
[60,10]   [60,60,15] (25)   404.663
[60,10]   [60,60,15] (30)   311.188
[60,10]   [60,60,20] (0)   425.368
[60,10]   [60,60,20] (5)   503.657
[60,10]   [60,60,20] (10)   414.734
[60,10]   [60,60,20] (15)   429.762
[60,10]   [60,60,20] (20)   479.739
[60,10]   [60,60,20] (25)   375.666
[60,10]   [60,60,20] (30)   366.35
