[90,60]   [10,10,5] (0)   106.724
[90,60]   [10,10,5] (5)   80.5769
[90,60]   [10,10,5] (10)   74.8713
[90,60]   [10,10,5] (15)   84.8137
[90,60]   [10,10,5] (20)   94.6894
[90,60]   [10,10,5] (25)   104.573
[90,60]   [10,10,5] (30)   114.15
[90,60]   [10,10,10] (0)   106.959
[90,60]   [10,10,10] (5)   90.2103
[90,60]   [10,10,10] (10)   93.972
[90,60]   [10,10,10] (15)   102.669
[90,60]   [10,10,10] (20)   111.634
[90,60]   [10,10,10] (25)   120.77
[90,60]   [10,10,10] (30)   128.901
[90,60]   [10,10,15] (0)   108.995
[90,60]   [10,10,15] (5)   91.7211
[90,60]   [10,10,15] (10)   97.8786
[90,60]   [10,10,15] (15)   106.844
[90,60]   [10,10,15] (20)   115.568
[90,60]   [10,10,15] (25)   124.695
[90,60]   [10,10,15] (30)   133.246
[90,60]   [10,10,20] (0)   107.984
[90,60]   [10,10,20] (5)   100.595
[90,60]   [10,10,20] (10)   107.916
[90,60]   [10,10,20] (15)   116.474
[90,60]   [10,10,20] (20)   125.096
[90,60]   [10,10,20] (25)   133.345
[90,60]   [10,10,20] (30)   141.798
[90,60]   [10,20,5] (0)   9487.77
[90,60]   [10,20,5] (5)   9583.27
[90,60]   [10,20,5] (10)   9527.27
[90,60]   [10,20,5] (15)   9589.06
[90,60]   [10,20,5] (20)   9472.1
[90,60]   [10,20,5] (25)   8811.36
[90,60]   [10,20,5] (30)   7234.56
[90,60]   [10,20,10] (0)   9387.29
[90,60]   [10,20,10] (5)   9431.49
[90,60]   [10,20,10] (10)   9495.13
[90,60]   [10,20,10] (15)   9542.3
[90,60]   [10,20,10] (20)   9384.94
[90,60]   [10,20,10] (25)   9473.97
[90,60]   [10,20,10] (30)   8620.85
[90,60]   [10,20,15] (0)   9477.29
[90,60]   [10,20,15] (5)   9403.17
[90,60]   [10,20,15] (10)   9514.98
[90,60]   [10,20,15] (15)   9434.78
[90,60]   [10,20,15] (20)   9484.73
[90,60]   [10,20,15] (25)   8414.41
[90,60]   [10,20,15] (30)   7534.6
[90,60]   [10,20,20] (0)   9437.11
[90,60]   [10,20,20] (5)   9572.1
[90,60]   [10,20,20] (10)   9454.54
[90,60]   [10,20,20] (15)   9292.25
[90,60]   [10,20,20] (20)   9146.61
[90,60]   [10,20,20] (25)   8474.95
[90,60]   [10,20,20] (30)   7319.96
[90,60]   [10,30,5] (0)   18419.6
[90,60]   [10,30,5] (5)   18486.4
[90,60]   [10,30,5] (10)   18432.6
[90,60]   [10,30,5] (15)   18359.9
[90,60]   [10,30,5] (20)   18310.9
[90,60]   [10,30,5] (25)   18394.3
[90,60]   [10,30,5] (30)   17919.7
[90,60]   [10,30,10] (0)   18399.8
[90,60]   [10,30,10] (5)   18502.4
[90,60]   [10,30,10] (10)   18476.9
[90,60]   [10,30,10] (15)   18416.4
[90,60]   [10,30,10] (20)   18482.5
[90,60]   [10,30,10] (25)   18386.5
[90,60]   [10,30,10] (30)   18469.8
[90,60]   [10,30,15] (0)   18465.6
[90,60]   [10,30,15] (5)   18462
[90,60]   [10,30,15] (10)   18372.7
[90,60]   [10,30,15] (15)   18353.3
[90,60]   [10,30,15] (20)   18409.9
[90,60]   [10,30,15] (25)   18475.8
[90,60]   [10,30,15] (30)   17438.1
[90,60]   [10,30,20] (0)   18467.6
[90,60]   [10,30,20] (5)   18414
[90,60]   [10,30,20] (10)   18372.1
[90,60]   [10,30,20] (15)   18236.1
[90,60]   [10,30,20] (20)   18459.8
[90,60]   [10,30,20] (25)   18518.2
[90,60]   [10,30,20] (30)   18460.9
[90,60]   [10,40,5] (0)   28683.9
[90,60]   [10,40,5] (5)   28794.7
[90,60]   [10,40,5] (10)   28825.9
[90,60]   [10,40,5] (15)   28836.7
[90,60]   [10,40,5] (20)   28818.6
[90,60]   [10,40,5] (25)   28601.5
[90,60]   [10,40,5] (30)   28690.8
[90,60]   [10,40,10] (0)   28829
[90,60]   [10,40,10] (5)   28812.7
[90,60]   [10,40,10] (10)   28857.2
[90,60]   [10,40,10] (15)   28798.9
[90,60]   [10,40,10] (20)   28795.3
[90,60]   [10,40,10] (25)   28752.3
[90,60]   [10,40,10] (30)   28575.4
[90,60]   [10,40,15] (0)   28832.4
[90,60]   [10,40,15] (5)   28788.6
[90,60]   [10,40,15] (10)   28920.8
[90,60]   [10,40,15] (15)   28890.2
[90,60]   [10,40,15] (20)   28578.2
[90,60]   [10,40,15] (25)   28680.8
[90,60]   [10,40,15] (30)   28591.1
[90,60]   [10,40,20] (0)   28762.3
[90,60]   [10,40,20] (5)   28850.8
[90,60]   [10,40,20] (10)   28811.5
[90,60]   [10,40,20] (15)   28727.3
[90,60]   [10,40,20] (20)   28886
[90,60]   [10,40,20] (25)   28807.5
[90,60]   [10,40,20] (30)   28880.4
[90,60]   [10,50,5] (0)   38063.1
[90,60]   [10,50,5] (5)   38024
[90,60]   [10,50,5] (10)   38077.9
[90,60]   [10,50,5] (15)   38015.8
[90,60]   [10,50,5] (20)   38083.6
[90,60]   [10,50,5] (25)   38037.6
[90,60]   [10,50,5] (30)   38055.2
[90,60]   [10,50,10] (0)   38065.3
[90,60]   [10,50,10] (5)   38035.1
[90,60]   [10,50,10] (10)   38050.1
[90,60]   [10,50,10] (15)   38130.7
[90,60]   [10,50,10] (20)   38065.6
[90,60]   [10,50,10] (25)   38062.8
[90,60]   [10,50,10] (30)   38058.6
[90,60]   [10,50,15] (0)   38060.8
[90,60]   [10,50,15] (5)   38062.3
[90,60]   [10,50,15] (10)   38015.6
[90,60]   [10,50,15] (15)   38089.7
[90,60]   [10,50,15] (20)   38015.6
[90,60]   [10,50,15] (25)   38020.2
[90,60]   [10,50,15] (30)   38010
[90,60]   [10,50,20] (0)   38098.6
[90,60]   [10,50,20] (5)   38075.9
[90,60]   [10,50,20] (10)   38039.2
[90,60]   [10,50,20] (15)   38022.7
[90,60]   [10,50,20] (20)   38092
[90,60]   [10,50,20] (25)   38043.7
[90,60]   [10,50,20] (30)   38055.3
[90,60]   [10,60,5] (0)   43557.5
[90,60]   [10,60,5] (5)   43469.9
[90,60]   [10,60,5] (10)   43439.7
[90,60]   [10,60,5] (15)   43493
[90,60]   [10,60,5] (20)   43525.9
[90,60]   [10,60,5] (25)   43532.8
[90,60]   [10,60,5] (30)   43477.2
[90,60]   [10,60,10] (0)   43471.5
[90,60]   [10,60,10] (5)   43487.3
[90,60]   [10,60,10] (10)   43498.7
[90,60]   [10,60,10] (15)   43497.3
[90,60]   [10,60,10] (20)   43463.1
[90,60]   [10,60,10] (25)   43455.4
[90,60]   [10,60,10] (30)   43520.3
[90,60]   [10,60,15] (0)   43450.4
[90,60]   [10,60,15] (5)   43531.3
[90,60]   [10,60,15] (10)   43548.1
[90,60]   [10,60,15] (15)   43561.7
[90,60]   [10,60,15] (20)   43558.2
[90,60]   [10,60,15] (25)   43506.2
[90,60]   [10,60,15] (30)   43602.1
[90,60]   [10,60,20] (0)   43489.7
[90,60]   [10,60,20] (5)   43478.1
[90,60]   [10,60,20] (10)   43492
[90,60]   [10,60,20] (15)   43541.4
[90,60]   [10,60,20] (20)   43554.2
[90,60]   [10,60,20] (25)   43524.2
[90,60]   [10,60,20] (30)   43479.6
[90,60]   [20,10,5] (0)   8331.37
[90,60]   [20,10,5] (5)   2004.38
[90,60]   [20,10,5] (10)   79.1173
[90,60]   [20,10,5] (15)   78.6663
[90,60]   [20,10,5] (20)   87.5171
[90,60]   [20,10,5] (25)   97.1463
[90,60]   [20,10,5] (30)   107.175
[90,60]   [20,10,10] (0)   8225.21
[90,60]   [20,10,10] (5)   1631.63
[90,60]   [20,10,10] (10)   100.278
[90,60]   [20,10,10] (15)   102.317
[90,60]   [20,10,10] (20)   110.251
[90,60]   [20,10,10] (25)   118.624
[90,60]   [20,10,10] (30)   126.818
[90,60]   [20,10,15] (0)   8316.09
[90,60]   [20,10,15] (5)   137.911
[90,60]   [20,10,15] (10)   104.546
[90,60]   [20,10,15] (15)   109.703
[90,60]   [20,10,15] (20)   117.203
[90,60]   [20,10,15] (25)   125.512
[90,60]   [20,10,15] (30)   133.692
[90,60]   [20,10,20] (0)   8272.13
[90,60]   [20,10,20] (5)   152.13
[90,60]   [20,10,20] (10)   117.689
[90,60]   [20,10,20] (15)   122.984
[90,60]   [20,10,20] (20)   130.607
[90,60]   [20,10,20] (25)   138.577
[90,60]   [20,10,20] (30)   146.358
[90,60]   [20,20,5] (0)   144.831
[90,60]   [20,20,5] (5)   146.146
[90,60]   [20,20,5] (10)   132.562
[90,60]   [20,20,5] (15)   118.151
[90,60]   [20,20,5] (20)   122.689
[90,60]   [20,20,5] (25)   132.408
[90,60]   [20,20,5] (30)   139.915
[90,60]   [20,20,10] (0)   146.913
[90,60]   [20,20,10] (5)   147.672
[90,60]   [20,20,10] (10)   137.74
[90,60]   [20,20,10] (15)   132.837
[90,60]   [20,20,10] (20)   139.563
[90,60]   [20,20,10] (25)   146.989
[90,60]   [20,20,10] (30)   155.568
[90,60]   [20,20,15] (0)   148.035
[90,60]   [20,20,15] (5)   145.038
[90,60]   [20,20,15] (10)   134.172
[90,60]   [20,20,15] (15)   134.192
[90,60]   [20,20,15] (20)   141.583
[90,60]   [20,20,15] (25)   149.314
[90,60]   [20,20,15] (30)   157.256
[90,60]   [20,20,20] (0)   148.709
[90,60]   [20,20,20] (5)   145.881
[90,60]   [20,20,20] (10)   140.371
[90,60]   [20,20,20] (15)   144.59
[90,60]   [20,20,20] (20)   151.62
[90,60]   [20,20,20] (25)   159.057
[90,60]   [20,20,20] (30)   167.311
[90,60]   [20,30,5] (0)   6963.39
[90,60]   [20,30,5] (5)   6888.03
[90,60]   [20,30,5] (10)   6895.94
[90,60]   [20,30,5] (15)   6835.72
[90,60]   [20,30,5] (20)   6970.62
[90,60]   [20,30,5] (25)   7020.03
[90,60]   [20,30,5] (30)   5918.66
[90,60]   [20,30,10] (0)   6891.64
[90,60]   [20,30,10] (5)   6866.2
[90,60]   [20,30,10] (10)   6875.81
[90,60]   [20,30,10] (15)   6833.01
[90,60]   [20,30,10] (20)   6834.31
[90,60]   [20,30,10] (25)   6752.71
[90,60]   [20,30,10] (30)   6456.99
[90,60]   [20,30,15] (0)   6859.09
[90,60]   [20,30,15] (5)   6770.49
[90,60]   [20,30,15] (10)   6847.91
[90,60]   [20,30,15] (15)   6831.71
[90,60]   [20,30,15] (20)   6896.44
[90,60]   [20,30,15] (25)   6610.52
[90,60]   [20,30,15] (30)   5191.73
[90,60]   [20,30,20] (0)   6834.11
[90,60]   [20,30,20] (5)   6861.71
[90,60]   [20,30,20] (10)   6867.94
[90,60]   [20,30,20] (15)   6950.71
[90,60]   [20,30,20] (20)   6977.7
[90,60]   [20,30,20] (25)   7008.65
[90,60]   [20,30,20] (30)   6366.56
[90,60]   [20,40,5] (0)   17110.9
[90,60]   [20,40,5] (5)   16889.5
[90,60]   [20,40,5] (10)   17219.2
[90,60]   [20,40,5] (15)   17066.1
[90,60]   [20,40,5] (20)   17173.7
[90,60]   [20,40,5] (25)   16873.2
[90,60]   [20,40,5] (30)   16959.3
[90,60]   [20,40,10] (0)   17068.4
[90,60]   [20,40,10] (5)   16878.7
[90,60]   [20,40,10] (10)   17235.7
[90,60]   [20,40,10] (15)   17322.4
[90,60]   [20,40,10] (20)   17163.1
[90,60]   [20,40,10] (25)   17248.5
[90,60]   [20,40,10] (30)   16779.5
[90,60]   [20,40,15] (0)   17128.8
[90,60]   [20,40,15] (5)   17028
[90,60]   [20,40,15] (10)   17122.3
[90,60]   [20,40,15] (15)   17210.2
[90,60]   [20,40,15] (20)   17254.2
[90,60]   [20,40,15] (25)   17096
[90,60]   [20,40,15] (30)   17175
[90,60]   [20,40,20] (0)   17099.1
[90,60]   [20,40,20] (5)   17056.5
[90,60]   [20,40,20] (10)   17082.9
[90,60]   [20,40,20] (15)   17106.1
[90,60]   [20,40,20] (20)   17129.7
[90,60]   [20,40,20] (25)   17185.6
[90,60]   [20,40,20] (30)   17198.3
[90,60]   [20,50,5] (0)   24178.7
[90,60]   [20,50,5] (5)   24028.6
[90,60]   [20,50,5] (10)   24182.8
[90,60]   [20,50,5] (15)   24103.5
[90,60]   [20,50,5] (20)   24315.6
[90,60]   [20,50,5] (25)   24319.2
[90,60]   [20,50,5] (30)   24134.6
[90,60]   [20,50,10] (0)   24354.2
[90,60]   [20,50,10] (5)   24179.6
[90,60]   [20,50,10] (10)   24270.5
[90,60]   [20,50,10] (15)   24110.2
[90,60]   [20,50,10] (20)   23860.2
[90,60]   [20,50,10] (25)   24096.5
[90,60]   [20,50,10] (30)   24291.2
[90,60]   [20,50,15] (0)   24331.3
[90,60]   [20,50,15] (5)   24226.6
[90,60]   [20,50,15] (10)   24026.8
[90,60]   [20,50,15] (15)   24281.4
[90,60]   [20,50,15] (20)   24226.6
[90,60]   [20,50,15] (25)   24242.6
[90,60]   [20,50,15] (30)   24239
[90,60]   [20,50,20] (0)   24090.7
[90,60]   [20,50,20] (5)   24194.2
[90,60]   [20,50,20] (10)   24203.5
[90,60]   [20,50,20] (15)   24316.6
[90,60]   [20,50,20] (20)   24274.3
[90,60]   [20,50,20] (25)   24195
[90,60]   [20,50,20] (30)   24200.9
[90,60]   [20,60,5] (0)   31908.1
[90,60]   [20,60,5] (5)   31903.8
[90,60]   [20,60,5] (10)   31995.8
[90,60]   [20,60,5] (15)   32017.1
[90,60]   [20,60,5] (20)   31803.2
[90,60]   [20,60,5] (25)   31930.7
[90,60]   [20,60,5] (30)   31761.2
[90,60]   [20,60,10] (0)   31895.6
[90,60]   [20,60,10] (5)   31904.2
[90,60]   [20,60,10] (10)   31888.7
[90,60]   [20,60,10] (15)   31947.9
[90,60]   [20,60,10] (20)   31885.6
[90,60]   [20,60,10] (25)   31974.5
[90,60]   [20,60,10] (30)   31954.7
[90,60]   [20,60,15] (0)   31955.4
[90,60]   [20,60,15] (5)   31992.9
[90,60]   [20,60,15] (10)   31914.8
[90,60]   [20,60,15] (15)   31947
[90,60]   [20,60,15] (20)   31949.9
[90,60]   [20,60,15] (25)   31933.8
[90,60]   [20,60,15] (30)   31957.5
[90,60]   [20,60,20] (0)   32029.9
[90,60]   [20,60,20] (5)   31938.8
[90,60]   [20,60,20] (10)   31959.4
[90,60]   [20,60,20] (15)   31972.4
[90,60]   [20,60,20] (20)   31801.5
[90,60]   [20,60,20] (25)   31956.7
[90,60]   [20,60,20] (30)   31967
[90,60]   [30,10,5] (0)   14807.8
[90,60]   [30,10,5] (5)   7900.87
[90,60]   [30,10,5] (10)   98.1425
[90,60]   [30,10,5] (15)   85.9319
[90,60]   [30,10,5] (20)   87.9538
[90,60]   [30,10,5] (25)   94.5058
[90,60]   [30,10,5] (30)   104.577
[90,60]   [30,10,10] (0)   14852.5
[90,60]   [30,10,10] (5)   7803.55
[90,60]   [30,10,10] (10)   134.967
[90,60]   [30,10,10] (15)   109.633
[90,60]   [30,10,10] (20)   110.087
[90,60]   [30,10,10] (25)   116.528
[90,60]   [30,10,10] (30)   124.955
[90,60]   [30,10,15] (0)   14822.9
[90,60]   [30,10,15] (5)   3780.45
[90,60]   [30,10,15] (10)   118.84
[90,60]   [30,10,15] (15)   117.159
[90,60]   [30,10,15] (20)   119.398
[90,60]   [30,10,15] (25)   126.439
[90,60]   [30,10,15] (30)   134.748
[90,60]   [30,10,20] (0)   15005.2
[90,60]   [30,10,20] (5)   3269.4
[90,60]   [30,10,20] (10)   123.808
[90,60]   [30,10,20] (15)   126.833
[90,60]   [30,10,20] (20)   133.463
[90,60]   [30,10,20] (25)   140.19
[90,60]   [30,10,20] (30)   148.106
[90,60]   [30,20,5] (0)   6843.03
[90,60]   [30,20,5] (5)   6891.11
[90,60]   [30,20,5] (10)   4724.36
[90,60]   [30,20,5] (15)   126.45
[90,60]   [30,20,5] (20)   106.479
[90,60]   [30,20,5] (25)   112.479
[90,60]   [30,20,5] (30)   120.994
[90,60]   [30,20,10] (0)   6862.22
[90,60]   [30,20,10] (5)   6915.89
[90,60]   [30,20,10] (10)   5035.62
[90,60]   [30,20,10] (15)   138.926
[90,60]   [30,20,10] (20)   129.606
[90,60]   [30,20,10] (25)   134.343
[90,60]   [30,20,10] (30)   141.931
[90,60]   [30,20,15] (0)   6861.28
[90,60]   [30,20,15] (5)   6919.44
[90,60]   [30,20,15] (10)   3708.38
[90,60]   [30,20,15] (15)   136.704
[90,60]   [30,20,15] (20)   135.643
[90,60]   [30,20,15] (25)   141.304
[90,60]   [30,20,15] (30)   149.526
[90,60]   [30,20,20] (0)   6887.77
[90,60]   [30,20,20] (5)   6920.62
[90,60]   [30,20,20] (10)   3777.3
[90,60]   [30,20,20] (15)   147.084
[90,60]   [30,20,20] (20)   147.501
[90,60]   [30,20,20] (25)   154.031
[90,60]   [30,20,20] (30)   161.912
[90,60]   [30,30,5] (0)   189.863
[90,60]   [30,30,5] (5)   190.563
[90,60]   [30,30,5] (10)   190.137
[90,60]   [30,30,5] (15)   170.213
[90,60]   [30,30,5] (20)   146.503
[90,60]   [30,30,5] (25)   142.105
[90,60]   [30,30,5] (30)   150.393
[90,60]   [30,30,10] (0)   192.05
[90,60]   [30,30,10] (5)   190.168
[90,60]   [30,30,10] (10)   190.875
[90,60]   [30,30,10] (15)   172.948
[90,60]   [30,30,10] (20)   158.915
[90,60]   [30,30,10] (25)   161.632
[90,60]   [30,30,10] (30)   169.947
[90,60]   [30,30,15] (0)   191.605
[90,60]   [30,30,15] (5)   191.54
[90,60]   [30,30,15] (10)   187.81
[90,60]   [30,30,15] (15)   169.761
[90,60]   [30,30,15] (20)   163.396
[90,60]   [30,30,15] (25)   168.505
[90,60]   [30,30,15] (30)   176.425
[90,60]   [30,30,20] (0)   189.393
[90,60]   [30,30,20] (5)   189.582
[90,60]   [30,30,20] (10)   189.575
[90,60]   [30,30,20] (15)   174.068
[90,60]   [30,30,20] (20)   169.235
[90,60]   [30,30,20] (25)   175.475
[90,60]   [30,30,20] (30)   182.922
[90,60]   [30,40,5] (0)   4442.43
[90,60]   [30,40,5] (5)   4352.74
[90,60]   [30,40,5] (10)   4338.1
[90,60]   [30,40,5] (15)   4470.88
[90,60]   [30,40,5] (20)   4544.84
[90,60]   [30,40,5] (25)   4450.01
[90,60]   [30,40,5] (30)   4421.05
[90,60]   [30,40,10] (0)   4323.48
[90,60]   [30,40,10] (5)   4451.33
[90,60]   [30,40,10] (10)   4401.75
[90,60]   [30,40,10] (15)   4340.18
[90,60]   [30,40,10] (20)   4497.46
[90,60]   [30,40,10] (25)   4439.18
[90,60]   [30,40,10] (30)   4454.29
[90,60]   [30,40,15] (0)   4466.78
[90,60]   [30,40,15] (5)   4440.83
[90,60]   [30,40,15] (10)   4407.89
[90,60]   [30,40,15] (15)   4462.09
[90,60]   [30,40,15] (20)   4430.65
[90,60]   [30,40,15] (25)   4519.37
[90,60]   [30,40,15] (30)   4191.43
[90,60]   [30,40,20] (0)   4388.77
[90,60]   [30,40,20] (5)   4509.14
[90,60]   [30,40,20] (10)   4345.29
[90,60]   [30,40,20] (15)   4391.56
[90,60]   [30,40,20] (20)   4415.88
[90,60]   [30,40,20] (25)   4418.47
[90,60]   [30,40,20] (30)   4405.91
[90,60]   [30,50,5] (0)   12543.6
[90,60]   [30,50,5] (5)   12407.8
[90,60]   [30,50,5] (10)   12523.4
[90,60]   [30,50,5] (15)   12459.8
[90,60]   [30,50,5] (20)   12370.2
[90,60]   [30,50,5] (25)   12431
[90,60]   [30,50,5] (30)   12501
[90,60]   [30,50,10] (0)   12379.2
[90,60]   [30,50,10] (5)   12528.9
[90,60]   [30,50,10] (10)   12377.8
[90,60]   [30,50,10] (15)   12491.6
[90,60]   [30,50,10] (20)   12504.4
[90,60]   [30,50,10] (25)   12544.3
[90,60]   [30,50,10] (30)   12424
[90,60]   [30,50,15] (0)   12277
[90,60]   [30,50,15] (5)   12409.1
[90,60]   [30,50,15] (10)   12439.8
[90,60]   [30,50,15] (15)   12333.3
[90,60]   [30,50,15] (20)   12382.1
[90,60]   [30,50,15] (25)   12543.8
[90,60]   [30,50,15] (30)   12265.2
[90,60]   [30,50,20] (0)   12472.4
[90,60]   [30,50,20] (5)   12657
[90,60]   [30,50,20] (10)   12616
[90,60]   [30,50,20] (15)   12582.5
[90,60]   [30,50,20] (20)   12499.8
[90,60]   [30,50,20] (25)   12605.4
[90,60]   [30,50,20] (30)   12544.6
[90,60]   [30,60,5] (0)   25176.1
[90,60]   [30,60,5] (5)   25339.8
[90,60]   [30,60,5] (10)   25225.9
[90,60]   [30,60,5] (15)   25234
[90,60]   [30,60,5] (20)   25162.3
[90,60]   [30,60,5] (25)   25163.2
[90,60]   [30,60,5] (30)   25013.9
[90,60]   [30,60,10] (0)   24891.1
[90,60]   [30,60,10] (5)   25233.4
[90,60]   [30,60,10] (10)   24873.3
[90,60]   [30,60,10] (15)   25025.6
[90,60]   [30,60,10] (20)   24877
[90,60]   [30,60,10] (25)   24864.5
[90,60]   [30,60,10] (30)   24971.1
[90,60]   [30,60,15] (0)   25086.9
[90,60]   [30,60,15] (5)   24943.4
[90,60]   [30,60,15] (10)   25182.3
[90,60]   [30,60,15] (15)   24834.1
[90,60]   [30,60,15] (20)   24932.2
[90,60]   [30,60,15] (25)   25065.7
[90,60]   [30,60,15] (30)   25032.9
[90,60]   [30,60,20] (0)   24872.5
[90,60]   [30,60,20] (5)   25067.7
[90,60]   [30,60,20] (10)   24978.3
[90,60]   [30,60,20] (15)   25023.8
[90,60]   [30,60,20] (20)   25069.1
[90,60]   [30,60,20] (25)   25244.1
[90,60]   [30,60,20] (30)   25233
[90,60]   [40,10,5] (0)   25217.3
[90,60]   [40,10,5] (5)   12971.6
[90,60]   [40,10,5] (10)   159.133
[90,60]   [40,10,5] (15)   99.7646
[90,60]   [40,10,5] (20)   95.8048
[90,60]   [40,10,5] (25)   97.4451
[90,60]   [40,10,5] (30)   102.741
[90,60]   [40,10,10] (0)   25262.2
[90,60]   [40,10,10] (5)   13324.5
[90,60]   [40,10,10] (10)   3851.33
[90,60]   [40,10,10] (15)   127.021
[90,60]   [40,10,10] (20)   119.44
[90,60]   [40,10,10] (25)   119.529
[90,60]   [40,10,10] (30)   124.347
[90,60]   [40,10,15] (0)   25267.3
[90,60]   [40,10,15] (5)   10042.4
[90,60]   [40,10,15] (10)   1630.01
[90,60]   [40,10,15] (15)   131.277
[90,60]   [40,10,15] (20)   126.741
[90,60]   [40,10,15] (25)   129.449
[90,60]   [40,10,15] (30)   135.208
[90,60]   [40,10,20] (0)   25319.1
[90,60]   [40,10,20] (5)   9059.7
[90,60]   [40,10,20] (10)   146.623
[90,60]   [40,10,20] (15)   144.317
[90,60]   [40,10,20] (20)   141.217
[90,60]   [40,10,20] (25)   144.809
[90,60]   [40,10,20] (30)   150.941
[90,60]   [40,20,5] (0)   13781.3
[90,60]   [40,20,5] (5)   13748.1
[90,60]   [40,20,5] (10)   10882.2
[90,60]   [40,20,5] (15)   332.933
[90,60]   [40,20,5] (20)   120.805
[90,60]   [40,20,5] (25)   112.742
[90,60]   [40,20,5] (30)   114.19
[90,60]   [40,20,10] (0)   13821.6
[90,60]   [40,20,10] (5)   13759.9
[90,60]   [40,20,10] (10)   11528.6
[90,60]   [40,20,10] (15)   1925.7
[90,60]   [40,20,10] (20)   141.381
[90,60]   [40,20,10] (25)   134.925
[90,60]   [40,20,10] (30)   137.913
[90,60]   [40,20,15] (0)   13798.1
[90,60]   [40,20,15] (5)   13789.7
[90,60]   [40,20,15] (10)   9988.11
[90,60]   [40,20,15] (15)   161.888
[90,60]   [40,20,15] (20)   143.598
[90,60]   [40,20,15] (25)   141.425
[90,60]   [40,20,15] (30)   146.026
[90,60]   [40,20,20] (0)   13783.7
[90,60]   [40,20,20] (5)   13765.6
[90,60]   [40,20,20] (10)   10137.3
[90,60]   [40,20,20] (15)   162.482
[90,60]   [40,20,20] (20)   153.659
[90,60]   [40,20,20] (25)   156.4
[90,60]   [40,20,20] (30)   162.296
[90,60]   [40,30,5] (0)   5809.97
[90,60]   [40,30,5] (5)   5810.03
[90,60]   [40,30,5] (10)   5737.58
[90,60]   [40,30,5] (15)   4596.36
[90,60]   [40,30,5] (20)   168.162
[90,60]   [40,30,5] (25)   138.722
[90,60]   [40,30,5] (30)   133.45
[90,60]   [40,30,10] (0)   5788.38
[90,60]   [40,30,10] (5)   5810.89
[90,60]   [40,30,10] (10)   5763.88
[90,60]   [40,30,10] (15)   4740.49
[90,60]   [40,30,10] (20)   179.812
[90,60]   [40,30,10] (25)   158.942
[90,60]   [40,30,10] (30)   159.107
[90,60]   [40,30,15] (0)   5841.7
[90,60]   [40,30,15] (5)   5797.6
[90,60]   [40,30,15] (10)   5851.65
[90,60]   [40,30,15] (15)   3929.51
[90,60]   [40,30,15] (20)   171.338
[90,60]   [40,30,15] (25)   163.858
[90,60]   [40,30,15] (30)   166.71
[90,60]   [40,30,20] (0)   5745.74
[90,60]   [40,30,20] (5)   5866.97
[90,60]   [40,30,20] (10)   5847.01
[90,60]   [40,30,20] (15)   3871.05
[90,60]   [40,30,20] (20)   178.469
[90,60]   [40,30,20] (25)   174.497
[90,60]   [40,30,20] (30)   179.442
[90,60]   [40,40,5] (0)   215.838
[90,60]   [40,40,5] (5)   214.538
[90,60]   [40,40,5] (10)   215.544
[90,60]   [40,40,5] (15)   220.756
[90,60]   [40,40,5] (20)   214.318
[90,60]   [40,40,5] (25)   190.882
[90,60]   [40,40,5] (30)   175.659
[90,60]   [40,40,10] (0)   215.627
[90,60]   [40,40,10] (5)   216.791
[90,60]   [40,40,10] (10)   215.062
[90,60]   [40,40,10] (15)   216.827
[90,60]   [40,40,10] (20)   211.886
[90,60]   [40,40,10] (25)   195.325
[90,60]   [40,40,10] (30)   192.219
[90,60]   [40,40,15] (0)   216.182
[90,60]   [40,40,15] (5)   217.335
[90,60]   [40,40,15] (10)   214.608
[90,60]   [40,40,15] (15)   218.125
[90,60]   [40,40,15] (20)   212.321
[90,60]   [40,40,15] (25)   194.068
[90,60]   [40,40,15] (30)   194.84
[90,60]   [40,40,20] (0)   215.253
[90,60]   [40,40,20] (5)   216.57
[90,60]   [40,40,20] (10)   216.169
[90,60]   [40,40,20] (15)   214.548
[90,60]   [40,40,20] (20)   209.989
[90,60]   [40,40,20] (25)   199.468
[90,60]   [40,40,20] (30)   203.603
[90,60]   [40,50,5] (0)   2815.31
[90,60]   [40,50,5] (5)   2840.61
[90,60]   [40,50,5] (10)   2968.2
[90,60]   [40,50,5] (15)   3026.39
[90,60]   [40,50,5] (20)   2967.22
[90,60]   [40,50,5] (25)   3066.07
[90,60]   [40,50,5] (30)   2991.79
[90,60]   [40,50,10] (0)   3026.46
[90,60]   [40,50,10] (5)   2967.05
[90,60]   [40,50,10] (10)   2999.32
[90,60]   [40,50,10] (15)   2960.91
[90,60]   [40,50,10] (20)   2975.32
[90,60]   [40,50,10] (25)   3013.26
[90,60]   [40,50,10] (30)   3117.89
[90,60]   [40,50,15] (0)   3009.55
[90,60]   [40,50,15] (5)   2985.79
[90,60]   [40,50,15] (10)   2986.22
[90,60]   [40,50,15] (15)   3016.8
[90,60]   [40,50,15] (20)   2938.75
[90,60]   [40,50,15] (25)   2941.3
[90,60]   [40,50,15] (30)   2939.48
[90,60]   [40,50,20] (0)   2970.57
[90,60]   [40,50,20] (5)   2973.48
[90,60]   [40,50,20] (10)   3009.94
[90,60]   [40,50,20] (15)   3074.31
[90,60]   [40,50,20] (20)   2966.93
[90,60]   [40,50,20] (25)   3007.67
[90,60]   [40,50,20] (30)   2956.26
[90,60]   [40,60,5] (0)   12542.1
[90,60]   [40,60,5] (5)   12817.4
[90,60]   [40,60,5] (10)   12905.4
[90,60]   [40,60,5] (15)   12766.9
[90,60]   [40,60,5] (20)   12715.6
[90,60]   [40,60,5] (25)   12866.5
[90,60]   [40,60,5] (30)   12841
[90,60]   [40,60,10] (0)   12706.4
[90,60]   [40,60,10] (5)   12828.5
[90,60]   [40,60,10] (10)   12945.2
[90,60]   [40,60,10] (15)   13073.6
[90,60]   [40,60,10] (20)   12870.5
[90,60]   [40,60,10] (25)   12901.2
[90,60]   [40,60,10] (30)   12775.6
[90,60]   [40,60,15] (0)   12865.3
[90,60]   [40,60,15] (5)   12931.6
[90,60]   [40,60,15] (10)   12876.6
[90,60]   [40,60,15] (15)   12865
[90,60]   [40,60,15] (20)   12837.3
[90,60]   [40,60,15] (25)   12769.8
[90,60]   [40,60,15] (30)   12782.9
[90,60]   [40,60,20] (0)   13048.3
[90,60]   [40,60,20] (5)   12809
[90,60]   [40,60,20] (10)   12709.4
[90,60]   [40,60,20] (15)   12828.6
[90,60]   [40,60,20] (20)   12746.5
[90,60]   [40,60,20] (25)   12863.1
[90,60]   [40,60,20] (30)   12942.5
[90,60]   [50,10,5] (0)   28625.6
[90,60]   [50,10,5] (5)   18335.4
[90,60]   [50,10,5] (10)   3450.45
[90,60]   [50,10,5] (15)   114.713
[90,60]   [50,10,5] (20)   105.142
[90,60]   [50,10,5] (25)   105.024
[90,60]   [50,10,5] (30)   107.86
[90,60]   [50,10,10] (0)   29087.4
[90,60]   [50,10,10] (5)   19091.8
[90,60]   [50,10,10] (10)   8795.47
[90,60]   [50,10,10] (15)   2099.6
[90,60]   [50,10,10] (20)   136.547
[90,60]   [50,10,10] (25)   130.449
[90,60]   [50,10,10] (30)   128.889
[90,60]   [50,10,15] (0)   28745.8
[90,60]   [50,10,15] (5)   15792.3
[90,60]   [50,10,15] (10)   6729.42
[90,60]   [50,10,15] (15)   313.862
[90,60]   [50,10,15] (20)   141.423
[90,60]   [50,10,15] (25)   138.733
[90,60]   [50,10,15] (30)   138.217
[90,60]   [50,10,20] (0)   28641.3
[90,60]   [50,10,20] (5)   14943.4
[90,60]   [50,10,20] (10)   4440.02
[90,60]   [50,10,20] (15)   2590.11
[90,60]   [50,10,20] (20)   154.427
[90,60]   [50,10,20] (25)   152.932
[90,60]   [50,10,20] (30)   155.351
[90,60]   [50,20,5] (0)   19396.1
[90,60]   [50,20,5] (5)   19360.1
[90,60]   [50,20,5] (10)   16298.3
[90,60]   [50,20,5] (15)   4431.18
[90,60]   [50,20,5] (20)   141.173
[90,60]   [50,20,5] (25)   122.776
[90,60]   [50,20,5] (30)   118.105
[90,60]   [50,20,10] (0)   19290.7
[90,60]   [50,20,10] (5)   19347.3
[90,60]   [50,20,10] (10)   17211.8
[90,60]   [50,20,10] (15)   7160.1
[90,60]   [50,20,10] (20)   725.152
[90,60]   [50,20,10] (25)   150.071
[90,60]   [50,20,10] (30)   143.442
[90,60]   [50,20,15] (0)   19294.9
[90,60]   [50,20,15] (5)   19340.1
[90,60]   [50,20,15] (10)   15265.4
[90,60]   [50,20,15] (15)   3845.91
[90,60]   [50,20,15] (20)   189.126
[90,60]   [50,20,15] (25)   152.056
[90,60]   [50,20,15] (30)   150.9
[90,60]   [50,20,20] (0)   19358.7
[90,60]   [50,20,20] (5)   19301.8
[90,60]   [50,20,20] (10)   15733.6
[90,60]   [50,20,20] (15)   1561.92
[90,60]   [50,20,20] (20)   179.598
[90,60]   [50,20,20] (25)   166.736
[90,60]   [50,20,20] (30)   165.203
[90,60]   [50,30,5] (0)   12368.5
[90,60]   [50,30,5] (5)   12367.1
[90,60]   [50,30,5] (10)   12313.3
[90,60]   [50,30,5] (15)   10674.3
[90,60]   [50,30,5] (20)   2050.58
[90,60]   [50,30,5] (25)   155.969
[90,60]   [50,30,5] (30)   137.8
[90,60]   [50,30,10] (0)   12355.5
[90,60]   [50,30,10] (5)   12382.9
[90,60]   [50,30,10] (10)   12292.2
[90,60]   [50,30,10] (15)   11114.8
[90,60]   [50,30,10] (20)   3691.66
[90,60]   [50,30,10] (25)   181.068
[90,60]   [50,30,10] (30)   162.559
[90,60]   [50,30,15] (0)   12374
[90,60]   [50,30,15] (5)   12236.5
[90,60]   [50,30,15] (10)   12200.8
[90,60]   [50,30,15] (15)   10010.9
[90,60]   [50,30,15] (20)   780.163
[90,60]   [50,30,15] (25)   175.723
[90,60]   [50,30,15] (30)   166.748
[90,60]   [50,30,20] (0)   12306.7
[90,60]   [50,30,20] (5)   12353
[90,60]   [50,30,20] (10)   12296.4
[90,60]   [50,30,20] (15)   10305.8
[90,60]   [50,30,20] (20)   262.329
[90,60]   [50,30,20] (25)   179.282
[90,60]   [50,30,20] (30)   178.723
[90,60]   [50,40,5] (0)   6464.19
[90,60]   [50,40,5] (5)   6469.5
[90,60]   [50,40,5] (10)   6492.9
[90,60]   [50,40,5] (15)   6485.46
[90,60]   [50,40,5] (20)   5453.18
[90,60]   [50,40,5] (25)   1145.86
[90,60]   [50,40,5] (30)   178.692
[90,60]   [50,40,10] (0)   6493.81
[90,60]   [50,40,10] (5)   6493.69
[90,60]   [50,40,10] (10)   6434.56
[90,60]   [50,40,10] (15)   6373.83
[90,60]   [50,40,10] (20)   5363.28
[90,60]   [50,40,10] (25)   1497.56
[90,60]   [50,40,10] (30)   196.088
[90,60]   [50,40,15] (0)   6415.41
[90,60]   [50,40,15] (5)   6499.84
[90,60]   [50,40,15] (10)   6469.24
[90,60]   [50,40,15] (15)   6329.14
[90,60]   [50,40,15] (20)   5054.07
[90,60]   [50,40,15] (25)   252.873
[90,60]   [50,40,15] (30)   193.619
[90,60]   [50,40,20] (0)   6464.93
[90,60]   [50,40,20] (5)   6409.96
[90,60]   [50,40,20] (10)   6448.24
[90,60]   [50,40,20] (15)   6549.37
[90,60]   [50,40,20] (20)   4903.61
[90,60]   [50,40,20] (25)   249.731
[90,60]   [50,40,20] (30)   202.738
[90,60]   [50,50,5] (0)   1876.8
[90,60]   [50,50,5] (5)   1851.34
[90,60]   [50,50,5] (10)   1889.98
[90,60]   [50,50,5] (15)   1897.18
[90,60]   [50,50,5] (20)   1949.7
[90,60]   [50,50,5] (25)   1112.78
[90,60]   [50,50,5] (30)   230.506
[90,60]   [50,50,10] (0)   1727.53
[90,60]   [50,50,10] (5)   1826.1
[90,60]   [50,50,10] (10)   1874.01
[90,60]   [50,50,10] (15)   1756.27
[90,60]   [50,50,10] (20)   1842.58
[90,60]   [50,50,10] (25)   845.234
[90,60]   [50,50,10] (30)   232.864
[90,60]   [50,50,15] (0)   1839.46
[90,60]   [50,50,15] (5)   1830.76
[90,60]   [50,50,15] (10)   1791.59
[90,60]   [50,50,15] (15)   1911.21
[90,60]   [50,50,15] (20)   1800.79
[90,60]   [50,50,15] (25)   891.247
[90,60]   [50,50,15] (30)   226.695
[90,60]   [50,50,20] (0)   1812.66
[90,60]   [50,50,20] (5)   1890.61
[90,60]   [50,50,20] (10)   1812
[90,60]   [50,50,20] (15)   1773.03
[90,60]   [50,50,20] (20)   1782.24
[90,60]   [50,50,20] (25)   723.076
[90,60]   [50,50,20] (30)   232.458
[90,60]   [50,60,5] (0)   1810.16
[90,60]   [50,60,5] (5)   1822.5
[90,60]   [50,60,5] (10)   1842.2
[90,60]   [50,60,5] (15)   1992.74
[90,60]   [50,60,5] (20)   1662.77
[90,60]   [50,60,5] (25)   1868.36
[90,60]   [50,60,5] (30)   1834.05
[90,60]   [50,60,10] (0)   1750.85
[90,60]   [50,60,10] (5)   1830.68
[90,60]   [50,60,10] (10)   1807.32
[90,60]   [50,60,10] (15)   1905.17
[90,60]   [50,60,10] (20)   1858.67
[90,60]   [50,60,10] (25)   1756.24
[90,60]   [50,60,10] (30)   1820.91
[90,60]   [50,60,15] (0)   1851.65
[90,60]   [50,60,15] (5)   1805.14
[90,60]   [50,60,15] (10)   1779.45
[90,60]   [50,60,15] (15)   1801.19
[90,60]   [50,60,15] (20)   1927.99
[90,60]   [50,60,15] (25)   1677.62
[90,60]   [50,60,15] (30)   1608.72
[90,60]   [50,60,20] (0)   1755.51
[90,60]   [50,60,20] (5)   1893.05
[90,60]   [50,60,20] (10)   1646.51
[90,60]   [50,60,20] (15)   1640.1
[90,60]   [50,60,20] (20)   1754.89
[90,60]   [50,60,20] (25)   1852.37
[90,60]   [50,60,20] (30)   1745.33
[90,60]   [60,10,5] (0)   32069
[90,60]   [60,10,5] (5)   22742.4
[90,60]   [60,10,5] (10)   6241.39
[90,60]   [60,10,5] (15)   147.259
[90,60]   [60,10,5] (20)   114.007
[90,60]   [60,10,5] (25)   111.449
[90,60]   [60,10,5] (30)   113.309
[90,60]   [60,10,10] (0)   32438.8
[90,60]   [60,10,10] (5)   23980.7
[90,60]   [60,10,10] (10)   12692.9
[90,60]   [60,10,10] (15)   5489.03
[90,60]   [60,10,10] (20)   710.337
[90,60]   [60,10,10] (25)   143.912
[90,60]   [60,10,10] (30)   137.878
[90,60]   [60,10,15] (0)   32246.5
[90,60]   [60,10,15] (5)   19206.1
[90,60]   [60,10,15] (10)   10739.2
[90,60]   [60,10,15] (15)   3808.02
[90,60]   [60,10,15] (20)   177.802
[90,60]   [60,10,15] (25)   149.915
[90,60]   [60,10,15] (30)   146.331
[90,60]   [60,10,20] (0)   32111.6
[90,60]   [60,10,20] (5)   19554.3
[90,60]   [60,10,20] (10)   8435.61
[90,60]   [60,10,20] (15)   7192.63
[90,60]   [60,10,20] (20)   197.689
[90,60]   [60,10,20] (25)   165.169
[90,60]   [60,10,20] (30)   163.875
[90,60]   [60,20,5] (0)   24555.4
[90,60]   [60,20,5] (5)   24542.2
[90,60]   [60,20,5] (10)   21194.8
[90,60]   [60,20,5] (15)   7831.91
[90,60]   [60,20,5] (20)   192.11
[90,60]   [60,20,5] (25)   133.211
[90,60]   [60,20,5] (30)   124.809
[90,60]   [60,20,10] (0)   24659.7
[90,60]   [60,20,10] (5)   24551.8
[90,60]   [60,20,10] (10)   21987.4
[90,60]   [60,20,10] (15)   11611.1
[90,60]   [60,20,10] (20)   4451.06
[90,60]   [60,20,10] (25)   199.032
[90,60]   [60,20,10] (30)   156.461
[90,60]   [60,20,15] (0)   24477.1
[90,60]   [60,20,15] (5)   24462.7
[90,60]   [60,20,15] (10)   20487.6
[90,60]   [60,20,15] (15)   8137.37
[90,60]   [60,20,15] (20)   3076.72
[90,60]   [60,20,15] (25)   170.737
[90,60]   [60,20,15] (30)   160.531
[90,60]   [60,20,20] (0)   24587.9
[90,60]   [60,20,20] (5)   24555.1
[90,60]   [60,20,20] (10)   21034.3
[90,60]   [60,20,20] (15)   6242.92
[90,60]   [60,20,20] (20)   3679.28
[90,60]   [60,20,20] (25)   200.68
[90,60]   [60,20,20] (30)   172.737
[90,60]   [60,30,5] (0)   21597.5
[90,60]   [60,30,5] (5)   21441.6
[90,60]   [60,30,5] (10)   20418.6
[90,60]   [60,30,5] (15)   15531.7
[90,60]   [60,30,5] (20)   5729.16
[90,60]   [60,30,5] (25)   177.97
[90,60]   [60,30,5] (30)   146.831
[90,60]   [60,30,10] (0)   21498.1
[90,60]   [60,30,10] (5)   21552.4
[90,60]   [60,30,10] (10)   21360
[90,60]   [60,30,10] (15)   16350.1
[90,60]   [60,30,10] (20)   8197.56
[90,60]   [60,30,10] (25)   1666.69
[90,60]   [60,30,10] (30)   179.43
[90,60]   [60,30,15] (0)   21601.8
[90,60]   [60,30,15] (5)   21594
[90,60]   [60,30,15] (10)   20434.7
[90,60]   [60,30,15] (15)   16240.1
[90,60]   [60,30,15] (20)   5906.37
[90,60]   [60,30,15] (25)   359.327
[90,60]   [60,30,15] (30)   181.696
[90,60]   [60,30,20] (0)   21542.4
[90,60]   [60,30,20] (5)   21560.3
[90,60]   [60,30,20] (10)   21343
[90,60]   [60,30,20] (15)   15657.9
[90,60]   [60,30,20] (20)   3735.1
[90,60]   [60,30,20] (25)   218.201
[90,60]   [60,30,20] (30)   192.495
[90,60]   [60,40,5] (0)   11649.2
[90,60]   [60,40,5] (5)   11663.9
[90,60]   [60,40,5] (10)   11717.4
[90,60]   [60,40,5] (15)   12038.2
[90,60]   [60,40,5] (20)   10871
[90,60]   [60,40,5] (25)   5224.35
[90,60]   [60,40,5] (30)   201.968
[90,60]   [60,40,10] (0)   11714.1
[90,60]   [60,40,10] (5)   11734.5
[90,60]   [60,40,10] (10)   11649.8
[90,60]   [60,40,10] (15)   11666.4
[90,60]   [60,40,10] (20)   11180
[90,60]   [60,40,10] (25)   6351.82
[90,60]   [60,40,10] (30)   362.68
[90,60]   [60,40,15] (0)   11790.5
[90,60]   [60,40,15] (5)   11744.2
[90,60]   [60,40,15] (10)   11714.8
[90,60]   [60,40,15] (15)   11542.5
[90,60]   [60,40,15] (20)   10641.6
[90,60]   [60,40,15] (25)   4105.33
[90,60]   [60,40,15] (30)   212.574
[90,60]   [60,40,20] (0)   11679.2
[90,60]   [60,40,20] (5)   11655.7
[90,60]   [60,40,20] (10)   11735.3
[90,60]   [60,40,20] (15)   11714.3
[90,60]   [60,40,20] (20)   10794.6
[90,60]   [60,40,20] (25)   3623.23
[90,60]   [60,40,20] (30)   213.879
[90,60]   [60,50,5] (0)   6209.36
[90,60]   [60,50,5] (5)   6277.52
[90,60]   [60,50,5] (10)   6326.1
[90,60]   [60,50,5] (15)   6200.49
[90,60]   [60,50,5] (20)   6319.7
[90,60]   [60,50,5] (25)   5992.92
[90,60]   [60,50,5] (30)   2862.21
[90,60]   [60,50,10] (0)   6198.59
[90,60]   [60,50,10] (5)   6196.37
[90,60]   [60,50,10] (10)   6371.38
[90,60]   [60,50,10] (15)   6276.48
[90,60]   [60,50,10] (20)   6313.59
[90,60]   [60,50,10] (25)   5999.03
[90,60]   [60,50,10] (30)   3317.11
[90,60]   [60,50,15] (0)   6302.64
[90,60]   [60,50,15] (5)   6177.45
[90,60]   [60,50,15] (10)   6253.49
[90,60]   [60,50,15] (15)   6250.35
[90,60]   [60,50,15] (20)   6203.95
[90,60]   [60,50,15] (25)   5813.78
[90,60]   [60,50,15] (30)   1936.43
[90,60]   [60,50,20] (0)   6204.91
[90,60]   [60,50,20] (5)   6311.18
[90,60]   [60,50,20] (10)   6261.91
[90,60]   [60,50,20] (15)   6290.44
[90,60]   [60,50,20] (20)   6151.64
[90,60]   [60,50,20] (25)   5872.04
[90,60]   [60,50,20] (30)   1466.38
[90,60]   [60,60,5] (0)   1388.47
[90,60]   [60,60,5] (5)   1307.72
[90,60]   [60,60,5] (10)   1290.32
[90,60]   [60,60,5] (15)   1374.31
[90,60]   [60,60,5] (20)   1264.86
[90,60]   [60,60,5] (25)   1253.49
[90,60]   [60,60,5] (30)   1123.63
[90,60]   [60,60,10] (0)   1386.57
[90,60]   [60,60,10] (5)   1341.83
[90,60]   [60,60,10] (10)   1335.54
[90,60]   [60,60,10] (15)   1358.97
[90,60]   [60,60,10] (20)   1332.36
[90,60]   [60,60,10] (25)   1238.39
[90,60]   [60,60,10] (30)   1153.95
[90,60]   [60,60,15] (0)   1339
[90,60]   [60,60,15] (5)   1348.96
[90,60]   [60,60,15] (10)   1244.5
[90,60]   [60,60,15] (15)   1308.18
[90,60]   [60,60,15] (20)   1289.44
[90,60]   [60,60,15] (25)   1240.81
[90,60]   [60,60,15] (30)   842.506
[90,60]   [60,60,20] (0)   1289.22
[90,60]   [60,60,20] (5)   1332.62
[90,60]   [60,60,20] (10)   1256.05
[90,60]   [60,60,20] (15)   1166.05
[90,60]   [60,60,20] (20)   1363.32
[90,60]   [60,60,20] (25)   1259.17
[90,60]   [60,60,20] (30)   1053.49
