[80,60]   [10,10,5] (0)   106.792
[80,60]   [10,10,5] (5)   81.6716
[80,60]   [10,10,5] (10)   76.347
[80,60]   [10,10,5] (15)   86.1591
[80,60]   [10,10,5] (20)   95.9703
[80,60]   [10,10,5] (25)   105.812
[80,60]   [10,10,5] (30)   115.714
[80,60]   [10,10,10] (0)   106.295
[80,60]   [10,10,10] (5)   90.6251
[80,60]   [10,10,10] (10)   95.0462
[80,60]   [10,10,10] (15)   104.085
[80,60]   [10,10,10] (20)   112.704
[80,60]   [10,10,10] (25)   121.456
[80,60]   [10,10,10] (30)   130.172
[80,60]   [10,10,15] (0)   105.529
[80,60]   [10,10,15] (5)   92.6309
[80,60]   [10,10,15] (10)   99.0851
[80,60]   [10,10,15] (15)   108.21
[80,60]   [10,10,15] (20)   117.107
[80,60]   [10,10,15] (25)   125.291
[80,60]   [10,10,15] (30)   134.682
[80,60]   [10,10,20] (0)   106.112
[80,60]   [10,10,20] (5)   100.123
[80,60]   [10,10,20] (10)   107.686
[80,60]   [10,10,20] (15)   116.12
[80,60]   [10,10,20] (20)   124.848
[80,60]   [10,10,20] (25)   133.538
[80,60]   [10,10,20] (30)   141.844
[80,60]   [10,20,5] (0)   8505.64
[80,60]   [10,20,5] (5)   8492.97
[80,60]   [10,20,5] (10)   8439.74
[80,60]   [10,20,5] (15)   8481.28
[80,60]   [10,20,5] (20)   8362.15
[80,60]   [10,20,5] (25)   7498.33
[80,60]   [10,20,5] (30)   7420.73
[80,60]   [10,20,10] (0)   8442.58
[80,60]   [10,20,10] (5)   8551.79
[80,60]   [10,20,10] (10)   8546.52
[80,60]   [10,20,10] (15)   8552.04
[80,60]   [10,20,10] (20)   8567.76
[80,60]   [10,20,10] (25)   8519.94
[80,60]   [10,20,10] (30)   8535.77
[80,60]   [10,20,15] (0)   8528.41
[80,60]   [10,20,15] (5)   8482.17
[80,60]   [10,20,15] (10)   8594.57
[80,60]   [10,20,15] (15)   8540.36
[80,60]   [10,20,15] (20)   8402.24
[80,60]   [10,20,15] (25)   7515.94
[80,60]   [10,20,15] (30)   7028.73
[80,60]   [10,20,20] (0)   8512.87
[80,60]   [10,20,20] (5)   8493.32
[80,60]   [10,20,20] (10)   8442.76
[80,60]   [10,20,20] (15)   8487.11
[80,60]   [10,20,20] (20)   8383.67
[80,60]   [10,20,20] (25)   8521.79
[80,60]   [10,20,20] (30)   8553.03
[80,60]   [10,30,5] (0)   18158.1
[80,60]   [10,30,5] (5)   18301.3
[80,60]   [10,30,5] (10)   18248.1
[80,60]   [10,30,5] (15)   18340.4
[80,60]   [10,30,5] (20)   18201.4
[80,60]   [10,30,5] (25)   18079.3
[80,60]   [10,30,5] (30)   17833.9
[80,60]   [10,30,10] (0)   18226
[80,60]   [10,30,10] (5)   18013.7
[80,60]   [10,30,10] (10)   18209.2
[80,60]   [10,30,10] (15)   18153.7
[80,60]   [10,30,10] (20)   18175.6
[80,60]   [10,30,10] (25)   18227.6
[80,60]   [10,30,10] (30)   18161.5
[80,60]   [10,30,15] (0)   18259.3
[80,60]   [10,30,15] (5)   18195.1
[80,60]   [10,30,15] (10)   18284
[80,60]   [10,30,15] (15)   18341.6
[80,60]   [10,30,15] (20)   18189.3
[80,60]   [10,30,15] (25)   18272.9
[80,60]   [10,30,15] (30)   17341.6
[80,60]   [10,30,20] (0)   18293.4
[80,60]   [10,30,20] (5)   18226.4
[80,60]   [10,30,20] (10)   18152.7
[80,60]   [10,30,20] (15)   18163.1
[80,60]   [10,30,20] (20)   18138.5
[80,60]   [10,30,20] (25)   18257.1
[80,60]   [10,30,20] (30)   18308.7
[80,60]   [10,40,5] (0)   27814.9
[80,60]   [10,40,5] (5)   27761.9
[80,60]   [10,40,5] (10)   27641.7
[80,60]   [10,40,5] (15)   27695.2
[80,60]   [10,40,5] (20)   27672.4
[80,60]   [10,40,5] (25)   27670.6
[80,60]   [10,40,5] (30)   27808.9
[80,60]   [10,40,10] (0)   27760.4
[80,60]   [10,40,10] (5)   27783.2
[80,60]   [10,40,10] (10)   27531.1
[80,60]   [10,40,10] (15)   27774.5
[80,60]   [10,40,10] (20)   27745.6
[80,60]   [10,40,10] (25)   27805.2
[80,60]   [10,40,10] (30)   27749.7
[80,60]   [10,40,15] (0)   27757.3
[80,60]   [10,40,15] (5)   27616.6
[80,60]   [10,40,15] (10)   27607.8
[80,60]   [10,40,15] (15)   27650.2
[80,60]   [10,40,15] (20)   27759.8
[80,60]   [10,40,15] (25)   27540.3
[80,60]   [10,40,15] (30)   27749.2
[80,60]   [10,40,20] (0)   27790.1
[80,60]   [10,40,20] (5)   27745.8
[80,60]   [10,40,20] (10)   27749
[80,60]   [10,40,20] (15)   27793
[80,60]   [10,40,20] (20)   27820
[80,60]   [10,40,20] (25)   27740.5
[80,60]   [10,40,20] (30)   27785.8
[80,60]   [10,50,5] (0)   35520
[80,60]   [10,50,5] (5)   35518.9
[80,60]   [10,50,5] (10)   35527.2
[80,60]   [10,50,5] (15)   35481.1
[80,60]   [10,50,5] (20)   35455.5
[80,60]   [10,50,5] (25)   35538.1
[80,60]   [10,50,5] (30)   35502.4
[80,60]   [10,50,10] (0)   35509.9
[80,60]   [10,50,10] (5)   35515
[80,60]   [10,50,10] (10)   35535.1
[80,60]   [10,50,10] (15)   35532.5
[80,60]   [10,50,10] (20)   35544.8
[80,60]   [10,50,10] (25)   35507.7
[80,60]   [10,50,10] (30)   35539.7
[80,60]   [10,50,15] (0)   35542.3
[80,60]   [10,50,15] (5)   35496.6
[80,60]   [10,50,15] (10)   35481.3
[80,60]   [10,50,15] (15)   35535.6
[80,60]   [10,50,15] (20)   35544.7
[80,60]   [10,50,15] (25)   35585
[80,60]   [10,50,15] (30)   35547.4
[80,60]   [10,50,20] (0)   35430.6
[80,60]   [10,50,20] (5)   35489.6
[80,60]   [10,50,20] (10)   35518
[80,60]   [10,50,20] (15)   35569.6
[80,60]   [10,50,20] (20)   35485.7
[80,60]   [10,50,20] (25)   35490.6
[80,60]   [10,50,20] (30)   35524.3
[80,60]   [10,60,5] (0)   58320.3
[80,60]   [10,60,5] (5)   58443.2
[80,60]   [10,60,5] (10)   58390.7
[80,60]   [10,60,5] (15)   58372.6
[80,60]   [10,60,5] (20)   58427.2
[80,60]   [10,60,5] (25)   58409.4
[80,60]   [10,60,5] (30)   58367.3
[80,60]   [10,60,10] (0)   58402.2
[80,60]   [10,60,10] (5)   58376.2
[80,60]   [10,60,10] (10)   58443.7
[80,60]   [10,60,10] (15)   58450.7
[80,60]   [10,60,10] (20)   58456.7
[80,60]   [10,60,10] (25)   58477.9
[80,60]   [10,60,10] (30)   58357
[80,60]   [10,60,15] (0)   58449.1
[80,60]   [10,60,15] (5)   58443
[80,60]   [10,60,15] (10)   58449.2
[80,60]   [10,60,15] (15)   58467.3
[80,60]   [10,60,15] (20)   58377.3
[80,60]   [10,60,15] (25)   58415.2
[80,60]   [10,60,15] (30)   58416.2
[80,60]   [10,60,20] (0)   58402
[80,60]   [10,60,20] (5)   58403.2
[80,60]   [10,60,20] (10)   58441.3
[80,60]   [10,60,20] (15)   58405.7
[80,60]   [10,60,20] (20)   58409.9
[80,60]   [10,60,20] (25)   58434.5
[80,60]   [10,60,20] (30)   58423.9
[80,60]   [20,10,5] (0)   7804.18
[80,60]   [20,10,5] (5)   1946.48
[80,60]   [20,10,5] (10)   80.4909
[80,60]   [20,10,5] (15)   79.4504
[80,60]   [20,10,5] (20)   88.3907
[80,60]   [20,10,5] (25)   98.8856
[80,60]   [20,10,5] (30)   108.639
[80,60]   [20,10,10] (0)   7781.23
[80,60]   [20,10,10] (5)   1761
[80,60]   [20,10,10] (10)   101.4
[80,60]   [20,10,10] (15)   103.558
[80,60]   [20,10,10] (20)   111.422
[80,60]   [20,10,10] (25)   119.569
[80,60]   [20,10,10] (30)   127.92
[80,60]   [20,10,15] (0)   7758.16
[80,60]   [20,10,15] (5)   132.769
[80,60]   [20,10,15] (10)   104.72
[80,60]   [20,10,15] (15)   110.527
[80,60]   [20,10,15] (20)   118.359
[80,60]   [20,10,15] (25)   126.587
[80,60]   [20,10,15] (30)   134.588
[80,60]   [20,10,20] (0)   7775.36
[80,60]   [20,10,20] (5)   156.829
[80,60]   [20,10,20] (10)   119.092
[80,60]   [20,10,20] (15)   123.947
[80,60]   [20,10,20] (20)   131.749
[80,60]   [20,10,20] (25)   139.475
[80,60]   [20,10,20] (30)   147.346
[80,60]   [20,20,5] (0)   152.453
[80,60]   [20,20,5] (5)   152.241
[80,60]   [20,20,5] (10)   134.136
[80,60]   [20,20,5] (15)   119.959
[80,60]   [20,20,5] (20)   125.426
[80,60]   [20,20,5] (25)   133.385
[80,60]   [20,20,5] (30)   140.934
[80,60]   [20,20,10] (0)   152.797
[80,60]   [20,20,10] (5)   151.968
[80,60]   [20,20,10] (10)   140.325
[80,60]   [20,20,10] (15)   135.561
[80,60]   [20,20,10] (20)   141.559
[80,60]   [20,20,10] (25)   148.87
[80,60]   [20,20,10] (30)   157.56
[80,60]   [20,20,15] (0)   150.442
[80,60]   [20,20,15] (5)   150.952
[80,60]   [20,20,15] (10)   135.512
[80,60]   [20,20,15] (15)   137.176
[80,60]   [20,20,15] (20)   143.985
[80,60]   [20,20,15] (25)   151.428
[80,60]   [20,20,15] (30)   159.293
[80,60]   [20,20,20] (0)   149.636
[80,60]   [20,20,20] (5)   152.986
[80,60]   [20,20,20] (10)   145.784
[80,60]   [20,20,20] (15)   151.145
[80,60]   [20,20,20] (20)   158.59
[80,60]   [20,20,20] (25)   165.225
[80,60]   [20,20,20] (30)   173.173
[80,60]   [20,30,5] (0)   6301.09
[80,60]   [20,30,5] (5)   6346.01
[80,60]   [20,30,5] (10)   6337.08
[80,60]   [20,30,5] (15)   6347.68
[80,60]   [20,30,5] (20)   6360.38
[80,60]   [20,30,5] (25)   6248.2
[80,60]   [20,30,5] (30)   6099.08
[80,60]   [20,30,10] (0)   6354.06
[80,60]   [20,30,10] (5)   6246.14
[80,60]   [20,30,10] (10)   6280.03
[80,60]   [20,30,10] (15)   6354.27
[80,60]   [20,30,10] (20)   6109.14
[80,60]   [20,30,10] (25)   6287.19
[80,60]   [20,30,10] (30)   6317.45
[80,60]   [20,30,15] (0)   6250.51
[80,60]   [20,30,15] (5)   6265.82
[80,60]   [20,30,15] (10)   6163.31
[80,60]   [20,30,15] (15)   6139.38
[80,60]   [20,30,15] (20)   6240.95
[80,60]   [20,30,15] (25)   6198.89
[80,60]   [20,30,15] (30)   5922.28
[80,60]   [20,30,20] (0)   6346.26
[80,60]   [20,30,20] (5)   6259.1
[80,60]   [20,30,20] (10)   6274.75
[80,60]   [20,30,20] (15)   6303.79
[80,60]   [20,30,20] (20)   6322.69
[80,60]   [20,30,20] (25)   6192.24
[80,60]   [20,30,20] (30)   6161.77
[80,60]   [20,40,5] (0)   18971.9
[80,60]   [20,40,5] (5)   18909
[80,60]   [20,40,5] (10)   18838.7
[80,60]   [20,40,5] (15)   18909.7
[80,60]   [20,40,5] (20)   18845.6
[80,60]   [20,40,5] (25)   18804.7
[80,60]   [20,40,5] (30)   18759
[80,60]   [20,40,10] (0)   18857.1
[80,60]   [20,40,10] (5)   18842.9
[80,60]   [20,40,10] (10)   18908.8
[80,60]   [20,40,10] (15)   18715.5
[80,60]   [20,40,10] (20)   18752.2
[80,60]   [20,40,10] (25)   18976.2
[80,60]   [20,40,10] (30)   18779.1
[80,60]   [20,40,15] (0)   18871.4
[80,60]   [20,40,15] (5)   18818.3
[80,60]   [20,40,15] (10)   18754.6
[80,60]   [20,40,15] (15)   18719.2
[80,60]   [20,40,15] (20)   19048
[80,60]   [20,40,15] (25)   18862.6
[80,60]   [20,40,15] (30)   18954.9
[80,60]   [20,40,20] (0)   18898.2
[80,60]   [20,40,20] (5)   18824
[80,60]   [20,40,20] (10)   18821
[80,60]   [20,40,20] (15)   18792.4
[80,60]   [20,40,20] (20)   18665.8
[80,60]   [20,40,20] (25)   18894.6
[80,60]   [20,40,20] (30)   18708.8
[80,60]   [20,50,5] (0)   24976.7
[80,60]   [20,50,5] (5)   24945.8
[80,60]   [20,50,5] (10)   25290.6
[80,60]   [20,50,5] (15)   25069.3
[80,60]   [20,50,5] (20)   24976.6
[80,60]   [20,50,5] (25)   25253.6
[80,60]   [20,50,5] (30)   25116.1
[80,60]   [20,50,10] (0)   25089.1
[80,60]   [20,50,10] (5)   25083.3
[80,60]   [20,50,10] (10)   25439.6
[80,60]   [20,50,10] (15)   25198.3
[80,60]   [20,50,10] (20)   25269
[80,60]   [20,50,10] (25)   24734
[80,60]   [20,50,10] (30)   25152.2
[80,60]   [20,50,15] (0)   25178.4
[80,60]   [20,50,15] (5)   25142.7
[80,60]   [20,50,15] (10)   25135.5
[80,60]   [20,50,15] (15)   24942
[80,60]   [20,50,15] (20)   24981
[80,60]   [20,50,15] (25)   25093.8
[80,60]   [20,50,15] (30)   25196.6
[80,60]   [20,50,20] (0)   25262
[80,60]   [20,50,20] (5)   25141
[80,60]   [20,50,20] (10)   24933.4
[80,60]   [20,50,20] (15)   25122
[80,60]   [20,50,20] (20)   25050.9
[80,60]   [20,50,20] (25)   25192.3
[80,60]   [20,50,20] (30)   25233.1
[80,60]   [20,60,5] (0)   35585.5
[80,60]   [20,60,5] (5)   35486.5
[80,60]   [20,60,5] (10)   35605.7
[80,60]   [20,60,5] (15)   35331.3
[80,60]   [20,60,5] (20)   35619.8
[80,60]   [20,60,5] (25)   35526.2
[80,60]   [20,60,5] (30)   35596.4
[80,60]   [20,60,10] (0)   35570
[80,60]   [20,60,10] (5)   35545.3
[80,60]   [20,60,10] (10)   35525.4
[80,60]   [20,60,10] (15)   35489.1
[80,60]   [20,60,10] (20)   35462.5
[80,60]   [20,60,10] (25)   35545
[80,60]   [20,60,10] (30)   35627.2
[80,60]   [20,60,15] (0)   35595.2
[80,60]   [20,60,15] (5)   35376.3
[80,60]   [20,60,15] (10)   35605.6
[80,60]   [20,60,15] (15)   35499.9
[80,60]   [20,60,15] (20)   35298.8
[80,60]   [20,60,15] (25)   35492.8
[80,60]   [20,60,15] (30)   35512.5
[80,60]   [20,60,20] (0)   35593.9
[80,60]   [20,60,20] (5)   35608.3
[80,60]   [20,60,20] (10)   35415.3
[80,60]   [20,60,20] (15)   35543.7
[80,60]   [20,60,20] (20)   35534.4
[80,60]   [20,60,20] (25)   35284.8
[80,60]   [20,60,20] (30)   35548.9
[80,60]   [30,10,5] (0)   14709.6
[80,60]   [30,10,5] (5)   7691.67
[80,60]   [30,10,5] (10)   98.9308
[80,60]   [30,10,5] (15)   86.7257
[80,60]   [30,10,5] (20)   88.9387
[80,60]   [30,10,5] (25)   96.1912
[80,60]   [30,10,5] (30)   105.837
[80,60]   [30,10,10] (0)   14672.5
[80,60]   [30,10,10] (5)   7790.25
[80,60]   [30,10,10] (10)   135.451
[80,60]   [30,10,10] (15)   110.898
[80,60]   [30,10,10] (20)   111.131
[80,60]   [30,10,10] (25)   117.575
[80,60]   [30,10,10] (30)   126.273
[80,60]   [30,10,15] (0)   14784.2
[80,60]   [30,10,15] (5)   4069.25
[80,60]   [30,10,15] (10)   119.03
[80,60]   [30,10,15] (15)   118.259
[80,60]   [30,10,15] (20)   121.295
[80,60]   [30,10,15] (25)   129.033
[80,60]   [30,10,15] (30)   137.08
[80,60]   [30,10,20] (0)   14724.4
[80,60]   [30,10,20] (5)   3357.55
[80,60]   [30,10,20] (10)   124.7
[80,60]   [30,10,20] (15)   126.57
[80,60]   [30,10,20] (20)   133.491
[80,60]   [30,10,20] (25)   140.375
[80,60]   [30,10,20] (30)   148.655
[80,60]   [30,20,5] (0)   6614.72
[80,60]   [30,20,5] (5)   6582.63
[80,60]   [30,20,5] (10)   4672.96
[80,60]   [30,20,5] (15)   126.672
[80,60]   [30,20,5] (20)   109.595
[80,60]   [30,20,5] (25)   112.282
[80,60]   [30,20,5] (30)   121.556
[80,60]   [30,20,10] (0)   6584.07
[80,60]   [30,20,10] (5)   6583.43
[80,60]   [30,20,10] (10)   4724.87
[80,60]   [30,20,10] (15)   139.391
[80,60]   [30,20,10] (20)   130.219
[80,60]   [30,20,10] (25)   134.518
[80,60]   [30,20,10] (30)   142.37
[80,60]   [30,20,15] (0)   6648.81
[80,60]   [30,20,15] (5)   6581.55
[80,60]   [30,20,15] (10)   3240.67
[80,60]   [30,20,15] (15)   137.298
[80,60]   [30,20,15] (20)   136.303
[80,60]   [30,20,15] (25)   142.507
[80,60]   [30,20,15] (30)   150.131
[80,60]   [30,20,20] (0)   6612.28
[80,60]   [30,20,20] (5)   6580.92
[80,60]   [30,20,20] (10)   3569.74
[80,60]   [30,20,20] (15)   147.014
[80,60]   [30,20,20] (20)   148.31
[80,60]   [30,20,20] (25)   155.272
[80,60]   [30,20,20] (30)   162.538
[80,60]   [30,30,5] (0)   179.177
[80,60]   [30,30,5] (5)   177.241
[80,60]   [30,30,5] (10)   178.995
[80,60]   [30,30,5] (15)   171.343
[80,60]   [30,30,5] (20)   145.184
[80,60]   [30,30,5] (25)   143.269
[80,60]   [30,30,5] (30)   149.905
[80,60]   [30,30,10] (0)   178.929
[80,60]   [30,30,10] (5)   178.431
[80,60]   [30,30,10] (10)   180.239
[80,60]   [30,30,10] (15)   172.943
[80,60]   [30,30,10] (20)   158.264
[80,60]   [30,30,10] (25)   161.569
[80,60]   [30,30,10] (30)   169.65
[80,60]   [30,30,15] (0)   178.029
[80,60]   [30,30,15] (5)   179.098
[80,60]   [30,30,15] (10)   178.634
[80,60]   [30,30,15] (15)   170.199
[80,60]   [30,30,15] (20)   160.344
[80,60]   [30,30,15] (25)   165.433
[80,60]   [30,30,15] (30)   172.874
[80,60]   [30,30,20] (0)   179.948
[80,60]   [30,30,20] (5)   179.133
[80,60]   [30,30,20] (10)   179.775
[80,60]   [30,30,20] (15)   169.92
[80,60]   [30,30,20] (20)   167.238
[80,60]   [30,30,20] (25)   173.101
[80,60]   [30,30,20] (30)   180.903
[80,60]   [30,40,5] (0)   5314.34
[80,60]   [30,40,5] (5)   5431.93
[80,60]   [30,40,5] (10)   5443.81
[80,60]   [30,40,5] (15)   5405.39
[80,60]   [30,40,5] (20)   5362.2
[80,60]   [30,40,5] (25)   5535.25
[80,60]   [30,40,5] (30)   5234.58
[80,60]   [30,40,10] (0)   5445.89
[80,60]   [30,40,10] (5)   5356.56
[80,60]   [30,40,10] (10)   5539.62
[80,60]   [30,40,10] (15)   5242.77
[80,60]   [30,40,10] (20)   5388.53
[80,60]   [30,40,10] (25)   5277.66
[80,60]   [30,40,10] (30)   5235.56
[80,60]   [30,40,15] (0)   5371.1
[80,60]   [30,40,15] (5)   5380.63
[80,60]   [30,40,15] (10)   5444.98
[80,60]   [30,40,15] (15)   5478.78
[80,60]   [30,40,15] (20)   5349.85
[80,60]   [30,40,15] (25)   5522.07
[80,60]   [30,40,15] (30)   5386.73
[80,60]   [30,40,20] (0)   5408.89
[80,60]   [30,40,20] (5)   5409.5
[80,60]   [30,40,20] (10)   5383.03
[80,60]   [30,40,20] (15)   5252.88
[80,60]   [30,40,20] (20)   5485.43
[80,60]   [30,40,20] (25)   5378.61
[80,60]   [30,40,20] (30)   5451.49
[80,60]   [30,50,5] (0)   12270.2
[80,60]   [30,50,5] (5)   12070.8
[80,60]   [30,50,5] (10)   12218.1
[80,60]   [30,50,5] (15)   12169.9
[80,60]   [30,50,5] (20)   12221.1
[80,60]   [30,50,5] (25)   12324
[80,60]   [30,50,5] (30)   12194.6
[80,60]   [30,50,10] (0)   12392.5
[80,60]   [30,50,10] (5)   12218.6
[80,60]   [30,50,10] (10)   12068.3
[80,60]   [30,50,10] (15)   12291
[80,60]   [30,50,10] (20)   12241.9
[80,60]   [30,50,10] (25)   12269
[80,60]   [30,50,10] (30)   12305.8
[80,60]   [30,50,15] (0)   12308.7
[80,60]   [30,50,15] (5)   12164.8
[80,60]   [30,50,15] (10)   12054.2
[80,60]   [30,50,15] (15)   12219.6
[80,60]   [30,50,15] (20)   12054.4
[80,60]   [30,50,15] (25)   12009.3
[80,60]   [30,50,15] (30)   12263.7
[80,60]   [30,50,20] (0)   12183.8
[80,60]   [30,50,20] (5)   12174.7
[80,60]   [30,50,20] (10)   12233.9
[80,60]   [30,50,20] (15)   12213.6
[80,60]   [30,50,20] (20)   12266.4
[80,60]   [30,50,20] (25)   12213.5
[80,60]   [30,50,20] (30)   12042.3
[80,60]   [30,60,5] (0)   19776.1
[80,60]   [30,60,5] (5)   20034.6
[80,60]   [30,60,5] (10)   20213.8
[80,60]   [30,60,5] (15)   19812.7
[80,60]   [30,60,5] (20)   20045.7
[80,60]   [30,60,5] (25)   20080.4
[80,60]   [30,60,5] (30)   20030.7
[80,60]   [30,60,10] (0)   19960.6
[80,60]   [30,60,10] (5)   19811.4
[80,60]   [30,60,10] (10)   20018.6
[80,60]   [30,60,10] (15)   19941.3
[80,60]   [30,60,10] (20)   20169.9
[80,60]   [30,60,10] (25)   20055.1
[80,60]   [30,60,10] (30)   20184.2
[80,60]   [30,60,15] (0)   20215.2
[80,60]   [30,60,15] (5)   20119.2
[80,60]   [30,60,15] (10)   20050.1
[80,60]   [30,60,15] (15)   19638.5
[80,60]   [30,60,15] (20)   20001.6
[80,60]   [30,60,15] (25)   19892.4
[80,60]   [30,60,15] (30)   20129
[80,60]   [30,60,20] (0)   19935.7
[80,60]   [30,60,20] (5)   20195.8
[80,60]   [30,60,20] (10)   19863.2
[80,60]   [30,60,20] (15)   19822.2
[80,60]   [30,60,20] (20)   19907.3
[80,60]   [30,60,20] (25)   19932.2
[80,60]   [30,60,20] (30)   20052.9
[80,60]   [40,10,5] (0)   20932
[80,60]   [40,10,5] (5)   12905.8
[80,60]   [40,10,5] (10)   164.581
[80,60]   [40,10,5] (15)   100.636
[80,60]   [40,10,5] (20)   96.7385
[80,60]   [40,10,5] (25)   98.7301
[80,60]   [40,10,5] (30)   104.204
[80,60]   [40,10,10] (0)   20834.9
[80,60]   [40,10,10] (5)   13208.2
[80,60]   [40,10,10] (10)   3891.41
[80,60]   [40,10,10] (15)   126.336
[80,60]   [40,10,10] (20)   120.252
[80,60]   [40,10,10] (25)   120.232
[80,60]   [40,10,10] (30)   125.245
[80,60]   [40,10,15] (0)   20838.5
[80,60]   [40,10,15] (5)   9971.17
[80,60]   [40,10,15] (10)   1578.77
[80,60]   [40,10,15] (15)   130.864
[80,60]   [40,10,15] (20)   127.896
[80,60]   [40,10,15] (25)   130.219
[80,60]   [40,10,15] (30)   135.921
[80,60]   [40,10,20] (0)   20778.1
[80,60]   [40,10,20] (5)   8824.42
[80,60]   [40,10,20] (10)   146.532
[80,60]   [40,10,20] (15)   142.428
[80,60]   [40,10,20] (20)   142.107
[80,60]   [40,10,20] (25)   145.246
[80,60]   [40,10,20] (30)   151.692
[80,60]   [40,20,5] (0)   14439.3
[80,60]   [40,20,5] (5)   14495
[80,60]   [40,20,5] (10)   10620.5
[80,60]   [40,20,5] (15)   278.676
[80,60]   [40,20,5] (20)   121.252
[80,60]   [40,20,5] (25)   113.358
[80,60]   [40,20,5] (30)   114.84
[80,60]   [40,20,10] (0)   14454
[80,60]   [40,20,10] (5)   14431.9
[80,60]   [40,20,10] (10)   11395.8
[80,60]   [40,20,10] (15)   2002.96
[80,60]   [40,20,10] (20)   141.723
[80,60]   [40,20,10] (25)   135.658
[80,60]   [40,20,10] (30)   139.106
[80,60]   [40,20,15] (0)   14471.7
[80,60]   [40,20,15] (5)   14414.3
[80,60]   [40,20,15] (10)   9693.04
[80,60]   [40,20,15] (15)   164.797
[80,60]   [40,20,15] (20)   145.422
[80,60]   [40,20,15] (25)   143.495
[80,60]   [40,20,15] (30)   147.856
[80,60]   [40,20,20] (0)   14538.3
[80,60]   [40,20,20] (5)   14445.6
[80,60]   [40,20,20] (10)   11681.8
[80,60]   [40,20,20] (15)   170.167
[80,60]   [40,20,20] (20)   158.416
[80,60]   [40,20,20] (25)   160.92
[80,60]   [40,20,20] (30)   167.027
[80,60]   [40,30,5] (0)   6211.25
[80,60]   [40,30,5] (5)   6256.84
[80,60]   [40,30,5] (10)   6051.67
[80,60]   [40,30,5] (15)   4568.03
[80,60]   [40,30,5] (20)   169.19
[80,60]   [40,30,5] (25)   138.591
[80,60]   [40,30,5] (30)   133.89
[80,60]   [40,30,10] (0)   6264.64
[80,60]   [40,30,10] (5)   6222.21
[80,60]   [40,30,10] (10)   6203.35
[80,60]   [40,30,10] (15)   4832.16
[80,60]   [40,30,10] (20)   183.895
[80,60]   [40,30,10] (25)   159.174
[80,60]   [40,30,10] (30)   158.655
[80,60]   [40,30,15] (0)   6251.31
[80,60]   [40,30,15] (5)   6161.57
[80,60]   [40,30,15] (10)   6203.6
[80,60]   [40,30,15] (15)   3839.97
[80,60]   [40,30,15] (20)   170.556
[80,60]   [40,30,15] (25)   162.601
[80,60]   [40,30,15] (30)   166.043
[80,60]   [40,30,20] (0)   6197.8
[80,60]   [40,30,20] (5)   6158.5
[80,60]   [40,30,20] (10)   6160.72
[80,60]   [40,30,20] (15)   3775.59
[80,60]   [40,30,20] (20)   178.034
[80,60]   [40,30,20] (25)   174.51
[80,60]   [40,30,20] (30)   179.317
[80,60]   [40,40,5] (0)   222.627
[80,60]   [40,40,5] (5)   222.411
[80,60]   [40,40,5] (10)   222.837
[80,60]   [40,40,5] (15)   221.763
[80,60]   [40,40,5] (20)   216.36
[80,60]   [40,40,5] (25)   191.477
[80,60]   [40,40,5] (30)   174.482
[80,60]   [40,40,10] (0)   224.764
[80,60]   [40,40,10] (5)   221.379
[80,60]   [40,40,10] (10)   223.402
[80,60]   [40,40,10] (15)   222.776
[80,60]   [40,40,10] (20)   214.671
[80,60]   [40,40,10] (25)   197.041
[80,60]   [40,40,10] (30)   192.91
[80,60]   [40,40,15] (0)   221.178
[80,60]   [40,40,15] (5)   222.125
[80,60]   [40,40,15] (10)   222.486
[80,60]   [40,40,15] (15)   222.591
[80,60]   [40,40,15] (20)   213.969
[80,60]   [40,40,15] (25)   194.382
[80,60]   [40,40,15] (30)   195.037
[80,60]   [40,40,20] (0)   221.57
[80,60]   [40,40,20] (5)   220.666
[80,60]   [40,40,20] (10)   221.33
[80,60]   [40,40,20] (15)   221.65
[80,60]   [40,40,20] (20)   219.362
[80,60]   [40,40,20] (25)   209.869
[80,60]   [40,40,20] (30)   212.928
[80,60]   [40,50,5] (0)   3046
[80,60]   [40,50,5] (5)   3068.51
[80,60]   [40,50,5] (10)   3043.13
[80,60]   [40,50,5] (15)   3060.9
[80,60]   [40,50,5] (20)   3012.01
[80,60]   [40,50,5] (25)   3044.69
[80,60]   [40,50,5] (30)   2922.52
[80,60]   [40,50,10] (0)   2996.76
[80,60]   [40,50,10] (5)   3011.18
[80,60]   [40,50,10] (10)   3107.99
[80,60]   [40,50,10] (15)   3077.14
[80,60]   [40,50,10] (20)   3006.1
[80,60]   [40,50,10] (25)   3040.88
[80,60]   [40,50,10] (30)   3043.13
[80,60]   [40,50,15] (0)   3125.08
[80,60]   [40,50,15] (5)   3102.14
[80,60]   [40,50,15] (10)   3050.83
[80,60]   [40,50,15] (15)   2984.12
[80,60]   [40,50,15] (20)   3062.54
[80,60]   [40,50,15] (25)   3006.39
[80,60]   [40,50,15] (30)   3014.19
[80,60]   [40,50,20] (0)   3015.68
[80,60]   [40,50,20] (5)   3127.11
[80,60]   [40,50,20] (10)   3080.48
[80,60]   [40,50,20] (15)   2971.22
[80,60]   [40,50,20] (20)   3055.92
[80,60]   [40,50,20] (25)   2987.9
[80,60]   [40,50,20] (30)   2973.59
[80,60]   [40,60,5] (0)   13251.4
[80,60]   [40,60,5] (5)   13425.5
[80,60]   [40,60,5] (10)   13438.8
[80,60]   [40,60,5] (15)   13470.7
[80,60]   [40,60,5] (20)   13536
[80,60]   [40,60,5] (25)   13285.5
[80,60]   [40,60,5] (30)   13445.6
[80,60]   [40,60,10] (0)   13129.5
[80,60]   [40,60,10] (5)   13339.6
[80,60]   [40,60,10] (10)   13436.8
[80,60]   [40,60,10] (15)   13534.7
[80,60]   [40,60,10] (20)   13208.6
[80,60]   [40,60,10] (25)   13125.4
[80,60]   [40,60,10] (30)   13181.8
[80,60]   [40,60,15] (0)   13303.7
[80,60]   [40,60,15] (5)   13375.4
[80,60]   [40,60,15] (10)   13185
[80,60]   [40,60,15] (15)   13265.6
[80,60]   [40,60,15] (20)   13411.1
[80,60]   [40,60,15] (25)   13242
[80,60]   [40,60,15] (30)   13255.6
[80,60]   [40,60,20] (0)   13273.1
[80,60]   [40,60,20] (5)   13256
[80,60]   [40,60,20] (10)   13288.7
[80,60]   [40,60,20] (15)   13278.6
[80,60]   [40,60,20] (20)   13395
[80,60]   [40,60,20] (25)   13377.5
[80,60]   [40,60,20] (30)   13350.1
[80,60]   [50,10,5] (0)   26573.8
[80,60]   [50,10,5] (5)   17949.6
[80,60]   [50,10,5] (10)   3148.49
[80,60]   [50,10,5] (15)   116.588
[80,60]   [50,10,5] (20)   105.572
[80,60]   [50,10,5] (25)   105.959
[80,60]   [50,10,5] (30)   108.852
[80,60]   [50,10,10] (0)   26584.8
[80,60]   [50,10,10] (5)   18931.4
[80,60]   [50,10,10] (10)   8502.86
[80,60]   [50,10,10] (15)   2049.38
[80,60]   [50,10,10] (20)   137.683
[80,60]   [50,10,10] (25)   129.93
[80,60]   [50,10,10] (30)   129.201
[80,60]   [50,10,15] (0)   26753.2
[80,60]   [50,10,15] (5)   15093.5
[80,60]   [50,10,15] (10)   6574.12
[80,60]   [50,10,15] (15)   276.669
[80,60]   [50,10,15] (20)   142.258
[80,60]   [50,10,15] (25)   138.371
[80,60]   [50,10,15] (30)   138.723
[80,60]   [50,10,20] (0)   26807.2
[80,60]   [50,10,20] (5)   14240.4
[80,60]   [50,10,20] (10)   4126.48
[80,60]   [50,10,20] (15)   2097.3
[80,60]   [50,10,20] (20)   152.983
[80,60]   [50,10,20] (25)   149.405
[80,60]   [50,10,20] (30)   152.331
[80,60]   [50,20,5] (0)   20617.8
[80,60]   [50,20,5] (5)   20646.6
[80,60]   [50,20,5] (10)   16218.8
[80,60]   [50,20,5] (15)   4385.48
[80,60]   [50,20,5] (20)   141.025
[80,60]   [50,20,5] (25)   122.478
[80,60]   [50,20,5] (30)   119.213
[80,60]   [50,20,10] (0)   20618.6
[80,60]   [50,20,10] (5)   20653.1
[80,60]   [50,20,10] (10)   16504.5
[80,60]   [50,20,10] (15)   6963.58
[80,60]   [50,20,10] (20)   602.736
[80,60]   [50,20,10] (25)   150.282
[80,60]   [50,20,10] (30)   143.514
[80,60]   [50,20,15] (0)   20674
[80,60]   [50,20,15] (5)   20595.3
[80,60]   [50,20,15] (10)   15270.2
[80,60]   [50,20,15] (15)   3718.12
[80,60]   [50,20,15] (20)   180.76
[80,60]   [50,20,15] (25)   151.944
[80,60]   [50,20,15] (30)   150.242
[80,60]   [50,20,20] (0)   20672.4
[80,60]   [50,20,20] (5)   20720.6
[80,60]   [50,20,20] (10)   15902.4
[80,60]   [50,20,20] (15)   1597.73
[80,60]   [50,20,20] (20)   179.367
[80,60]   [50,20,20] (25)   165.819
[80,60]   [50,20,20] (30)   164.627
[80,60]   [50,30,5] (0)   11985.7
[80,60]   [50,30,5] (5)   11979.4
[80,60]   [50,30,5] (10)   12022.3
[80,60]   [50,30,5] (15)   10524.9
[80,60]   [50,30,5] (20)   2018.01
[80,60]   [50,30,5] (25)   153.163
[80,60]   [50,30,5] (30)   136.679
[80,60]   [50,30,10] (0)   12063.5
[80,60]   [50,30,10] (5)   11924.3
[80,60]   [50,30,10] (10)   12041.4
[80,60]   [50,30,10] (15)   10820.4
[80,60]   [50,30,10] (20)   3648.87
[80,60]   [50,30,10] (25)   178.053
[80,60]   [50,30,10] (30)   161.798
[80,60]   [50,30,15] (0)   11998.1
[80,60]   [50,30,15] (5)   12090.8
[80,60]   [50,30,15] (10)   12038.3
[80,60]   [50,30,15] (15)   9777.66
[80,60]   [50,30,15] (20)   914.522
[80,60]   [50,30,15] (25)   172.454
[80,60]   [50,30,15] (30)   165.794
[80,60]   [50,30,20] (0)   12042.4
[80,60]   [50,30,20] (5)   12058.9
[80,60]   [50,30,20] (10)   12134.2
[80,60]   [50,30,20] (15)   9993.2
[80,60]   [50,30,20] (20)   225.453
[80,60]   [50,30,20] (25)   180.086
[80,60]   [50,30,20] (30)   177.588
[80,60]   [50,40,5] (0)   5708.96
[80,60]   [50,40,5] (5)   5696.15
[80,60]   [50,40,5] (10)   5741.18
[80,60]   [50,40,5] (15)   5764.55
[80,60]   [50,40,5] (20)   5445.19
[80,60]   [50,40,5] (25)   1025.4
[80,60]   [50,40,5] (30)   173.258
[80,60]   [50,40,10] (0)   5725.5
[80,60]   [50,40,10] (5)   5758.83
[80,60]   [50,40,10] (10)   5691.82
[80,60]   [50,40,10] (15)   5798.4
[80,60]   [50,40,10] (20)   5195.3
[80,60]   [50,40,10] (25)   1346.26
[80,60]   [50,40,10] (30)   190.605
[80,60]   [50,40,15] (0)   5777.67
[80,60]   [50,40,15] (5)   5770.27
[80,60]   [50,40,15] (10)   5781.87
[80,60]   [50,40,15] (15)   5734.36
[80,60]   [50,40,15] (20)   5019.98
[80,60]   [50,40,15] (25)   250.882
[80,60]   [50,40,15] (30)   190.021
[80,60]   [50,40,20] (0)   5789.82
[80,60]   [50,40,20] (5)   5853.14
[80,60]   [50,40,20] (10)   5744.99
[80,60]   [50,40,20] (15)   5739.6
[80,60]   [50,40,20] (20)   4885.53
[80,60]   [50,40,20] (25)   235.429
[80,60]   [50,40,20] (30)   198.92
[80,60]   [50,50,5] (0)   713.01
[80,60]   [50,50,5] (5)   768.525
[80,60]   [50,50,5] (10)   784.5
[80,60]   [50,50,5] (15)   793.161
[80,60]   [50,50,5] (20)   802.404
[80,60]   [50,50,5] (25)   786.791
[80,60]   [50,50,5] (30)   224.041
[80,60]   [50,50,10] (0)   801.199
[80,60]   [50,50,10] (5)   707.152
[80,60]   [50,50,10] (10)   860.715
[80,60]   [50,50,10] (15)   758.076
[80,60]   [50,50,10] (20)   836.562
[80,60]   [50,50,10] (25)   616.995
[80,60]   [50,50,10] (30)   224.96
[80,60]   [50,50,15] (0)   757.507
[80,60]   [50,50,15] (5)   779.115
[80,60]   [50,50,15] (10)   837.485
[80,60]   [50,50,15] (15)   827.815
[80,60]   [50,50,15] (20)   845.591
[80,60]   [50,50,15] (25)   630.487
[80,60]   [50,50,15] (30)   220.499
[80,60]   [50,50,20] (0)   750.037
[80,60]   [50,50,20] (5)   851.383
[80,60]   [50,50,20] (10)   710.1
[80,60]   [50,50,20] (15)   830.9
[80,60]   [50,50,20] (20)   870.7
[80,60]   [50,50,20] (25)   466.514
[80,60]   [50,50,20] (30)   227.84
[80,60]   [50,60,5] (0)   1648.45
[80,60]   [50,60,5] (5)   1728.04
[80,60]   [50,60,5] (10)   1673.55
[80,60]   [50,60,5] (15)   1727.72
[80,60]   [50,60,5] (20)   1604.7
[80,60]   [50,60,5] (25)   1550.85
[80,60]   [50,60,5] (30)   1622.27
[80,60]   [50,60,10] (0)   1687.89
[80,60]   [50,60,10] (5)   1648.75
[80,60]   [50,60,10] (10)   1619.38
[80,60]   [50,60,10] (15)   1679.59
[80,60]   [50,60,10] (20)   1631.66
[80,60]   [50,60,10] (25)   1613.14
[80,60]   [50,60,10] (30)   1766.53
[80,60]   [50,60,15] (0)   1621.38
[80,60]   [50,60,15] (5)   1669
[80,60]   [50,60,15] (10)   1631.77
[80,60]   [50,60,15] (15)   1736.09
[80,60]   [50,60,15] (20)   1782.77
[80,60]   [50,60,15] (25)   1628.56
[80,60]   [50,60,15] (30)   1598.63
[80,60]   [50,60,20] (0)   1545.4
[80,60]   [50,60,20] (5)   1762.34
[80,60]   [50,60,20] (10)   1606.03
[80,60]   [50,60,20] (15)   1584.96
[80,60]   [50,60,20] (20)   1779.89
[80,60]   [50,60,20] (25)   1633.8
[80,60]   [50,60,20] (30)   1722.52
[80,60]   [60,10,5] (0)   34458.6
[80,60]   [60,10,5] (5)   21656.4
[80,60]   [60,10,5] (10)   6020.84
[80,60]   [60,10,5] (15)   143.654
[80,60]   [60,10,5] (20)   114.475
[80,60]   [60,10,5] (25)   112.279
[80,60]   [60,10,5] (30)   114.143
[80,60]   [60,10,10] (0)   34470.7
[80,60]   [60,10,10] (5)   23665.9
[80,60]   [60,10,10] (10)   12389.3
[80,60]   [60,10,10] (15)   5459.02
[80,60]   [60,10,10] (20)   678.717
[80,60]   [60,10,10] (25)   142.881
[80,60]   [60,10,10] (30)   137.21
[80,60]   [60,10,15] (0)   34441.7
[80,60]   [60,10,15] (5)   20177.8
[80,60]   [60,10,15] (10)   10512
[80,60]   [60,10,15] (15)   4012.09
[80,60]   [60,10,15] (20)   171.668
[80,60]   [60,10,15] (25)   149.083
[80,60]   [60,10,15] (30)   145.976
[80,60]   [60,10,20] (0)   34634.5
[80,60]   [60,10,20] (5)   19423.4
[80,60]   [60,10,20] (10)   8642.05
[80,60]   [60,10,20] (15)   6787.72
[80,60]   [60,10,20] (20)   186.936
[80,60]   [60,10,20] (25)   164.299
[80,60]   [60,10,20] (30)   162.723
[80,60]   [60,20,5] (0)   26566.3
[80,60]   [60,20,5] (5)   26657.6
[80,60]   [60,20,5] (10)   20943.1
[80,60]   [60,20,5] (15)   7734.59
[80,60]   [60,20,5] (20)   178.274
[80,60]   [60,20,5] (25)   131.106
[80,60]   [60,20,5] (30)   124.926
[80,60]   [60,20,10] (0)   26477.8
[80,60]   [60,20,10] (5)   26582.3
[80,60]   [60,20,10] (10)   22099.3
[80,60]   [60,20,10] (15)   11265.2
[80,60]   [60,20,10] (20)   4318.84
[80,60]   [60,20,10] (25)   193.867
[80,60]   [60,20,10] (30)   153.887
[80,60]   [60,20,15] (0)   26492
[80,60]   [60,20,15] (5)   26495.8
[80,60]   [60,20,15] (10)   20021.7
[80,60]   [60,20,15] (15)   7886.18
[80,60]   [60,20,15] (20)   3053.5
[80,60]   [60,20,15] (25)   167.361
[80,60]   [60,20,15] (30)   159.509
[80,60]   [60,20,20] (0)   26531.8
[80,60]   [60,20,20] (5)   26537.7
[80,60]   [60,20,20] (10)   23355.9
[80,60]   [60,20,20] (15)   7133.51
[80,60]   [60,20,20] (20)   3890.63
[80,60]   [60,20,20] (25)   223.549
[80,60]   [60,20,20] (30)   177.088
[80,60]   [60,30,5] (0)   17205.1
[80,60]   [60,30,5] (5)   17301.9
[80,60]   [60,30,5] (10)   17243.8
[80,60]   [60,30,5] (15)   15053
[80,60]   [60,30,5] (20)   5625.37
[80,60]   [60,30,5] (25)   172.198
[80,60]   [60,30,5] (30)   144.98
[80,60]   [60,30,10] (0)   17290.7
[80,60]   [60,30,10] (5)   17239.2
[80,60]   [60,30,10] (10)   17238.1
[80,60]   [60,30,10] (15)   16071.2
[80,60]   [60,30,10] (20)   8098.37
[80,60]   [60,30,10] (25)   1688.46
[80,60]   [60,30,10] (30)   174.877
[80,60]   [60,30,15] (0)   17231.9
[80,60]   [60,30,15] (5)   17228
[80,60]   [60,30,15] (10)   17205.6
[80,60]   [60,30,15] (15)   14587.2
[80,60]   [60,30,15] (20)   5008.74
[80,60]   [60,30,15] (25)   323.193
[80,60]   [60,30,15] (30)   174.814
[80,60]   [60,30,20] (0)   17214.7
[80,60]   [60,30,20] (5)   17286
[80,60]   [60,30,20] (10)   17254.9
[80,60]   [60,30,20] (15)   15102.6
[80,60]   [60,30,20] (20)   3804.22
[80,60]   [60,30,20] (25)   212.934
[80,60]   [60,30,20] (30)   190.89
[80,60]   [60,40,5] (0)   11966.4
[80,60]   [60,40,5] (5)   11926.3
[80,60]   [60,40,5] (10)   11825.6
[80,60]   [60,40,5] (15)   11942.7
[80,60]   [60,40,5] (20)   10750.4
[80,60]   [60,40,5] (25)   5091.56
[80,60]   [60,40,5] (30)   191.529
[80,60]   [60,40,10] (0)   11877.3
[80,60]   [60,40,10] (5)   11953.9
[80,60]   [60,40,10] (10)   11937
[80,60]   [60,40,10] (15)   11852.5
[80,60]   [60,40,10] (20)   10991.7
[80,60]   [60,40,10] (25)   6216.7
[80,60]   [60,40,10] (30)   296.611
[80,60]   [60,40,15] (0)   11867.1
[80,60]   [60,40,15] (5)   11963.2
[80,60]   [60,40,15] (10)   11928.5
[80,60]   [60,40,15] (15)   11847.9
[80,60]   [60,40,15] (20)   10332.1
[80,60]   [60,40,15] (25)   4252.24
[80,60]   [60,40,15] (30)   207.642
[80,60]   [60,40,20] (0)   11896.2
[80,60]   [60,40,20] (5)   11931.9
[80,60]   [60,40,20] (10)   11885.9
[80,60]   [60,40,20] (15)   11957.8
[80,60]   [60,40,20] (20)   11358.3
[80,60]   [60,40,20] (25)   4628.26
[80,60]   [60,40,20] (30)   222.04
[80,60]   [60,50,5] (0)   6031.35
[80,60]   [60,50,5] (5)   5950.03
[80,60]   [60,50,5] (10)   6064.65
[80,60]   [60,50,5] (15)   5988.11
[80,60]   [60,50,5] (20)   5988.42
[80,60]   [60,50,5] (25)   5690.62
[80,60]   [60,50,5] (30)   2657.83
[80,60]   [60,50,10] (0)   6006.3
[80,60]   [60,50,10] (5)   5988.44
[80,60]   [60,50,10] (10)   5954.14
[80,60]   [60,50,10] (15)   5969.17
[80,60]   [60,50,10] (20)   5922.01
[80,60]   [60,50,10] (25)   5773.02
[80,60]   [60,50,10] (30)   3068.28
[80,60]   [60,50,15] (0)   6066.96
[80,60]   [60,50,15] (5)   5986.78
[80,60]   [60,50,15] (10)   5936.68
[80,60]   [60,50,15] (15)   5957.29
[80,60]   [60,50,15] (20)   5967.47
[80,60]   [60,50,15] (25)   5643.69
[80,60]   [60,50,15] (30)   1624.43
[80,60]   [60,50,20] (0)   5998.77
[80,60]   [60,50,20] (5)   6032.66
[80,60]   [60,50,20] (10)   5920.07
[80,60]   [60,50,20] (15)   6039.98
[80,60]   [60,50,20] (20)   5979.08
[80,60]   [60,50,20] (25)   5672.94
[80,60]   [60,50,20] (30)   1331.53
[80,60]   [60,60,5] (0)   640.774
[80,60]   [60,60,5] (5)   648.92
[80,60]   [60,60,5] (10)   704.318
[80,60]   [60,60,5] (15)   685.96
[80,60]   [60,60,5] (20)   640.382
[80,60]   [60,60,5] (25)   677.831
[80,60]   [60,60,5] (30)   839.853
[80,60]   [60,60,10] (0)   626.199
[80,60]   [60,60,10] (5)   616.11
[80,60]   [60,60,10] (10)   643.311
[80,60]   [60,60,10] (15)   691.078
[80,60]   [60,60,10] (20)   719.771
[80,60]   [60,60,10] (25)   613.994
[80,60]   [60,60,10] (30)   816.278
[80,60]   [60,60,15] (0)   646.244
[80,60]   [60,60,15] (5)   679.479
[80,60]   [60,60,15] (10)   664.914
[80,60]   [60,60,15] (15)   636.026
[80,60]   [60,60,15] (20)   649.758
[80,60]   [60,60,15] (25)   752.132
[80,60]   [60,60,15] (30)   760.159
[80,60]   [60,60,20] (0)   608.548
[80,60]   [60,60,20] (5)   695.405
[80,60]   [60,60,20] (10)   668.379
[80,60]   [60,60,20] (15)   584.284
[80,60]   [60,60,20] (20)   674.623
[80,60]   [60,60,20] (25)   695.456
[80,60]   [60,60,20] (30)   605.199
