[20,20]   [10,10,5] (0)   67.792
[20,20]   [10,10,5] (5)   51.8175
[20,20]   [10,10,5] (10)   53.7464
[20,20]   [10,10,5] (15)   64.1705
[20,20]   [10,10,5] (20)   74.9418
[20,20]   [10,10,5] (25)   85.0566
[20,20]   [10,10,5] (30)   95.6451
[20,20]   [10,10,10] (0)   69.4156
[20,20]   [10,10,10] (5)   62.1149
[20,20]   [10,10,10] (10)   69.002
[20,20]   [10,10,10] (15)   77.6858
[20,20]   [10,10,10] (20)   86.4598
[20,20]   [10,10,10] (25)   95.3842
[20,20]   [10,10,10] (30)   104.168
[20,20]   [10,10,15] (0)   68.4234
[20,20]   [10,10,15] (5)   60.9914
[20,20]   [10,10,15] (10)   68.3845
[20,20]   [10,10,15] (15)   77.6569
[20,20]   [10,10,15] (20)   86.8292
[20,20]   [10,10,15] (25)   96.0658
[20,20]   [10,10,15] (30)   105.151
[20,20]   [10,10,20] (0)   70.3253
[20,20]   [10,10,20] (5)   65.1475
[20,20]   [10,10,20] (10)   72.8279
[20,20]   [10,10,20] (15)   81.7497
[20,20]   [10,10,20] (20)   90.5924
[20,20]   [10,10,20] (25)   99.428
[20,20]   [10,10,20] (30)   108.049
[20,20]   [10,20,5] (0)   6350.53
[20,20]   [10,20,5] (5)   6470.57
[20,20]   [10,20,5] (10)   6502.85
[20,20]   [10,20,5] (15)   6543.97
[20,20]   [10,20,5] (20)   6157.05
[20,20]   [10,20,5] (25)   5783.29
[20,20]   [10,20,5] (30)   4622.56
[20,20]   [10,20,10] (0)   6378.26
[20,20]   [10,20,10] (5)   6462.99
[20,20]   [10,20,10] (10)   6462.98
[20,20]   [10,20,10] (15)   6568.4
[20,20]   [10,20,10] (20)   5868.89
[20,20]   [10,20,10] (25)   6602.84
[20,20]   [10,20,10] (30)   6457.56
[20,20]   [10,20,15] (0)   6512.54
[20,20]   [10,20,15] (5)   6436.65
[20,20]   [10,20,15] (10)   6593.88
[20,20]   [10,20,15] (15)   6505.38
[20,20]   [10,20,15] (20)   6450.51
[20,20]   [10,20,15] (25)   3551.66
[20,20]   [10,20,15] (30)   3163.06
[20,20]   [10,20,20] (0)   6506.74
[20,20]   [10,20,20] (5)   6431.27
[20,20]   [10,20,20] (10)   6466.21
[20,20]   [10,20,20] (15)   6408.77
[20,20]   [10,20,20] (20)   6403.47
[20,20]   [10,20,20] (25)   6517.09
[20,20]   [10,20,20] (30)   6434.78
[20,20]   [10,30,5] (0)   13943
[20,20]   [10,30,5] (5)   13705
[20,20]   [10,30,5] (10)   13887.8
[20,20]   [10,30,5] (15)   14070.3
[20,20]   [10,30,5] (20)   14071.5
[20,20]   [10,30,5] (25)   13807.7
[20,20]   [10,30,5] (30)   12463.9
[20,20]   [10,30,10] (0)   13864
[20,20]   [10,30,10] (5)   14091.6
[20,20]   [10,30,10] (10)   13862.6
[20,20]   [10,30,10] (15)   13724.8
[20,20]   [10,30,10] (20)   13712.7
[20,20]   [10,30,10] (25)   13880.1
[20,20]   [10,30,10] (30)   13878.4
[20,20]   [10,30,15] (0)   13824.1
[20,20]   [10,30,15] (5)   13916.2
[20,20]   [10,30,15] (10)   13871.5
[20,20]   [10,30,15] (15)   14046.1
[20,20]   [10,30,15] (20)   13907.8
[20,20]   [10,30,15] (25)   13913.1
[20,20]   [10,30,15] (30)   11115
[20,20]   [10,30,20] (0)   13870.3
[20,20]   [10,30,20] (5)   13654.2
[20,20]   [10,30,20] (10)   13919.8
[20,20]   [10,30,20] (15)   13751.8
[20,20]   [10,30,20] (20)   13996.2
[20,20]   [10,30,20] (25)   13877.3
[20,20]   [10,30,20] (30)   13880.8
[20,20]   [10,40,5] (0)   18934.8
[20,20]   [10,40,5] (5)   19053.3
[20,20]   [10,40,5] (10)   19088.5
[20,20]   [10,40,5] (15)   19053.4
[20,20]   [10,40,5] (20)   19098.9
[20,20]   [10,40,5] (25)   19288.7
[20,20]   [10,40,5] (30)   19081.6
[20,20]   [10,40,10] (0)   18983.3
[20,20]   [10,40,10] (5)   18996.6
[20,20]   [10,40,10] (10)   19059.3
[20,20]   [10,40,10] (15)   19008.4
[20,20]   [10,40,10] (20)   18778.4
[20,20]   [10,40,10] (25)   19059.3
[20,20]   [10,40,10] (30)   19158.8
[20,20]   [10,40,15] (0)   19176.6
[20,20]   [10,40,15] (5)   19111.8
[20,20]   [10,40,15] (10)   19055.6
[20,20]   [10,40,15] (15)   19119.8
[20,20]   [10,40,15] (20)   18854.4
[20,20]   [10,40,15] (25)   19073.4
[20,20]   [10,40,15] (30)   18959
[20,20]   [10,40,20] (0)   19176.1
[20,20]   [10,40,20] (5)   19039.4
[20,20]   [10,40,20] (10)   18978.6
[20,20]   [10,40,20] (15)   19253.3
[20,20]   [10,40,20] (20)   19325
[20,20]   [10,40,20] (25)   18990.1
[20,20]   [10,40,20] (30)   18975.1
[20,20]   [10,50,5] (0)   22856.8
[20,20]   [10,50,5] (5)   22940
[20,20]   [10,50,5] (10)   22830.2
[20,20]   [10,50,5] (15)   22940.9
[20,20]   [10,50,5] (20)   22793.7
[20,20]   [10,50,5] (25)   22853.2
[20,20]   [10,50,5] (30)   22830.7
[20,20]   [10,50,10] (0)   22865.5
[20,20]   [10,50,10] (5)   22750.2
[20,20]   [10,50,10] (10)   22814.2
[20,20]   [10,50,10] (15)   22840.6
[20,20]   [10,50,10] (20)   22814
[20,20]   [10,50,10] (25)   22865.9
[20,20]   [10,50,10] (30)   22745.9
[20,20]   [10,50,15] (0)   22872.6
[20,20]   [10,50,15] (5)   23124.4
[20,20]   [10,50,15] (10)   22762.4
[20,20]   [10,50,15] (15)   22868.9
[20,20]   [10,50,15] (20)   22841.4
[20,20]   [10,50,15] (25)   22914.4
[20,20]   [10,50,15] (30)   23139.1
[20,20]   [10,50,20] (0)   23028.4
[20,20]   [10,50,20] (5)   22860
[20,20]   [10,50,20] (10)   22843.4
[20,20]   [10,50,20] (15)   22770.7
[20,20]   [10,50,20] (20)   22913.9
[20,20]   [10,50,20] (25)   22864.4
[20,20]   [10,50,20] (30)   22840.4
[20,20]   [10,60,5] (0)   25829.1
[20,20]   [10,60,5] (5)   26095.8
[20,20]   [10,60,5] (10)   25707.5
[20,20]   [10,60,5] (15)   25947.1
[20,20]   [10,60,5] (20)   25763
[20,20]   [10,60,5] (25)   25717.2
[20,20]   [10,60,5] (30)   25820.5
[20,20]   [10,60,10] (0)   25848.7
[20,20]   [10,60,10] (5)   26006.8
[20,20]   [10,60,10] (10)   26045.3
[20,20]   [10,60,10] (15)   25866.5
[20,20]   [10,60,10] (20)   25952.8
[20,20]   [10,60,10] (25)   25791.9
[20,20]   [10,60,10] (30)   25662.8
[20,20]   [10,60,15] (0)   25737.3
[20,20]   [10,60,15] (5)   25689
[20,20]   [10,60,15] (10)   25736.4
[20,20]   [10,60,15] (15)   25788.7
[20,20]   [10,60,15] (20)   25961
[20,20]   [10,60,15] (25)   26402.2
[20,20]   [10,60,15] (30)   25878.7
[20,20]   [10,60,20] (0)   25936.1
[20,20]   [10,60,20] (5)   25730.1
[20,20]   [10,60,20] (10)   25707.3
[20,20]   [10,60,20] (15)   25715.4
[20,20]   [10,60,20] (20)   25718.5
[20,20]   [10,60,20] (25)   25737
[20,20]   [10,60,20] (30)   25844.4
[20,20]   [20,10,5] (0)   6858.77
[20,20]   [20,10,5] (5)   227.885
[20,20]   [20,10,5] (10)   54.2525
[20,20]   [20,10,5] (15)   58.5951
[20,20]   [20,10,5] (20)   67.969
[20,20]   [20,10,5] (25)   78.4566
[20,20]   [20,10,5] (30)   88.8989
[20,20]   [20,10,10] (0)   6784.81
[20,20]   [20,10,10] (5)   1605.27
[20,20]   [20,10,10] (10)   71.8802
[20,20]   [20,10,10] (15)   77.3554
[20,20]   [20,10,10] (20)   85.3354
[20,20]   [20,10,10] (25)   93.7386
[20,20]   [20,10,10] (30)   102.12
[20,20]   [20,10,15] (0)   6690
[20,20]   [20,10,15] (5)   80.5833
[20,20]   [20,10,15] (10)   69.3272
[20,20]   [20,10,15] (15)   76.1125
[20,20]   [20,10,15] (20)   84.4512
[20,20]   [20,10,15] (25)   93.505
[20,20]   [20,10,15] (30)   102.177
[20,20]   [20,10,20] (0)   6950.79
[20,20]   [20,10,20] (5)   111.465
[20,20]   [20,10,20] (10)   85.1102
[20,20]   [20,10,20] (15)   89.5514
[20,20]   [20,10,20] (20)   98.1648
[20,20]   [20,10,20] (25)   105.94
[20,20]   [20,10,20] (30)   114.36
[20,20]   [20,20,5] (0)   120.603
[20,20]   [20,20,5] (5)   122.455
[20,20]   [20,20,5] (10)   95.0007
[20,20]   [20,20,5] (15)   79.7772
[20,20]   [20,20,5] (20)   86.8318
[20,20]   [20,20,5] (25)   96.7263
[20,20]   [20,20,5] (30)   103.51
[20,20]   [20,20,10] (0)   122.381
[20,20]   [20,20,10] (5)   121.406
[20,20]   [20,20,10] (10)   105.576
[20,20]   [20,20,10] (15)   99.7638
[20,20]   [20,20,10] (20)   107.084
[20,20]   [20,20,10] (25)   114.587
[20,20]   [20,20,10] (30)   122.199
[20,20]   [20,20,15] (0)   122.02
[20,20]   [20,20,15] (5)   122.01
[20,20]   [20,20,15] (10)   97.6662
[20,20]   [20,20,15] (15)   96.793
[20,20]   [20,20,15] (20)   105.679
[20,20]   [20,20,15] (25)   113.132
[20,20]   [20,20,15] (30)   120.611
[20,20]   [20,20,20] (0)   121.478
[20,20]   [20,20,20] (5)   121.334
[20,20]   [20,20,20] (10)   114.057
[20,20]   [20,20,20] (15)   119.953
[20,20]   [20,20,20] (20)   127.192
[20,20]   [20,20,20] (25)   135.163
[20,20]   [20,20,20] (30)   142.156
[20,20]   [20,30,5] (0)   3771.4
[20,20]   [20,30,5] (5)   3748.88
[20,20]   [20,30,5] (10)   3720.1
[20,20]   [20,30,5] (15)   3759.42
[20,20]   [20,30,5] (20)   3752.54
[20,20]   [20,30,5] (25)   3724.66
[20,20]   [20,30,5] (30)   3263.42
[20,20]   [20,30,10] (0)   3746.13
[20,20]   [20,30,10] (5)   3643.25
[20,20]   [20,30,10] (10)   3680.07
[20,20]   [20,30,10] (15)   3680.69
[20,20]   [20,30,10] (20)   3675.57
[20,20]   [20,30,10] (25)   3759.06
[20,20]   [20,30,10] (30)   3806.65
[20,20]   [20,30,15] (0)   3720.49
[20,20]   [20,30,15] (5)   3683.64
[20,20]   [20,30,15] (10)   3747.99
[20,20]   [20,30,15] (15)   3710.66
[20,20]   [20,30,15] (20)   3724.26
[20,20]   [20,30,15] (25)   3372.24
[20,20]   [20,30,15] (30)   2980.6
[20,20]   [20,30,20] (0)   3721.04
[20,20]   [20,30,20] (5)   3895.41
[20,20]   [20,30,20] (10)   3765.64
[20,20]   [20,30,20] (15)   3733.31
[20,20]   [20,30,20] (20)   3755.14
[20,20]   [20,30,20] (25)   3747.91
[20,20]   [20,30,20] (30)   3732.92
[20,20]   [20,40,5] (0)   14467.7
[20,20]   [20,40,5] (5)   14360.4
[20,20]   [20,40,5] (10)   14346.7
[20,20]   [20,40,5] (15)   14260.3
[20,20]   [20,40,5] (20)   14351.1
[20,20]   [20,40,5] (25)   14377.1
[20,20]   [20,40,5] (30)   14263.9
[20,20]   [20,40,10] (0)   14275.2
[20,20]   [20,40,10] (5)   14284.7
[20,20]   [20,40,10] (10)   14360.5
[20,20]   [20,40,10] (15)   14414.4
[20,20]   [20,40,10] (20)   14281.5
[20,20]   [20,40,10] (25)   14292.9
[20,20]   [20,40,10] (30)   14249.2
[20,20]   [20,40,15] (0)   14387.9
[20,20]   [20,40,15] (5)   14316.8
[20,20]   [20,40,15] (10)   14265
[20,20]   [20,40,15] (15)   14294.6
[20,20]   [20,40,15] (20)   14339.9
[20,20]   [20,40,15] (25)   14338.6
[20,20]   [20,40,15] (30)   14378.5
[20,20]   [20,40,20] (0)   14348
[20,20]   [20,40,20] (5)   14382.4
[20,20]   [20,40,20] (10)   14367.4
[20,20]   [20,40,20] (15)   14444.5
[20,20]   [20,40,20] (20)   14415.2
[20,20]   [20,40,20] (25)   14152
[20,20]   [20,40,20] (30)   14065.5
[20,20]   [20,50,5] (0)   14025
[20,20]   [20,50,5] (5)   14012.9
[20,20]   [20,50,5] (10)   13937.6
[20,20]   [20,50,5] (15)   14019.6
[20,20]   [20,50,5] (20)   13887.2
[20,20]   [20,50,5] (25)   14076.2
[20,20]   [20,50,5] (30)   13921.2
[20,20]   [20,50,10] (0)   14068.5
[20,20]   [20,50,10] (5)   13918.3
[20,20]   [20,50,10] (10)   13925
[20,20]   [20,50,10] (15)   14131.8
[20,20]   [20,50,10] (20)   13911.5
[20,20]   [20,50,10] (25)   13979.7
[20,20]   [20,50,10] (30)   14031.1
[20,20]   [20,50,15] (0)   14048.2
[20,20]   [20,50,15] (5)   14181.2
[20,20]   [20,50,15] (10)   13972.2
[20,20]   [20,50,15] (15)   13936.3
[20,20]   [20,50,15] (20)   13928.8
[20,20]   [20,50,15] (25)   13944.9
[20,20]   [20,50,15] (30)   13992.9
[20,20]   [20,50,20] (0)   13992.7
[20,20]   [20,50,20] (5)   13860.3
[20,20]   [20,50,20] (10)   14088.9
[20,20]   [20,50,20] (15)   14176.7
[20,20]   [20,50,20] (20)   13954.4
[20,20]   [20,50,20] (25)   13797.3
[20,20]   [20,50,20] (30)   13989.8
[20,20]   [20,60,5] (0)   22720.2
[20,20]   [20,60,5] (5)   22927.8
[20,20]   [20,60,5] (10)   22785.4
[20,20]   [20,60,5] (15)   22840.4
[20,20]   [20,60,5] (20)   22620
[20,20]   [20,60,5] (25)   22679.4
[20,20]   [20,60,5] (30)   22841.2
[20,20]   [20,60,10] (0)   22861.8
[20,20]   [20,60,10] (5)   22643.6
[20,20]   [20,60,10] (10)   22798.3
[20,20]   [20,60,10] (15)   22895.6
[20,20]   [20,60,10] (20)   22994.8
[20,20]   [20,60,10] (25)   22868.5
[20,20]   [20,60,10] (30)   22899.9
[20,20]   [20,60,15] (0)   22893.1
[20,20]   [20,60,15] (5)   22757.8
[20,20]   [20,60,15] (10)   22909.7
[20,20]   [20,60,15] (15)   22763.9
[20,20]   [20,60,15] (20)   22978
[20,20]   [20,60,15] (25)   22824.9
[20,20]   [20,60,15] (30)   22987.2
[20,20]   [20,60,20] (0)   22815.4
[20,20]   [20,60,20] (5)   22762.1
[20,20]   [20,60,20] (10)   22884.1
[20,20]   [20,60,20] (15)   22901.7
[20,20]   [20,60,20] (20)   22876.1
[20,20]   [20,60,20] (25)   22827.1
[20,20]   [20,60,20] (30)   22849.9
[20,20]   [30,10,5] (0)   11466.3
[20,20]   [30,10,5] (5)   5071.79
[20,20]   [30,10,5] (10)   58.665
[20,20]   [30,10,5] (15)   59.6278
[20,20]   [30,10,5] (20)   65.0089
[20,20]   [30,10,5] (25)   72.9851
[20,20]   [30,10,5] (30)   83.1343
[20,20]   [30,10,10] (0)   11453.1
[20,20]   [30,10,10] (5)   6188.4
[20,20]   [30,10,10] (10)   100.574
[20,20]   [30,10,10] (15)   78.6402
[20,20]   [30,10,10] (20)   82.7907
[20,20]   [30,10,10] (25)   89.833
[20,20]   [30,10,10] (30)   98.3927
[20,20]   [30,10,15] (0)   11596
[20,20]   [30,10,15] (5)   2075.02
[20,20]   [30,10,15] (10)   74.4066
[20,20]   [30,10,15] (15)   77.6984
[20,20]   [30,10,15] (20)   82.6895
[20,20]   [30,10,15] (25)   90.5318
[20,20]   [30,10,15] (30)   99.1139
[20,20]   [30,10,20] (0)   11453.3
[20,20]   [30,10,20] (5)   2353.16
[20,20]   [30,10,20] (10)   77.0852
[20,20]   [30,10,20] (15)   79.8902
[20,20]   [30,10,20] (20)   86.9324
[20,20]   [30,10,20] (25)   94.5926
[20,20]   [30,10,20] (30)   102.857
[20,20]   [30,20,5] (0)   4735.34
[20,20]   [30,20,5] (5)   4604.01
[20,20]   [30,20,5] (10)   1731.18
[20,20]   [30,20,5] (15)   73.8963
[20,20]   [30,20,5] (20)   70.7455
[20,20]   [30,20,5] (25)   77.4361
[20,20]   [30,20,5] (30)   86.6853
[20,20]   [30,20,10] (0)   4650
[20,20]   [30,20,10] (5)   4683.62
[20,20]   [30,20,10] (10)   2530.01
[20,20]   [30,20,10] (15)   91.9001
[20,20]   [30,20,10] (20)   91.6588
[20,20]   [30,20,10] (25)   97.3194
[20,20]   [30,20,10] (30)   105.667
[20,20]   [30,20,15] (0)   4809.85
[20,20]   [30,20,15] (5)   4617.81
[20,20]   [30,20,15] (10)   383.874
[20,20]   [30,20,15] (15)   85.6405
[20,20]   [30,20,15] (20)   87.9888
[20,20]   [30,20,15] (25)   95.3388
[20,20]   [30,20,15] (30)   103.889
[20,20]   [30,20,20] (0)   4796.13
[20,20]   [30,20,20] (5)   4631.77
[20,20]   [30,20,20] (10)   1159.8
[20,20]   [30,20,20] (15)   102.899
[20,20]   [30,20,20] (20)   106.186
[20,20]   [30,20,20] (25)   113.179
[20,20]   [30,20,20] (30)   121.392
[20,20]   [30,30,5] (0)   111.947
[20,20]   [30,30,5] (5)   112.597
[20,20]   [30,30,5] (10)   113.519
[20,20]   [30,30,5] (15)   96.5145
[20,20]   [30,30,5] (20)   86.2322
[20,20]   [30,30,5] (25)   88.498
[20,20]   [30,30,5] (30)   97.0907
[20,20]   [30,30,10] (0)   112.247
[20,20]   [30,30,10] (5)   113.692
[20,20]   [30,30,10] (10)   110.508
[20,20]   [30,30,10] (15)   103.318
[20,20]   [30,30,10] (20)   98.825
[20,20]   [30,30,10] (25)   104.83
[20,20]   [30,30,10] (30)   112.7
[20,20]   [30,30,15] (0)   112.918
[20,20]   [30,30,15] (5)   113.291
[20,20]   [30,30,15] (10)   109.825
[20,20]   [30,30,15] (15)   98.2252
[20,20]   [30,30,15] (20)   97.0728
[20,20]   [30,30,15] (25)   103.214
[20,20]   [30,30,15] (30)   111.329
[20,20]   [30,30,20] (0)   112.562
[20,20]   [30,30,20] (5)   111.064
[20,20]   [30,30,20] (10)   111.855
[20,20]   [30,30,20] (15)   104.919
[20,20]   [30,30,20] (20)   104.509
[20,20]   [30,30,20] (25)   110.888
[20,20]   [30,30,20] (30)   119.298
[20,20]   [30,40,5] (0)   2305.25
[20,20]   [30,40,5] (5)   2258.74
[20,20]   [30,40,5] (10)   2241
[20,20]   [30,40,5] (15)   2254.65
[20,20]   [30,40,5] (20)   2212.5
[20,20]   [30,40,5] (25)   2298.84
[20,20]   [30,40,5] (30)   2253.44
[20,20]   [30,40,10] (0)   2280.53
[20,20]   [30,40,10] (5)   2230.73
[20,20]   [30,40,10] (10)   2295.07
[20,20]   [30,40,10] (15)   2215.88
[20,20]   [30,40,10] (20)   2405.57
[20,20]   [30,40,10] (25)   2230.54
[20,20]   [30,40,10] (30)   2286.25
[20,20]   [30,40,15] (0)   2250.21
[20,20]   [30,40,15] (5)   2232.27
[20,20]   [30,40,15] (10)   2240.06
[20,20]   [30,40,15] (15)   2203.65
[20,20]   [30,40,15] (20)   2239.61
[20,20]   [30,40,15] (25)   2306.6
[20,20]   [30,40,15] (30)   2311.56
[20,20]   [30,40,20] (0)   2290.09
[20,20]   [30,40,20] (5)   2325.58
[20,20]   [30,40,20] (10)   2259.88
[20,20]   [30,40,20] (15)   2301.42
[20,20]   [30,40,20] (20)   2222.45
[20,20]   [30,40,20] (25)   2262.54
[20,20]   [30,40,20] (30)   2261.61
[20,20]   [30,50,5] (0)   7039.81
[20,20]   [30,50,5] (5)   6871.41
[20,20]   [30,50,5] (10)   6940.79
[20,20]   [30,50,5] (15)   7028.62
[20,20]   [30,50,5] (20)   7038.79
[20,20]   [30,50,5] (25)   6919.95
[20,20]   [30,50,5] (30)   6924.42
[20,20]   [30,50,10] (0)   7106.21
[20,20]   [30,50,10] (5)   7151.74
[20,20]   [30,50,10] (10)   6890.49
[20,20]   [30,50,10] (15)   7046.97
[20,20]   [30,50,10] (20)   6995.15
[20,20]   [30,50,10] (25)   7149.46
[20,20]   [30,50,10] (30)   6946.11
[20,20]   [30,50,15] (0)   6987.81
[20,20]   [30,50,15] (5)   6965.76
[20,20]   [30,50,15] (10)   7057.46
[20,20]   [30,50,15] (15)   6953.6
[20,20]   [30,50,15] (20)   7111.35
[20,20]   [30,50,15] (25)   7008.09
[20,20]   [30,50,15] (30)   7060.61
[20,20]   [30,50,20] (0)   7048.48
[20,20]   [30,50,20] (5)   7101.71
[20,20]   [30,50,20] (10)   6932.03
[20,20]   [30,50,20] (15)   6952.36
[20,20]   [30,50,20] (20)   6958.35
[20,20]   [30,50,20] (25)   7092.89
[20,20]   [30,50,20] (30)   6983.94
[20,20]   [30,60,5] (0)   10985.6
[20,20]   [30,60,5] (5)   10726.8
[20,20]   [30,60,5] (10)   10834.2
[20,20]   [30,60,5] (15)   10751.1
[20,20]   [30,60,5] (20)   10987.5
[20,20]   [30,60,5] (25)   10874.4
[20,20]   [30,60,5] (30)   10719.3
[20,20]   [30,60,10] (0)   10861
[20,20]   [30,60,10] (5)   10748.7
[20,20]   [30,60,10] (10)   10893.1
[20,20]   [30,60,10] (15)   10863.8
[20,20]   [30,60,10] (20)   10894.2
[20,20]   [30,60,10] (25)   10977
[20,20]   [30,60,10] (30)   10902.9
[20,20]   [30,60,15] (0)   10627.3
[20,20]   [30,60,15] (5)   10861.9
[20,20]   [30,60,15] (10)   10851.1
[20,20]   [30,60,15] (15)   10849.3
[20,20]   [30,60,15] (20)   10763.9
[20,20]   [30,60,15] (25)   10847.4
[20,20]   [30,60,15] (30)   10862.1
[20,20]   [30,60,20] (0)   10855
[20,20]   [30,60,20] (5)   10943.9
[20,20]   [30,60,20] (10)   10840.2
[20,20]   [30,60,20] (15)   10876.5
[20,20]   [30,60,20] (20)   10768
[20,20]   [30,60,20] (25)   10842.2
[20,20]   [30,60,20] (30)   10815.9
[20,20]   [40,10,5] (0)   14781.9
[20,20]   [40,10,5] (5)   7819.05
[20,20]   [40,10,5] (10)   75.7786
[20,20]   [40,10,5] (15)   62.5039
[20,20]   [40,10,5] (20)   66.654
[20,20]   [40,10,5] (25)   72.3061
[20,20]   [40,10,5] (30)   79.2491
[20,20]   [40,10,10] (0)   15507.3
[20,20]   [40,10,10] (5)   10170.6
[20,20]   [40,10,10] (10)   2993.27
[20,20]   [40,10,10] (15)   87.0166
[20,20]   [40,10,10] (20)   85.6848
[20,20]   [40,10,10] (25)   89.5497
[20,20]   [40,10,10] (30)   95.7954
[20,20]   [40,10,15] (0)   15529.7
[20,20]   [40,10,15] (5)   5547.07
[20,20]   [40,10,15] (10)   174.998
[20,20]   [40,10,15] (15)   83.5341
[20,20]   [40,10,15] (20)   85.5918
[20,20]   [40,10,15] (25)   90.3322
[20,20]   [40,10,15] (30)   97.4079
[20,20]   [40,10,20] (0)   14811.5
[20,20]   [40,10,20] (5)   6703.89
[20,20]   [40,10,20] (10)   98.7063
[20,20]   [40,10,20] (15)   96.6831
[20,20]   [40,10,20] (20)   102.01
[20,20]   [40,10,20] (25)   106.706
[20,20]   [40,10,20] (30)   113.251
[20,20]   [40,20,5] (0)   11195.9
[20,20]   [40,20,5] (5)   10984.6
[20,20]   [40,20,5] (10)   6466.24
[20,20]   [40,20,5] (15)   87.8451
[20,20]   [40,20,5] (20)   73.0669
[20,20]   [40,20,5] (25)   75.9997
[20,20]   [40,20,5] (30)   82.4309
[20,20]   [40,20,10] (0)   11119.7
[20,20]   [40,20,10] (5)   11051.7
[20,20]   [40,20,10] (10)   8138.72
[20,20]   [40,20,10] (15)   808.016
[20,20]   [40,20,10] (20)   93.1969
[20,20]   [40,20,10] (25)   95.2946
[20,20]   [40,20,10] (30)   99.9957
[20,20]   [40,20,15] (0)   11148.1
[20,20]   [40,20,15] (5)   11181.7
[20,20]   [40,20,15] (10)   5410.41
[20,20]   [40,20,15] (15)   96.5495
[20,20]   [40,20,15] (20)   92.9671
[20,20]   [40,20,15] (25)   95.0456
[20,20]   [40,20,15] (30)   101.545
[20,20]   [40,20,20] (0)   11287.4
[20,20]   [40,20,20] (5)   11205.2
[20,20]   [40,20,20] (10)   9163.39
[20,20]   [40,20,20] (15)   130.725
[20,20]   [40,20,20] (20)   122.399
[20,20]   [40,20,20] (25)   126.893
[20,20]   [40,20,20] (30)   134.719
[20,20]   [40,30,5] (0)   3494.29
[20,20]   [40,30,5] (5)   3447.49
[20,20]   [40,30,5] (10)   3493.51
[20,20]   [40,30,5] (15)   2155.39
[20,20]   [40,30,5] (20)   93.3113
[20,20]   [40,30,5] (25)   82.3668
[20,20]   [40,30,5] (30)   86.2372
[20,20]   [40,30,10] (0)   3509.04
[20,20]   [40,30,10] (5)   3506.36
[20,20]   [40,30,10] (10)   3501.58
[20,20]   [40,30,10] (15)   2889.4
[20,20]   [40,30,10] (20)   110.547
[20,20]   [40,30,10] (25)   100.215
[20,20]   [40,30,10] (30)   104.483
[20,20]   [40,30,15] (0)   3489.96
[20,20]   [40,30,15] (5)   3482.29
[20,20]   [40,30,15] (10)   3585.53
[20,20]   [40,30,15] (15)   1679.02
[20,20]   [40,30,15] (20)   99.3409
[20,20]   [40,30,15] (25)   98.8977
[20,20]   [40,30,15] (30)   104.479
[20,20]   [40,30,20] (0)   3493.44
[20,20]   [40,30,20] (5)   3533.34
[20,20]   [40,30,20] (10)   3502.03
[20,20]   [40,30,20] (15)   2364.1
[20,20]   [40,30,20] (20)   114.241
[20,20]   [40,30,20] (25)   113.829
[20,20]   [40,30,20] (30)   119.499
[20,20]   [40,40,5] (0)   128.678
[20,20]   [40,40,5] (5)   131.935
[20,20]   [40,40,5] (10)   130.384
[20,20]   [40,40,5] (15)   128.527
[20,20]   [40,40,5] (20)   121.742
[20,20]   [40,40,5] (25)   108.714
[20,20]   [40,40,5] (30)   101.609
[20,20]   [40,40,10] (0)   128.755
[20,20]   [40,40,10] (5)   126.978
[20,20]   [40,40,10] (10)   129.533
[20,20]   [40,40,10] (15)   129.546
[20,20]   [40,40,10] (20)   128.678
[20,20]   [40,40,10] (25)   118.174
[20,20]   [40,40,10] (30)   118.56
[20,20]   [40,40,15] (0)   129.106
[20,20]   [40,40,15] (5)   130.975
[20,20]   [40,40,15] (10)   130.117
[20,20]   [40,40,15] (15)   129.739
[20,20]   [40,40,15] (20)   122.236
[20,20]   [40,40,15] (25)   113.255
[20,20]   [40,40,15] (30)   116.768
[20,20]   [40,40,20] (0)   128.374
[20,20]   [40,40,20] (5)   134.247
[20,20]   [40,40,20] (10)   130.128
[20,20]   [40,40,20] (15)   127.222
[20,20]   [40,40,20] (20)   131.998
[20,20]   [40,40,20] (25)   132.35
[20,20]   [40,40,20] (30)   139.401
[20,20]   [40,50,5] (0)   1343.94
[20,20]   [40,50,5] (5)   1471.21
[20,20]   [40,50,5] (10)   1316.68
[20,20]   [40,50,5] (15)   1387.97
[20,20]   [40,50,5] (20)   1383.27
[20,20]   [40,50,5] (25)   1379.86
[20,20]   [40,50,5] (30)   1205.19
[20,20]   [40,50,10] (0)   1311.23
[20,20]   [40,50,10] (5)   1407.92
[20,20]   [40,50,10] (10)   1318.72
[20,20]   [40,50,10] (15)   1428.53
[20,20]   [40,50,10] (20)   1376.11
[20,20]   [40,50,10] (25)   1442.2
[20,20]   [40,50,10] (30)   1309.52
[20,20]   [40,50,15] (0)   1335.47
[20,20]   [40,50,15] (5)   1319.19
[20,20]   [40,50,15] (10)   1269.99
[20,20]   [40,50,15] (15)   1303.58
[20,20]   [40,50,15] (20)   1279.8
[20,20]   [40,50,15] (25)   1294.24
[20,20]   [40,50,15] (30)   1370.83
[20,20]   [40,50,20] (0)   1360.92
[20,20]   [40,50,20] (5)   1391.73
[20,20]   [40,50,20] (10)   1375.92
[20,20]   [40,50,20] (15)   1318.3
[20,20]   [40,50,20] (20)   1424.83
[20,20]   [40,50,20] (25)   1380.85
[20,20]   [40,50,20] (30)   1450.91
[20,20]   [40,60,5] (0)   7647.99
[20,20]   [40,60,5] (5)   7663.69
[20,20]   [40,60,5] (10)   7686.63
[20,20]   [40,60,5] (15)   7679.69
[20,20]   [40,60,5] (20)   7518.67
[20,20]   [40,60,5] (25)   7689.9
[20,20]   [40,60,5] (30)   7682.97
[20,20]   [40,60,10] (0)   7665.42
[20,20]   [40,60,10] (5)   7728.54
[20,20]   [40,60,10] (10)   7470.93
[20,20]   [40,60,10] (15)   7515.76
[20,20]   [40,60,10] (20)   7529.28
[20,20]   [40,60,10] (25)   7436.32
[20,20]   [40,60,10] (30)   7593.7
[20,20]   [40,60,15] (0)   7594.7
[20,20]   [40,60,15] (5)   7558.67
[20,20]   [40,60,15] (10)   7604.17
[20,20]   [40,60,15] (15)   7584.73
[20,20]   [40,60,15] (20)   7678.7
[20,20]   [40,60,15] (25)   7577.14
[20,20]   [40,60,15] (30)   7609.36
[20,20]   [40,60,20] (0)   7639.54
[20,20]   [40,60,20] (5)   7615.21
[20,20]   [40,60,20] (10)   7679.69
[20,20]   [40,60,20] (15)   7490.2
[20,20]   [40,60,20] (20)   7553.45
[20,20]   [40,60,20] (25)   7452.7
[20,20]   [40,60,20] (30)   7658.27
[20,20]   [50,10,5] (0)   17932.6
[20,20]   [50,10,5] (5)   11080.5
[20,20]   [50,10,5] (10)   1235.14
[20,20]   [50,10,5] (15)   66.8712
[20,20]   [50,10,5] (20)   69.3533
[20,20]   [50,10,5] (25)   74.4713
[20,20]   [50,10,5] (30)   79.8296
[20,20]   [50,10,10] (0)   17810.9
[20,20]   [50,10,10] (5)   12816.1
[20,20]   [50,10,10] (10)   6084.95
[20,20]   [50,10,10] (15)   1129.13
[20,20]   [50,10,10] (20)   92.4773
[20,20]   [50,10,10] (25)   93.3826
[20,20]   [50,10,10] (30)   96.8967
[20,20]   [50,10,15] (0)   17793.6
[20,20]   [50,10,15] (5)   9044.32
[20,20]   [50,10,15] (10)   2993.36
[20,20]   [50,10,15] (15)   93.8646
[20,20]   [50,10,15] (20)   89.8127
[20,20]   [50,10,15] (25)   93.0419
[20,20]   [50,10,15] (30)   97.0568
[20,20]   [50,10,20] (0)   18368.8
[20,20]   [50,10,20] (5)   9615.84
[20,20]   [50,10,20] (10)   2264.01
[20,20]   [50,10,20] (15)   192.896
[20,20]   [50,10,20] (20)   92.7905
[20,20]   [50,10,20] (25)   94.0763
[20,20]   [50,10,20] (30)   100.077
[20,20]   [50,20,5] (0)   11529.1
[20,20]   [50,20,5] (5)   11498.5
[20,20]   [50,20,5] (10)   8218.91
[20,20]   [50,20,5] (15)   749.36
[20,20]   [50,20,5] (20)   76.4242
[20,20]   [50,20,5] (25)   77.9096
[20,20]   [50,20,5] (30)   82.8594
[20,20]   [50,20,10] (0)   11441
[20,20]   [50,20,10] (5)   11279.5
[20,20]   [50,20,10] (10)   9424.69
[20,20]   [50,20,10] (15)   3811.74
[20,20]   [50,20,10] (20)   126.533
[20,20]   [50,20,10] (25)   97.74
[20,20]   [50,20,10] (30)   100.307
[20,20]   [50,20,15] (0)   11516.3
[20,20]   [50,20,15] (5)   11583.2
[20,20]   [50,20,15] (10)   7219.24
[20,20]   [50,20,15] (15)   506.689
[20,20]   [50,20,15] (20)   95.6297
[20,20]   [50,20,15] (25)   99.8699
[20,20]   [50,20,15] (30)   100.772
[20,20]   [50,20,20] (0)   11278.9
[20,20]   [50,20,20] (5)   11240
[20,20]   [50,20,20] (10)   7994.06
[20,20]   [50,20,20] (15)   263.921
[20,20]   [50,20,20] (20)   119.941
[20,20]   [50,20,20] (25)   114.985
[20,20]   [50,20,20] (30)   118.772
[20,20]   [50,30,5] (0)   6602
[20,20]   [50,30,5] (5)   6588.63
[20,20]   [50,30,5] (10)   6357.96
[20,20]   [50,30,5] (15)   5042.57
[20,20]   [50,30,5] (20)   301.875
[20,20]   [50,30,5] (25)   85.0421
[20,20]   [50,30,5] (30)   86.0016
[20,20]   [50,30,10] (0)   6582.86
[20,20]   [50,30,10] (5)   6507.18
[20,20]   [50,30,10] (10)   6741.5
[20,20]   [50,30,10] (15)   5920.41
[20,20]   [50,30,10] (20)   2034.46
[20,20]   [50,30,10] (25)   107.057
[20,20]   [50,30,10] (30)   103.804
[20,20]   [50,30,15] (0)   6592.56
[20,20]   [50,30,15] (5)   6585.04
[20,20]   [50,30,15] (10)   6490.75
[20,20]   [50,30,15] (15)   4695.33
[20,20]   [50,30,15] (20)   130.826
[20,20]   [50,30,15] (25)   102.375
[20,20]   [50,30,15] (30)   103.264
[20,20]   [50,30,20] (0)   6711.78
[20,20]   [50,30,20] (5)   6535.08
[20,20]   [50,30,20] (10)   6565.75
[20,20]   [50,30,20] (15)   5295.96
[20,20]   [50,30,20] (20)   125.071
[20,20]   [50,30,20] (25)   101.187
[20,20]   [50,30,20] (30)   105.063
[20,20]   [50,40,5] (0)   2773.15
[20,20]   [50,40,5] (5)   2757.51
[20,20]   [50,40,5] (10)   2739.37
[20,20]   [50,40,5] (15)   2464.9
[20,20]   [50,40,5] (20)   1826.72
[20,20]   [50,40,5] (25)   123.349
[20,20]   [50,40,5] (30)   97.0763
[20,20]   [50,40,10] (0)   2717.58
[20,20]   [50,40,10] (5)   2776.81
[20,20]   [50,40,10] (10)   2738.25
[20,20]   [50,40,10] (15)   2708.54
[20,20]   [50,40,10] (20)   2582.07
[20,20]   [50,40,10] (25)   204.795
[20,20]   [50,40,10] (30)   114.305
[20,20]   [50,40,15] (0)   2848.49
[20,20]   [50,40,15] (5)   2798.56
[20,20]   [50,40,15] (10)   2757.78
[20,20]   [50,40,15] (15)   2786.15
[20,20]   [50,40,15] (20)   1528.15
[20,20]   [50,40,15] (25)   117.911
[20,20]   [50,40,15] (30)   108.782
[20,20]   [50,40,20] (0)   2837.06
[20,20]   [50,40,20] (5)   2848.92
[20,20]   [50,40,20] (10)   2747.96
[20,20]   [50,40,20] (15)   2753.95
[20,20]   [50,40,20] (20)   2242.08
[20,20]   [50,40,20] (25)   134.857
[20,20]   [50,40,20] (30)   125.161
[20,20]   [50,50,5] (0)   133.859
[20,20]   [50,50,5] (5)   136.149
[20,20]   [50,50,5] (10)   133.647
[20,20]   [50,50,5] (15)   131.945
[20,20]   [50,50,5] (20)   134.013
[20,20]   [50,50,5] (25)   129.853
[20,20]   [50,50,5] (30)   120.678
[20,20]   [50,50,10] (0)   133.007
[20,20]   [50,50,10] (5)   135.15
[20,20]   [50,50,10] (10)   133.339
[20,20]   [50,50,10] (15)   132.361
[20,20]   [50,50,10] (20)   133.476
[20,20]   [50,50,10] (25)   134.526
[20,20]   [50,50,10] (30)   126.017
[20,20]   [50,50,15] (0)   133.572
[20,20]   [50,50,15] (5)   134.244
[20,20]   [50,50,15] (10)   136.072
[20,20]   [50,50,15] (15)   133.509
[20,20]   [50,50,15] (20)   133.756
[20,20]   [50,50,15] (25)   130.22
[20,20]   [50,50,15] (30)   122.007
[20,20]   [50,50,20] (0)   133.417
[20,20]   [50,50,20] (5)   135.29
[20,20]   [50,50,20] (10)   134.634
[20,20]   [50,50,20] (15)   133.779
[20,20]   [50,50,20] (20)   132.584
[20,20]   [50,50,20] (25)   132.754
[20,20]   [50,50,20] (30)   124.647
[20,20]   [50,60,5] (0)   803.965
[20,20]   [50,60,5] (5)   792.832
[20,20]   [50,60,5] (10)   724.628
[20,20]   [50,60,5] (15)   814.445
[20,20]   [50,60,5] (20)   702.014
[20,20]   [50,60,5] (25)   785.734
[20,20]   [50,60,5] (30)   674.233
[20,20]   [50,60,10] (0)   750.589
[20,20]   [50,60,10] (5)   850.468
[20,20]   [50,60,10] (10)   776.547
[20,20]   [50,60,10] (15)   720.215
[20,20]   [50,60,10] (20)   698.387
[20,20]   [50,60,10] (25)   753.136
[20,20]   [50,60,10] (30)   746.614
[20,20]   [50,60,15] (0)   754.958
[20,20]   [50,60,15] (5)   820.047
[20,20]   [50,60,15] (10)   785.25
[20,20]   [50,60,15] (15)   752.085
[20,20]   [50,60,15] (20)   752.13
[20,20]   [50,60,15] (25)   696.977
[20,20]   [50,60,15] (30)   732.317
[20,20]   [50,60,20] (0)   753.696
[20,20]   [50,60,20] (5)   731.191
[20,20]   [50,60,20] (10)   849.36
[20,20]   [50,60,20] (15)   769.917
[20,20]   [50,60,20] (20)   696.862
[20,20]   [50,60,20] (25)   809.189
[20,20]   [50,60,20] (30)   690.151
[20,20]   [60,10,5] (0)   19599.1
[20,20]   [60,10,5] (5)   12671.9
[20,20]   [60,10,5] (10)   3649.87
[20,20]   [60,10,5] (15)   77.1001
[20,20]   [60,10,5] (20)   74.1086
[20,20]   [60,10,5] (25)   77.5987
[20,20]   [60,10,5] (30)   82.6457
[20,20]   [60,10,10] (0)   20168.7
[20,20]   [60,10,10] (5)   15127.7
[20,20]   [60,10,10] (10)   8481.48
[20,20]   [60,10,10] (15)   3672.71
[20,20]   [60,10,10] (20)   176.511
[20,20]   [60,10,10] (25)   99.2546
[20,20]   [60,10,10] (30)   101.146
[20,20]   [60,10,15] (0)   20814.5
[20,20]   [60,10,15] (5)   10875.2
[20,20]   [60,10,15] (10)   5566.96
[20,20]   [60,10,15] (15)   279.576
[20,20]   [60,10,15] (20)   98.7121
[20,20]   [60,10,15] (25)   97.7973
[20,20]   [60,10,15] (30)   100.948
[20,20]   [60,10,20] (0)   21143.8
[20,20]   [60,10,20] (5)   12579.8
[20,20]   [60,10,20] (10)   5160.52
[20,20]   [60,10,20] (15)   3528.17
[20,20]   [60,10,20] (20)   121.068
[20,20]   [60,10,20] (25)   115.223
[20,20]   [60,10,20] (30)   116.928
[20,20]   [60,20,5] (0)   16897.3
[20,20]   [60,20,5] (5)   17423.2
[20,20]   [60,20,5] (10)   12161.9
[20,20]   [60,20,5] (15)   3169.05
[20,20]   [60,20,5] (20)   84.1669
[20,20]   [60,20,5] (25)   81.1017
[20,20]   [60,20,5] (30)   85.5821
[20,20]   [60,20,10] (0)   16898.2
[20,20]   [60,20,10] (5)   17203.6
[20,20]   [60,20,10] (10)   13605.6
[20,20]   [60,20,10] (15)   6174.11
[20,20]   [60,20,10] (20)   1969.99
[20,20]   [60,20,10] (25)   110.274
[20,20]   [60,20,10] (30)   104.148
[20,20]   [60,20,15] (0)   17404.3
[20,20]   [60,20,15] (5)   17148.8
[20,20]   [60,20,15] (10)   11293.4
[20,20]   [60,20,15] (15)   3259.08
[20,20]   [60,20,15] (20)   134.95
[20,20]   [60,20,15] (25)   102.708
[20,20]   [60,20,15] (30)   104.096
[20,20]   [60,20,20] (0)   17075.8
[20,20]   [60,20,20] (5)   17242.2
[20,20]   [60,20,20] (10)   15657.4
[20,20]   [60,20,20] (15)   4581.12
[20,20]   [60,20,20] (20)   2420.34
[20,20]   [60,20,20] (25)   157.25
[20,20]   [60,20,20] (30)   137.716
[20,20]   [60,30,5] (0)   9186.7
[20,20]   [60,30,5] (5)   9226.21
[20,20]   [60,30,5] (10)   9019.15
[20,20]   [60,30,5] (15)   7755.43
[20,20]   [60,30,5] (20)   2504.95
[20,20]   [60,30,5] (25)   90.8824
[20,20]   [60,30,5] (30)   88.4024
[20,20]   [60,30,10] (0)   9054.1
[20,20]   [60,30,10] (5)   9099.2
[20,20]   [60,30,10] (10)   9049.59
[20,20]   [60,30,10] (15)   8493.43
[20,20]   [60,30,10] (20)   4566.04
[20,20]   [60,30,10] (25)   684.45
[20,20]   [60,30,10] (30)   109.71
[20,20]   [60,30,15] (0)   9190.64
[20,20]   [60,30,15] (5)   9220.15
[20,20]   [60,30,15] (10)   9083.63
[20,20]   [60,30,15] (15)   7202.9
[20,20]   [60,30,15] (20)   1734.45
[20,20]   [60,30,15] (25)   114.05
[20,20]   [60,30,15] (30)   107.436
[20,20]   [60,30,20] (0)   9134.74
[20,20]   [60,30,20] (5)   9259.27
[20,20]   [60,30,20] (10)   9081.87
[20,20]   [60,30,20] (15)   8193.71
[20,20]   [60,30,20] (20)   1779.21
[20,20]   [60,30,20] (25)   132.281
[20,20]   [60,30,20] (30)   125.8
[20,20]   [60,40,5] (0)   6455.01
[20,20]   [60,40,5] (5)   6465.02
[20,20]   [60,40,5] (10)   6347.18
[20,20]   [60,40,5] (15)   6515.48
[20,20]   [60,40,5] (20)   4999.8
[20,20]   [60,40,5] (25)   1766.55
[20,20]   [60,40,5] (30)   102.91
[20,20]   [60,40,10] (0)   6384.52
[20,20]   [60,40,10] (5)   6392.44
[20,20]   [60,40,10] (10)   6565.83
[20,20]   [60,40,10] (15)   6425.23
[20,20]   [60,40,10] (20)   5689.99
[20,20]   [60,40,10] (25)   2961.97
[20,20]   [60,40,10] (30)   128.463
[20,20]   [60,40,15] (0)   6441.83
[20,20]   [60,40,15] (5)   6563.92
[20,20]   [60,40,15] (10)   6361.23
[20,20]   [60,40,15] (15)   6337.26
[20,20]   [60,40,15] (20)   4802.78
[20,20]   [60,40,15] (25)   780.539
[20,20]   [60,40,15] (30)   116.736
[20,20]   [60,40,20] (0)   6556.08
[20,20]   [60,40,20] (5)   6434.22
[20,20]   [60,40,20] (10)   6531.21
[20,20]   [60,40,20] (15)   6524.25
[20,20]   [60,40,20] (20)   6207.9
[20,20]   [60,40,20] (25)   2381.49
[20,20]   [60,40,20] (30)   144.719
[20,20]   [60,50,5] (0)   2299.54
[20,20]   [60,50,5] (5)   2279.26
[20,20]   [60,50,5] (10)   2232.19
[20,20]   [60,50,5] (15)   2273.97
[20,20]   [60,50,5] (20)   2095.83
[20,20]   [60,50,5] (25)   1713.12
[20,20]   [60,50,5] (30)   306.666
[20,20]   [60,50,10] (0)   2359.32
[20,20]   [60,50,10] (5)   2238.95
[20,20]   [60,50,10] (10)   2298.85
[20,20]   [60,50,10] (15)   2279.86
[20,20]   [60,50,10] (20)   2261.47
[20,20]   [60,50,10] (25)   2150.8
[20,20]   [60,50,10] (30)   896.598
[20,20]   [60,50,15] (0)   2256.35
[20,20]   [60,50,15] (5)   2257.05
[20,20]   [60,50,15] (10)   2303.89
[20,20]   [60,50,15] (15)   2270.25
[20,20]   [60,50,15] (20)   2255.64
[20,20]   [60,50,15] (25)   1621.35
[20,20]   [60,50,15] (30)   150.31
[20,20]   [60,50,20] (0)   2329.4
[20,20]   [60,50,20] (5)   2293.61
[20,20]   [60,50,20] (10)   2328.14
[20,20]   [60,50,20] (15)   2335.38
[20,20]   [60,50,20] (20)   2213.08
[20,20]   [60,50,20] (25)   2129.47
[20,20]   [60,50,20] (30)   216.236
[20,20]   [60,60,5] (0)   157.592
[20,20]   [60,60,5] (5)   157.51
[20,20]   [60,60,5] (10)   155.64
[20,20]   [60,60,5] (15)   156.465
[20,20]   [60,60,5] (20)   157.628
[20,20]   [60,60,5] (25)   156.41
[20,20]   [60,60,5] (30)   148.805
[20,20]   [60,60,10] (0)   156.752
[20,20]   [60,60,10] (5)   157.452
[20,20]   [60,60,10] (10)   158.634
[20,20]   [60,60,10] (15)   157.977
[20,20]   [60,60,10] (20)   159.646
[20,20]   [60,60,10] (25)   159.25
[20,20]   [60,60,10] (30)   148.466
[20,20]   [60,60,15] (0)   157.064
[20,20]   [60,60,15] (5)   156.654
[20,20]   [60,60,15] (10)   156.841
[20,20]   [60,60,15] (15)   157.238
[20,20]   [60,60,15] (20)   158.144
[20,20]   [60,60,15] (25)   158.467
[20,20]   [60,60,15] (30)   143.572
[20,20]   [60,60,20] (0)   160.872
[20,20]   [60,60,20] (5)   156.124
[20,20]   [60,60,20] (10)   158.495
[20,20]   [60,60,20] (15)   157.377
[20,20]   [60,60,20] (20)   156.603
[20,20]   [60,60,20] (25)   155.139
[20,20]   [60,60,20] (30)   154.418
