[20,10]   [10,10,5] (0)   67.6652
[20,10]   [10,10,5] (5)   43.5198
[20,10]   [10,10,5] (10)   47.127
[20,10]   [10,10,5] (15)   57.5973
[20,10]   [10,10,5] (20)   68.2659
[20,10]   [10,10,5] (25)   79.1504
[20,10]   [10,10,5] (30)   89.8226
[20,10]   [10,10,10] (0)   63.4189
[20,10]   [10,10,10] (5)   54.586
[20,10]   [10,10,10] (10)   61.4002
[20,10]   [10,10,10] (15)   70.2066
[20,10]   [10,10,10] (20)   78.9285
[20,10]   [10,10,10] (25)   87.6784
[20,10]   [10,10,10] (30)   96.617
[20,10]   [10,10,15] (0)   66.7434
[20,10]   [10,10,15] (5)   52.8952
[20,10]   [10,10,15] (10)   59.7564
[20,10]   [10,10,15] (15)   69.2191
[20,10]   [10,10,15] (20)   78.7217
[20,10]   [10,10,15] (25)   88.068
[20,10]   [10,10,15] (30)   97.6582
[20,10]   [10,10,20] (0)   62.4375
[20,10]   [10,10,20] (5)   61.4651
[20,10]   [10,10,20] (10)   69.2765
[20,10]   [10,10,20] (15)   77.9754
[20,10]   [10,10,20] (20)   86.4164
[20,10]   [10,10,20] (25)   95.232
[20,10]   [10,10,20] (30)   104.205
[20,10]   [10,20,5] (0)   4415.59
[20,10]   [10,20,5] (5)   4372.18
[20,10]   [10,20,5] (10)   4371.06
[20,10]   [10,20,5] (15)   4327.32
[20,10]   [10,20,5] (20)   4256.68
[20,10]   [10,20,5] (25)   4874.51
[20,10]   [10,20,5] (30)   2883.51
[20,10]   [10,20,10] (0)   4354.89
[20,10]   [10,20,10] (5)   4327.81
[20,10]   [10,20,10] (10)   4329.03
[20,10]   [10,20,10] (15)   4416.87
[20,10]   [10,20,10] (20)   4907.16
[20,10]   [10,20,10] (25)   7841.33
[20,10]   [10,20,10] (30)   5393.59
[20,10]   [10,20,15] (0)   4244.03
[20,10]   [10,20,15] (5)   4402.94
[20,10]   [10,20,15] (10)   4314.81
[20,10]   [10,20,15] (15)   4423.51
[20,10]   [10,20,15] (20)   4339.5
[20,10]   [10,20,15] (25)   2636.25
[20,10]   [10,20,15] (30)   2710.77
[20,10]   [10,20,20] (0)   4252.05
[20,10]   [10,20,20] (5)   4374.88
[20,10]   [10,20,20] (10)   4413
[20,10]   [10,20,20] (15)   4379.17
[20,10]   [10,20,20] (20)   4445.2
[20,10]   [10,20,20] (25)   4812.03
[20,10]   [10,20,20] (30)   4852.72
[20,10]   [10,30,5] (0)   11967.4
[20,10]   [10,30,5] (5)   12113
[20,10]   [10,30,5] (10)   12098.9
[20,10]   [10,30,5] (15)   11990.8
[20,10]   [10,30,5] (20)   12069.5
[20,10]   [10,30,5] (25)   12041.1
[20,10]   [10,30,5] (30)   9626.63
[20,10]   [10,30,10] (0)   12080.2
[20,10]   [10,30,10] (5)   12104
[20,10]   [10,30,10] (10)   12048
[20,10]   [10,30,10] (15)   11983.4
[20,10]   [10,30,10] (20)   12034.4
[20,10]   [10,30,10] (25)   12103.8
[20,10]   [10,30,10] (30)   12055.1
[20,10]   [10,30,15] (0)   12029.1
[20,10]   [10,30,15] (5)   12118
[20,10]   [10,30,15] (10)   11976.3
[20,10]   [10,30,15] (15)   12063.6
[20,10]   [10,30,15] (20)   11934.2
[20,10]   [10,30,15] (25)   11567.8
[20,10]   [10,30,15] (30)   9409.5
[20,10]   [10,30,20] (0)   11970.9
[20,10]   [10,30,20] (5)   12066.5
[20,10]   [10,30,20] (10)   12058
[20,10]   [10,30,20] (15)   11975.9
[20,10]   [10,30,20] (20)   11899.8
[20,10]   [10,30,20] (25)   11988.5
[20,10]   [10,30,20] (30)   12002.8
[20,10]   [10,40,5] (0)   16215.8
[20,10]   [10,40,5] (5)   16199.8
[20,10]   [10,40,5] (10)   16315.1
[20,10]   [10,40,5] (15)   16109.9
[20,10]   [10,40,5] (20)   16101.5
[20,10]   [10,40,5] (25)   16264.6
[20,10]   [10,40,5] (30)   16198.4
[20,10]   [10,40,10] (0)   16183.4
[20,10]   [10,40,10] (5)   16283.6
[20,10]   [10,40,10] (10)   16149.9
[20,10]   [10,40,10] (15)   16186.8
[20,10]   [10,40,10] (20)   16137.3
[20,10]   [10,40,10] (25)   16151.4
[20,10]   [10,40,10] (30)   16288.8
[20,10]   [10,40,15] (0)   16334.4
[20,10]   [10,40,15] (5)   16149.4
[20,10]   [10,40,15] (10)   16115.4
[20,10]   [10,40,15] (15)   16185.8
[20,10]   [10,40,15] (20)   16149.4
[20,10]   [10,40,15] (25)   16224.5
[20,10]   [10,40,15] (30)   16163.9
[20,10]   [10,40,20] (0)   16140.2
[20,10]   [10,40,20] (5)   16324.3
[20,10]   [10,40,20] (10)   16029.3
[20,10]   [10,40,20] (15)   16242.1
[20,10]   [10,40,20] (20)   16112
[20,10]   [10,40,20] (25)   16371.7
[20,10]   [10,40,20] (30)   16178.9
[20,10]   [10,50,5] (0)   17831.8
[20,10]   [10,50,5] (5)   17597.6
[20,10]   [10,50,5] (10)   17739.3
[20,10]   [10,50,5] (15)   17600.1
[20,10]   [10,50,5] (20)   17669.3
[20,10]   [10,50,5] (25)   17833
[20,10]   [10,50,5] (30)   17758.8
[20,10]   [10,50,10] (0)   17691.2
[20,10]   [10,50,10] (5)   17410.1
[20,10]   [10,50,10] (10)   17562
[20,10]   [10,50,10] (15)   17709.2
[20,10]   [10,50,10] (20)   17731.2
[20,10]   [10,50,10] (25)   17758.9
[20,10]   [10,50,10] (30)   17658.9
[20,10]   [10,50,15] (0)   17709.9
[20,10]   [10,50,15] (5)   17712
[20,10]   [10,50,15] (10)   17577.2
[20,10]   [10,50,15] (15)   17752.6
[20,10]   [10,50,15] (20)   17649.6
[20,10]   [10,50,15] (25)   17718.5
[20,10]   [10,50,15] (30)   17735.7
[20,10]   [10,50,20] (0)   17680.5
[20,10]   [10,50,20] (5)   17592.6
[20,10]   [10,50,20] (10)   17574.8
[20,10]   [10,50,20] (15)   17664.9
[20,10]   [10,50,20] (20)   17585.3
[20,10]   [10,50,20] (25)   17707.3
[20,10]   [10,50,20] (30)   17712.6
[20,10]   [10,60,5] (0)   21327.1
[20,10]   [10,60,5] (5)   21299.7
[20,10]   [10,60,5] (10)   21345
[20,10]   [10,60,5] (15)   21380.4
[20,10]   [10,60,5] (20)   21317.7
[20,10]   [10,60,5] (25)   21347.9
[20,10]   [10,60,5] (30)   21324
[20,10]   [10,60,10] (0)   21359.5
[20,10]   [10,60,10] (5)   21418.3
[20,10]   [10,60,10] (10)   21368.2
[20,10]   [10,60,10] (15)   21327.5
[20,10]   [10,60,10] (20)   21368.4
[20,10]   [10,60,10] (25)   21340.3
[20,10]   [10,60,10] (30)   21317.3
[20,10]   [10,60,15] (0)   21348
[20,10]   [10,60,15] (5)   21353.4
[20,10]   [10,60,15] (10)   21339.6
[20,10]   [10,60,15] (15)   21263.5
[20,10]   [10,60,15] (20)   21264.3
[20,10]   [10,60,15] (25)   21369.8
[20,10]   [10,60,15] (30)   21355.6
[20,10]   [10,60,20] (0)   21260
[20,10]   [10,60,20] (5)   21346.8
[20,10]   [10,60,20] (10)   21258.6
[20,10]   [10,60,20] (15)   21347.3
[20,10]   [10,60,20] (20)   21339.9
[20,10]   [10,60,20] (25)   21316.2
[20,10]   [10,60,20] (30)   21324.9
[20,10]   [20,10,5] (0)   8188.22
[20,10]   [20,10,5] (5)   313.903
[20,10]   [20,10,5] (10)   46.8881
[20,10]   [20,10,5] (15)   51.6668
[20,10]   [20,10,5] (20)   61.1275
[20,10]   [20,10,5] (25)   72.1051
[20,10]   [20,10,5] (30)   82.5649
[20,10]   [20,10,10] (0)   8278.76
[20,10]   [20,10,10] (5)   1329.42
[20,10]   [20,10,10] (10)   63.2464
[20,10]   [20,10,10] (15)   68.4489
[20,10]   [20,10,10] (20)   76.4568
[20,10]   [20,10,10] (25)   85.1128
[20,10]   [20,10,10] (30)   93.6615
[20,10]   [20,10,15] (0)   8223.4
[20,10]   [20,10,15] (5)   81.7469
[20,10]   [20,10,15] (10)   64.7574
[20,10]   [20,10,15] (15)   69.6862
[20,10]   [20,10,15] (20)   78.003
[20,10]   [20,10,15] (25)   86.9277
[20,10]   [20,10,15] (30)   95.7821
[20,10]   [20,10,20] (0)   8260.21
[20,10]   [20,10,20] (5)   94.2276
[20,10]   [20,10,20] (10)   73.2163
[20,10]   [20,10,20] (15)   78.4467
[20,10]   [20,10,20] (20)   86.8752
[20,10]   [20,10,20] (25)   95.5014
[20,10]   [20,10,20] (30)   103.687
[20,10]   [20,20,5] (0)   80.5625
[20,10]   [20,20,5] (5)   80.5393
[20,10]   [20,20,5] (10)   63.666
[20,10]   [20,20,5] (15)   59.9104
[20,10]   [20,20,5] (20)   67.5679
[20,10]   [20,20,5] (25)   77.0521
[20,10]   [20,20,5] (30)   86.8165
[20,10]   [20,20,10] (0)   81.0053
[20,10]   [20,20,10] (5)   81.3832
[20,10]   [20,20,10] (10)   70.5373
[20,10]   [20,20,10] (15)   75.1265
[20,10]   [20,20,10] (20)   82.9364
[20,10]   [20,20,10] (25)   91.3892
[20,10]   [20,20,10] (30)   99.8737
[20,10]   [20,20,15] (0)   79.5063
[20,10]   [20,20,15] (5)   82.5841
[20,10]   [20,20,15] (10)   67.514
[20,10]   [20,20,15] (15)   71.3645
[20,10]   [20,20,15] (20)   79.5449
[20,10]   [20,20,15] (25)   88.4057
[20,10]   [20,20,15] (30)   97.2313
[20,10]   [20,20,20] (0)   84.0094
[20,10]   [20,20,20] (5)   80.2136
[20,10]   [20,20,20] (10)   74.2369
[20,10]   [20,20,20] (15)   80.5805
[20,10]   [20,20,20] (20)   88.6726
[20,10]   [20,20,20] (25)   96.8237
[20,10]   [20,20,20] (30)   105.207
[20,10]   [20,30,5] (0)   2400.66
[20,10]   [20,30,5] (5)   2378.94
[20,10]   [20,30,5] (10)   2394.65
[20,10]   [20,30,5] (15)   2363.7
[20,10]   [20,30,5] (20)   2405
[20,10]   [20,30,5] (25)   2361.9
[20,10]   [20,30,5] (30)   2036.97
[20,10]   [20,30,10] (0)   2316.14
[20,10]   [20,30,10] (5)   2370.61
[20,10]   [20,30,10] (10)   2466.44
[20,10]   [20,30,10] (15)   2363.5
[20,10]   [20,30,10] (20)   2361.05
[20,10]   [20,30,10] (25)   2410.4
[20,10]   [20,30,10] (30)   2392.08
[20,10]   [20,30,15] (0)   2457.12
[20,10]   [20,30,15] (5)   2353.78
[20,10]   [20,30,15] (10)   2323.02
[20,10]   [20,30,15] (15)   2419.02
[20,10]   [20,30,15] (20)   2328.83
[20,10]   [20,30,15] (25)   2468.65
[20,10]   [20,30,15] (30)   2458.07
[20,10]   [20,30,20] (0)   2362.21
[20,10]   [20,30,20] (5)   2319.12
[20,10]   [20,30,20] (10)   2364.61
[20,10]   [20,30,20] (15)   2421.12
[20,10]   [20,30,20] (20)   2351.8
[20,10]   [20,30,20] (25)   2383.25
[20,10]   [20,30,20] (30)   2433.52
[20,10]   [20,40,5] (0)   9469.18
[20,10]   [20,40,5] (5)   9450.16
[20,10]   [20,40,5] (10)   9521.49
[20,10]   [20,40,5] (15)   9435.65
[20,10]   [20,40,5] (20)   9493.28
[20,10]   [20,40,5] (25)   9542.6
[20,10]   [20,40,5] (30)   9465.7
[20,10]   [20,40,10] (0)   9443.37
[20,10]   [20,40,10] (5)   9420.62
[20,10]   [20,40,10] (10)   9367.91
[20,10]   [20,40,10] (15)   9463.58
[20,10]   [20,40,10] (20)   9314.12
[20,10]   [20,40,10] (25)   9434.66
[20,10]   [20,40,10] (30)   9451.72
[20,10]   [20,40,15] (0)   9515.67
[20,10]   [20,40,15] (5)   9506.29
[20,10]   [20,40,15] (10)   9547.79
[20,10]   [20,40,15] (15)   9501.78
[20,10]   [20,40,15] (20)   9565.26
[20,10]   [20,40,15] (25)   9511.92
[20,10]   [20,40,15] (30)   9561.6
[20,10]   [20,40,20] (0)   9408.7
[20,10]   [20,40,20] (5)   9428.69
[20,10]   [20,40,20] (10)   9527.51
[20,10]   [20,40,20] (15)   9458.58
[20,10]   [20,40,20] (20)   9449.8
[20,10]   [20,40,20] (25)   9463.44
[20,10]   [20,40,20] (30)   9495.89
[20,10]   [20,50,5] (0)   11067.5
[20,10]   [20,50,5] (5)   10892.5
[20,10]   [20,50,5] (10)   11020.7
[20,10]   [20,50,5] (15)   10930.2
[20,10]   [20,50,5] (20)   10930.7
[20,10]   [20,50,5] (25)   11032.6
[20,10]   [20,50,5] (30)   10956.9
[20,10]   [20,50,10] (0)   11071.4
[20,10]   [20,50,10] (5)   11065.5
[20,10]   [20,50,10] (10)   11060.7
[20,10]   [20,50,10] (15)   11089.2
[20,10]   [20,50,10] (20)   10961.4
[20,10]   [20,50,10] (25)   10955
[20,10]   [20,50,10] (30)   10982.7
[20,10]   [20,50,15] (0)   11107.8
[20,10]   [20,50,15] (5)   10949.9
[20,10]   [20,50,15] (10)   10820.4
[20,10]   [20,50,15] (15)   10974.7
[20,10]   [20,50,15] (20)   11069.6
[20,10]   [20,50,15] (25)   11057.6
[20,10]   [20,50,15] (30)   10997
[20,10]   [20,50,20] (0)   11119.8
[20,10]   [20,50,20] (5)   10934.4
[20,10]   [20,50,20] (10)   11066.1
[20,10]   [20,50,20] (15)   10992
[20,10]   [20,50,20] (20)   11049.1
[20,10]   [20,50,20] (25)   11126.3
[20,10]   [20,50,20] (30)   10930.4
[20,10]   [20,60,5] (0)   13843.7
[20,10]   [20,60,5] (5)   13755.3
[20,10]   [20,60,5] (10)   13821.7
[20,10]   [20,60,5] (15)   13660
[20,10]   [20,60,5] (20)   13857.5
[20,10]   [20,60,5] (25)   13906.5
[20,10]   [20,60,5] (30)   13744.2
[20,10]   [20,60,10] (0)   13888.3
[20,10]   [20,60,10] (5)   13726.4
[20,10]   [20,60,10] (10)   13892.2
[20,10]   [20,60,10] (15)   13881
[20,10]   [20,60,10] (20)   13985.4
[20,10]   [20,60,10] (25)   13866.5
[20,10]   [20,60,10] (30)   13912.4
[20,10]   [20,60,15] (0)   13734.9
[20,10]   [20,60,15] (5)   13952.5
[20,10]   [20,60,15] (10)   13884.5
[20,10]   [20,60,15] (15)   13639.8
[20,10]   [20,60,15] (20)   13730.3
[20,10]   [20,60,15] (25)   13919.5
[20,10]   [20,60,15] (30)   13749.2
[20,10]   [20,60,20] (0)   13774.5
[20,10]   [20,60,20] (5)   13926.7
[20,10]   [20,60,20] (10)   13872.1
[20,10]   [20,60,20] (15)   14005.5
[20,10]   [20,60,20] (20)   13985.9
[20,10]   [20,60,20] (25)   13881.5
[20,10]   [20,60,20] (30)   13893
[20,10]   [30,10,5] (0)   10307.5
[20,10]   [30,10,5] (5)   3862.45
[20,10]   [30,10,5] (10)   50.793
[20,10]   [30,10,5] (15)   52.7328
[20,10]   [30,10,5] (20)   58.4851
[20,10]   [30,10,5] (25)   66.682
[20,10]   [30,10,5] (30)   76.8938
[20,10]   [30,10,10] (0)   10144.9
[20,10]   [30,10,10] (5)   5762.15
[20,10]   [30,10,10] (10)   85.529
[20,10]   [30,10,10] (15)   70.1251
[20,10]   [30,10,10] (20)   74.541
[20,10]   [30,10,10] (25)   81.7092
[20,10]   [30,10,10] (30)   89.9454
[20,10]   [30,10,15] (0)   10242
[20,10]   [30,10,15] (5)   1446.26
[20,10]   [30,10,15] (10)   64.442
[20,10]   [30,10,15] (15)   67.0518
[20,10]   [30,10,15] (20)   72.4797
[20,10]   [30,10,15] (25)   79.7941
[20,10]   [30,10,15] (30)   88.754
[20,10]   [30,10,20] (0)   10209.1
[20,10]   [30,10,20] (5)   2245.15
[20,10]   [30,10,20] (10)   68.5833
[20,10]   [30,10,20] (15)   80.8692
[20,10]   [30,10,20] (20)   86.0018
[20,10]   [30,10,20] (25)   93.036
[20,10]   [30,10,20] (30)   101.205
[20,10]   [30,20,5] (0)   3987.05
[20,10]   [30,20,5] (5)   3955.96
[20,10]   [30,20,5] (10)   1092.94
[20,10]   [30,20,5] (15)   62.6971
[20,10]   [30,20,5] (20)   62.1379
[20,10]   [30,20,5] (25)   69.2065
[20,10]   [30,20,5] (30)   78.8416
[20,10]   [30,20,10] (0)   4033.4
[20,10]   [30,20,10] (5)   4026.61
[20,10]   [30,20,10] (10)   1986.91
[20,10]   [30,20,10] (15)   81.634
[20,10]   [30,20,10] (20)   80.9229
[20,10]   [30,20,10] (25)   87.0109
[20,10]   [30,20,10] (30)   95.1554
[20,10]   [30,20,15] (0)   4024.07
[20,10]   [30,20,15] (5)   4023.83
[20,10]   [30,20,15] (10)   143.138
[20,10]   [30,20,15] (15)   72.1129
[20,10]   [30,20,15] (20)   75.5195
[20,10]   [30,20,15] (25)   83.2065
[20,10]   [30,20,15] (30)   91.7377
[20,10]   [30,20,20] (0)   4039.27
[20,10]   [30,20,20] (5)   4083.73
[20,10]   [30,20,20] (10)   621.617
[20,10]   [30,20,20] (15)   82.2071
[20,10]   [30,20,20] (20)   85.8923
[20,10]   [30,20,20] (25)   93.7612
[20,10]   [30,20,20] (30)   101.877
[20,10]   [30,30,5] (0)   99.0142
[20,10]   [30,30,5] (5)   99.8723
[20,10]   [30,30,5] (10)   99.7796
[20,10]   [30,30,5] (15)   87.0398
[20,10]   [30,30,5] (20)   73.9042
[20,10]   [30,30,5] (25)   76.0502
[20,10]   [30,30,5] (30)   85.039
[20,10]   [30,30,10] (0)   100.644
[20,10]   [30,30,10] (5)   98.2576
[20,10]   [30,30,10] (10)   100.295
[20,10]   [30,30,10] (15)   93.3545
[20,10]   [30,30,10] (20)   87.4698
[20,10]   [30,30,10] (25)   92.7988
[20,10]   [30,30,10] (30)   101.168
[20,10]   [30,30,15] (0)   100.559
[20,10]   [30,30,15] (5)   100.301
[20,10]   [30,30,15] (10)   99.6294
[20,10]   [30,30,15] (15)   87.6837
[20,10]   [30,30,15] (20)   88.4396
[20,10]   [30,30,15] (25)   94.724
[20,10]   [30,30,15] (30)   103.071
[20,10]   [30,30,20] (0)   101.13
[20,10]   [30,30,20] (5)   101.841
[20,10]   [30,30,20] (10)   99.6574
[20,10]   [30,30,20] (15)   93.3637
[20,10]   [30,30,20] (20)   93.8579
[20,10]   [30,30,20] (25)   100.91
[20,10]   [30,30,20] (30)   108.711
[20,10]   [30,40,5] (0)   826.553
[20,10]   [30,40,5] (5)   845.312
[20,10]   [30,40,5] (10)   818.773
[20,10]   [30,40,5] (15)   785.655
[20,10]   [30,40,5] (20)   834.724
[20,10]   [30,40,5] (25)   838.534
[20,10]   [30,40,5] (30)   706.268
[20,10]   [30,40,10] (0)   772.787
[20,10]   [30,40,10] (5)   826.938
[20,10]   [30,40,10] (10)   776.36
[20,10]   [30,40,10] (15)   735.012
[20,10]   [30,40,10] (20)   908.988
[20,10]   [30,40,10] (25)   810.482
[20,10]   [30,40,10] (30)   705.223
[20,10]   [30,40,15] (0)   882.755
[20,10]   [30,40,15] (5)   784.125
[20,10]   [30,40,15] (10)   867.754
[20,10]   [30,40,15] (15)   809.144
[20,10]   [30,40,15] (20)   785.04
[20,10]   [30,40,15] (25)   757.121
[20,10]   [30,40,15] (30)   828.329
[20,10]   [30,40,20] (0)   786.731
[20,10]   [30,40,20] (5)   732.838
[20,10]   [30,40,20] (10)   743.299
[20,10]   [30,40,20] (15)   756.394
[20,10]   [30,40,20] (20)   808.545
[20,10]   [30,40,20] (25)   775.242
[20,10]   [30,40,20] (30)   838.843
[20,10]   [30,50,5] (0)   4915.18
[20,10]   [30,50,5] (5)   4845.74
[20,10]   [30,50,5] (10)   4832.5
[20,10]   [30,50,5] (15)   4804.01
[20,10]   [30,50,5] (20)   4881.6
[20,10]   [30,50,5] (25)   4877.08
[20,10]   [30,50,5] (30)   4803.19
[20,10]   [30,50,10] (0)   4839.38
[20,10]   [30,50,10] (5)   4877.18
[20,10]   [30,50,10] (10)   4812.34
[20,10]   [30,50,10] (15)   4814.87
[20,10]   [30,50,10] (20)   4764.5
[20,10]   [30,50,10] (25)   4812.85
[20,10]   [30,50,10] (30)   4801.63
[20,10]   [30,50,15] (0)   4888.75
[20,10]   [30,50,15] (5)   4828.69
[20,10]   [30,50,15] (10)   4762.78
[20,10]   [30,50,15] (15)   4823.77
[20,10]   [30,50,15] (20)   4700.97
[20,10]   [30,50,15] (25)   4715.67
[20,10]   [30,50,15] (30)   4764.78
[20,10]   [30,50,20] (0)   4772.48
[20,10]   [30,50,20] (5)   4851.75
[20,10]   [30,50,20] (10)   4872.41
[20,10]   [30,50,20] (15)   4791.25
[20,10]   [30,50,20] (20)   4777.44
[20,10]   [30,50,20] (25)   4870.09
[20,10]   [30,50,20] (30)   4862.89
[20,10]   [30,60,5] (0)   9452.48
[20,10]   [30,60,5] (5)   9341.77
[20,10]   [30,60,5] (10)   9417.55
[20,10]   [30,60,5] (15)   9329.59
[20,10]   [30,60,5] (20)   9397.8
[20,10]   [30,60,5] (25)   9262.69
[20,10]   [30,60,5] (30)   9386.05
[20,10]   [30,60,10] (0)   9463
[20,10]   [30,60,10] (5)   9394.87
[20,10]   [30,60,10] (10)   9330.04
[20,10]   [30,60,10] (15)   9434.79
[20,10]   [30,60,10] (20)   9452.17
[20,10]   [30,60,10] (25)   9464.42
[20,10]   [30,60,10] (30)   9383.29
[20,10]   [30,60,15] (0)   9435.52
[20,10]   [30,60,15] (5)   9362.2
[20,10]   [30,60,15] (10)   9485.78
[20,10]   [30,60,15] (15)   9197.17
[20,10]   [30,60,15] (20)   9422.33
[20,10]   [30,60,15] (25)   9351.28
[20,10]   [30,60,15] (30)   9307.35
[20,10]   [30,60,20] (0)   9507.58
[20,10]   [30,60,20] (5)   9431.57
[20,10]   [30,60,20] (10)   9506.2
[20,10]   [30,60,20] (15)   9486.68
[20,10]   [30,60,20] (20)   9578.36
[20,10]   [30,60,20] (25)   9349.69
[20,10]   [30,60,20] (30)   9384.54
[20,10]   [40,10,5] (0)   13276.8
[20,10]   [40,10,5] (5)   6877.79
[20,10]   [40,10,5] (10)   63.5205
[20,10]   [40,10,5] (15)   56.0067
[20,10]   [40,10,5] (20)   60.4745
[20,10]   [40,10,5] (25)   66.1225
[20,10]   [40,10,5] (30)   73.1584
[20,10]   [40,10,10] (0)   13253.5
[20,10]   [40,10,10] (5)   8938.63
[20,10]   [40,10,10] (10)   2654.73
[20,10]   [40,10,10] (15)   78.3268
[20,10]   [40,10,10] (20)   77.6506
[20,10]   [40,10,10] (25)   81.407
[20,10]   [40,10,10] (30)   87.3715
[20,10]   [40,10,15] (0)   13457
[20,10]   [40,10,15] (5)   4709.08
[20,10]   [40,10,15] (10)   101.688
[20,10]   [40,10,15] (15)   71.5024
[20,10]   [40,10,15] (20)   74.497
[20,10]   [40,10,15] (25)   79.4665
[20,10]   [40,10,15] (30)   85.9777
[20,10]   [40,10,20] (0)   13201.7
[20,10]   [40,10,20] (5)   5501.64
[20,10]   [40,10,20] (10)   88.4904
[20,10]   [40,10,20] (15)   84.5363
[20,10]   [40,10,20] (20)   85.4162
[20,10]   [40,10,20] (25)   90.2324
[20,10]   [40,10,20] (30)   98.2557
[20,10]   [40,20,5] (0)   6672.03
[20,10]   [40,20,5] (5)   6646.04
[20,10]   [40,20,5] (10)   5080.42
[20,10]   [40,20,5] (15)   70.6658
[20,10]   [40,20,5] (20)   63.6573
[20,10]   [40,20,5] (25)   68.6421
[20,10]   [40,20,5] (30)   75.2633
[20,10]   [40,20,10] (0)   6703.69
[20,10]   [40,20,10] (5)   6720.59
[20,10]   [40,20,10] (10)   6196.81
[20,10]   [40,20,10] (15)   500.505
[20,10]   [40,20,10] (20)   82.5926
[20,10]   [40,20,10] (25)   83.7573
[20,10]   [40,20,10] (30)   90.2815
[20,10]   [40,20,15] (0)   6678.11
[20,10]   [40,20,15] (5)   6782.56
[20,10]   [40,20,15] (10)   2561.38
[20,10]   [40,20,15] (15)   71.4499
[20,10]   [40,20,15] (20)   72.8985
[20,10]   [40,20,15] (25)   76.6512
[20,10]   [40,20,15] (30)   82.9706
[20,10]   [40,20,20] (0)   6684.05
[20,10]   [40,20,20] (5)   6686.23
[20,10]   [40,20,20] (10)   4877.14
[20,10]   [40,20,20] (15)   87.3893
[20,10]   [40,20,20] (20)   85.9745
[20,10]   [40,20,20] (25)   92.2118
[20,10]   [40,20,20] (30)   98.6418
[20,10]   [40,30,5] (0)   3033.13
[20,10]   [40,30,5] (5)   2890.61
[20,10]   [40,30,5] (10)   2787.4
[20,10]   [40,30,5] (15)   1508.55
[20,10]   [40,30,5] (20)   76.4532
[20,10]   [40,30,5] (25)   72.1901
[20,10]   [40,30,5] (30)   77.2503
[20,10]   [40,30,10] (0)   2924.17
[20,10]   [40,30,10] (5)   2916.3
[20,10]   [40,30,10] (10)   2927.62
[20,10]   [40,30,10] (15)   2111.47
[20,10]   [40,30,10] (20)   93.786
[20,10]   [40,30,10] (25)   88.5806
[20,10]   [40,30,10] (30)   93.8379
[20,10]   [40,30,15] (0)   2926.65
[20,10]   [40,30,15] (5)   2921.56
[20,10]   [40,30,15] (10)   2737.51
[20,10]   [40,30,15] (15)   712.449
[20,10]   [40,30,15] (20)   84.4916
[20,10]   [40,30,15] (25)   85.5267
[20,10]   [40,30,15] (30)   91.2203
[20,10]   [40,30,20] (0)   2942.44
[20,10]   [40,30,20] (5)   2947.68
[20,10]   [40,30,20] (10)   2934.12
[20,10]   [40,30,20] (15)   1330.31
[20,10]   [40,30,20] (20)   89.2036
[20,10]   [40,30,20] (25)   92.7497
[20,10]   [40,30,20] (30)   104.103
[20,10]   [40,40,5] (0)   104.816
[20,10]   [40,40,5] (5)   106.783
[20,10]   [40,40,5] (10)   107.708
[20,10]   [40,40,5] (15)   106.642
[20,10]   [40,40,5] (20)   96.4898
[20,10]   [40,40,5] (25)   84.4763
[20,10]   [40,40,5] (30)   82.2397
[20,10]   [40,40,10] (0)   104.869
[20,10]   [40,40,10] (5)   110.341
[20,10]   [40,40,10] (10)   106.36
[20,10]   [40,40,10] (15)   104.867
[20,10]   [40,40,10] (20)   101.435
[20,10]   [40,40,10] (25)   95.0325
[20,10]   [40,40,10] (30)   98.1955
[20,10]   [40,40,15] (0)   107.277
[20,10]   [40,40,15] (5)   108.409
[20,10]   [40,40,15] (10)   105.701
[20,10]   [40,40,15] (15)   105.17
[20,10]   [40,40,15] (20)   98.0186
[20,10]   [40,40,15] (25)   91.3616
[20,10]   [40,40,15] (30)   95.0774
[20,10]   [40,40,20] (0)   106.226
[20,10]   [40,40,20] (5)   106.115
[20,10]   [40,40,20] (10)   105.573
[20,10]   [40,40,20] (15)   106.352
[20,10]   [40,40,20] (20)   101.351
[20,10]   [40,40,20] (25)   99.1649
[20,10]   [40,40,20] (30)   105.062
[20,10]   [40,50,5] (0)   107.353
[20,10]   [40,50,5] (5)   107.745
[20,10]   [40,50,5] (10)   107.509
[20,10]   [40,50,5] (15)   108.529
[20,10]   [40,50,5] (20)   107.217
[20,10]   [40,50,5] (25)   484.312
[20,10]   [40,50,5] (30)   443.277
[20,10]   [40,50,10] (0)   105.127
[20,10]   [40,50,10] (5)   105.066
[20,10]   [40,50,10] (10)   107.283
[20,10]   [40,50,10] (15)   105.328
[20,10]   [40,50,10] (20)   105.006
[20,10]   [40,50,10] (25)   523.106
[20,10]   [40,50,10] (30)   510.185
[20,10]   [40,50,15] (0)   105.815
[20,10]   [40,50,15] (5)   106.656
[20,10]   [40,50,15] (10)   109.268
[20,10]   [40,50,15] (15)   104.535
[20,10]   [40,50,15] (20)   104.156
[20,10]   [40,50,15] (25)   103.31
[20,10]   [40,50,15] (30)   107.005
[20,10]   [40,50,20] (0)   106.825
[20,10]   [40,50,20] (5)   105.66
[20,10]   [40,50,20] (10)   106.123
[20,10]   [40,50,20] (15)   105.651
[20,10]   [40,50,20] (20)   104.003
[20,10]   [40,50,20] (25)   389.526
[20,10]   [40,50,20] (30)   470.344
[20,10]   [40,60,5] (0)   3225.26
[20,10]   [40,60,5] (5)   3226.26
[20,10]   [40,60,5] (10)   3154.14
[20,10]   [40,60,5] (15)   3261.91
[20,10]   [40,60,5] (20)   3194.06
[20,10]   [40,60,5] (25)   3217.73
[20,10]   [40,60,5] (30)   3344.04
[20,10]   [40,60,10] (0)   3258.94
[20,10]   [40,60,10] (5)   3351.79
[20,10]   [40,60,10] (10)   3174.46
[20,10]   [40,60,10] (15)   3229.21
[20,10]   [40,60,10] (20)   3211.83
[20,10]   [40,60,10] (25)   3242.21
[20,10]   [40,60,10] (30)   3238.75
[20,10]   [40,60,15] (0)   3250.35
[20,10]   [40,60,15] (5)   3228.25
[20,10]   [40,60,15] (10)   3282.35
[20,10]   [40,60,15] (15)   3288.49
[20,10]   [40,60,15] (20)   3225.9
[20,10]   [40,60,15] (25)   3282.27
[20,10]   [40,60,15] (30)   3254.1
[20,10]   [40,60,20] (0)   3217.13
[20,10]   [40,60,20] (5)   3182.23
[20,10]   [40,60,20] (10)   3182.28
[20,10]   [40,60,20] (15)   3285.26
[20,10]   [40,60,20] (20)   3328.41
[20,10]   [40,60,20] (25)   3290.15
[20,10]   [40,60,20] (30)   3233.13
[20,10]   [50,10,5] (0)   17598.9
[20,10]   [50,10,5] (5)   9365.82
[20,10]   [50,10,5] (10)   962.067
[20,10]   [50,10,5] (15)   61.3788
[20,10]   [50,10,5] (20)   64.0766
[20,10]   [50,10,5] (25)   69.0671
[20,10]   [50,10,5] (30)   74.628
[20,10]   [50,10,10] (0)   17342.4
[20,10]   [50,10,10] (5)   11109.3
[20,10]   [50,10,10] (10)   5342.39
[20,10]   [50,10,10] (15)   1085.61
[20,10]   [50,10,10] (20)   83.9337
[20,10]   [50,10,10] (25)   85.1269
[20,10]   [50,10,10] (30)   88.7911
[20,10]   [50,10,15] (0)   17185.7
[20,10]   [50,10,15] (5)   8803.76
[20,10]   [50,10,15] (10)   3014.14
[20,10]   [50,10,15] (15)   87.167
[20,10]   [50,10,15] (20)   80.6384
[20,10]   [50,10,15] (25)   84.9082
[20,10]   [50,10,15] (30)   89.0381
[20,10]   [50,10,20] (0)   17607
[20,10]   [50,10,20] (5)   8504.45
[20,10]   [50,10,20] (10)   2216.19
[20,10]   [50,10,20] (15)   428.002
[20,10]   [50,10,20] (20)   90.8626
[20,10]   [50,10,20] (25)   92.1818
[20,10]   [50,10,20] (30)   97.4423
[20,10]   [50,20,5] (0)   9499.48
[20,10]   [50,20,5] (5)   9443.02
[20,10]   [50,20,5] (10)   6449.13
[20,10]   [50,20,5] (15)   195.215
[20,10]   [50,20,5] (20)   68.0786
[20,10]   [50,20,5] (25)   70.8206
[20,10]   [50,20,5] (30)   76.3201
[20,10]   [50,20,10] (0)   9504.38
[20,10]   [50,20,10] (5)   9595.94
[20,10]   [50,20,10] (10)   7603.16
[20,10]   [50,20,10] (15)   2959.03
[20,10]   [50,20,10] (20)   99.9421
[20,10]   [50,20,10] (25)   88.9155
[20,10]   [50,20,10] (30)   91.453
[20,10]   [50,20,15] (0)   9674.52
[20,10]   [50,20,15] (5)   9566.37
[20,10]   [50,20,15] (10)   5503.73
[20,10]   [50,20,15] (15)   322.036
[20,10]   [50,20,15] (20)   84.1384
[20,10]   [50,20,15] (25)   85.1338
[20,10]   [50,20,15] (30)   89.2674
[20,10]   [50,20,20] (0)   9753.43
[20,10]   [50,20,20] (5)   9701.54
[20,10]   [50,20,20] (10)   6343.05
[20,10]   [50,20,20] (15)   112.839
[20,10]   [50,20,20] (20)   95.8157
[20,10]   [50,20,20] (25)   95.2718
[20,10]   [50,20,20] (30)   98.333
[20,10]   [50,30,5] (0)   5490.71
[20,10]   [50,30,5] (5)   5479.64
[20,10]   [50,30,5] (10)   5224
[20,10]   [50,30,5] (15)   3871.64
[20,10]   [50,30,5] (20)   111.937
[20,10]   [50,30,5] (25)   74.7725
[20,10]   [50,30,5] (30)   77.8989
[20,10]   [50,30,10] (0)   5495.8
[20,10]   [50,30,10] (5)   5485.29
[20,10]   [50,30,10] (10)   5446.59
[20,10]   [50,30,10] (15)   4567.51
[20,10]   [50,30,10] (20)   1046.45
[20,10]   [50,30,10] (25)   95.8079
[20,10]   [50,30,10] (30)   93.9773
[20,10]   [50,30,15] (0)   5441.25
[20,10]   [50,30,15] (5)   5430.6
[20,10]   [50,30,15] (10)   5070.04
[20,10]   [50,30,15] (15)   3279.73
[20,10]   [50,30,15] (20)   95.4144
[20,10]   [50,30,15] (25)   88.4852
[20,10]   [50,30,15] (30)   90.8961
[20,10]   [50,30,20] (0)   5424.94
[20,10]   [50,30,20] (5)   5465.66
[20,10]   [50,30,20] (10)   5432.81
[20,10]   [50,30,20] (15)   3870.9
[20,10]   [50,30,20] (20)   108.48
[20,10]   [50,30,20] (25)   97.2908
[20,10]   [50,30,20] (30)   101.034
[20,10]   [50,40,5] (0)   2540.91
[20,10]   [50,40,5] (5)   2493.64
[20,10]   [50,40,5] (10)   2531.54
[20,10]   [50,40,5] (15)   2475.38
[20,10]   [50,40,5] (20)   1344.96
[20,10]   [50,40,5] (25)   94.3912
[20,10]   [50,40,5] (30)   82.342
[20,10]   [50,40,10] (0)   2522.62
[20,10]   [50,40,10] (5)   2549.28
[20,10]   [50,40,10] (10)   2553.55
[20,10]   [50,40,10] (15)   2524.2
[20,10]   [50,40,10] (20)   1932.24
[20,10]   [50,40,10] (25)   120.873
[20,10]   [50,40,10] (30)   99.1088
[20,10]   [50,40,15] (0)   2568.66
[20,10]   [50,40,15] (5)   2525.04
[20,10]   [50,40,15] (10)   2526.22
[20,10]   [50,40,15] (15)   2542.75
[20,10]   [50,40,15] (20)   1228.58
[20,10]   [50,40,15] (25)   99.659
[20,10]   [50,40,15] (30)   96.3047
[20,10]   [50,40,20] (0)   2558.18
[20,10]   [50,40,20] (5)   2517.24
[20,10]   [50,40,20] (10)   2481.44
[20,10]   [50,40,20] (15)   2526.88
[20,10]   [50,40,20] (20)   1727.1
[20,10]   [50,40,20] (25)   105.956
[20,10]   [50,40,20] (30)   103.253
[20,10]   [50,50,5] (0)   115.412
[20,10]   [50,50,5] (5)   118.37
[20,10]   [50,50,5] (10)   114.863
[20,10]   [50,50,5] (15)   116.031
[20,10]   [50,50,5] (20)   110.706
[20,10]   [50,50,5] (25)   107.548
[20,10]   [50,50,5] (30)   97.6113
[20,10]   [50,50,10] (0)   114.937
[20,10]   [50,50,10] (5)   114.814
[20,10]   [50,50,10] (10)   118.775
[20,10]   [50,50,10] (15)   116.458
[20,10]   [50,50,10] (20)   117.764
[20,10]   [50,50,10] (25)   111.809
[20,10]   [50,50,10] (30)   105.007
[20,10]   [50,50,15] (0)   116.515
[20,10]   [50,50,15] (5)   115.753
[20,10]   [50,50,15] (10)   116.701
[20,10]   [50,50,15] (15)   119.051
[20,10]   [50,50,15] (20)   112.086
[20,10]   [50,50,15] (25)   108.344
[20,10]   [50,50,15] (30)   101.481
[20,10]   [50,50,20] (0)   114.08
[20,10]   [50,50,20] (5)   115.347
[20,10]   [50,50,20] (10)   114.66
[20,10]   [50,50,20] (15)   117.002
[20,10]   [50,50,20] (20)   114.503
[20,10]   [50,50,20] (25)   112.398
[20,10]   [50,50,20] (30)   108.029
[20,10]   [50,60,5] (0)   115.754
[20,10]   [50,60,5] (5)   118.379
[20,10]   [50,60,5] (10)   117.355
[20,10]   [50,60,5] (15)   117.384
[20,10]   [50,60,5] (20)   118.394
[20,10]   [50,60,5] (25)   116.849
[20,10]   [50,60,5] (30)   116.04
[20,10]   [50,60,10] (0)   118.043
[20,10]   [50,60,10] (5)   116.414
[20,10]   [50,60,10] (10)   116.318
[20,10]   [50,60,10] (15)   117.022
[20,10]   [50,60,10] (20)   117.708
[20,10]   [50,60,10] (25)   117.463
[20,10]   [50,60,10] (30)   116.596
[20,10]   [50,60,15] (0)   117.575
[20,10]   [50,60,15] (5)   117.304
[20,10]   [50,60,15] (10)   116.064
[20,10]   [50,60,15] (15)   117.205
[20,10]   [50,60,15] (20)   118.113
[20,10]   [50,60,15] (25)   114.379
[20,10]   [50,60,15] (30)   114.335
[20,10]   [50,60,20] (0)   116.949
[20,10]   [50,60,20] (5)   117.885
[20,10]   [50,60,20] (10)   115.671
[20,10]   [50,60,20] (15)   116.171
[20,10]   [50,60,20] (20)   117.063
[20,10]   [50,60,20] (25)   117.342
[20,10]   [50,60,20] (30)   118.299
[20,10]   [60,10,5] (0)   17088.2
[20,10]   [60,10,5] (5)   10767.8
[20,10]   [60,10,5] (10)   2968.17
[20,10]   [60,10,5] (15)   70.1721
[20,10]   [60,10,5] (20)   68.5375
[20,10]   [60,10,5] (25)   72.5792
[20,10]   [60,10,5] (30)   77.3938
[20,10]   [60,10,10] (0)   16599.6
[20,10]   [60,10,10] (5)   12743.9
[20,10]   [60,10,10] (10)   7437.29
[20,10]   [60,10,10] (15)   3206.84
[20,10]   [60,10,10] (20)   182.129
[20,10]   [60,10,10] (25)   90.5626
[20,10]   [60,10,10] (30)   92.6487
[20,10]   [60,10,15] (0)   17283.8
[20,10]   [60,10,15] (5)   8737.89
[20,10]   [60,10,15] (10)   4312.78
[20,10]   [60,10,15] (15)   151.855
[20,10]   [60,10,15] (20)   86.748
[20,10]   [60,10,15] (25)   86.958
[20,10]   [60,10,15] (30)   90.1759
[20,10]   [60,10,20] (0)   16751.7
[20,10]   [60,10,20] (5)   10260.4
[20,10]   [60,10,20] (10)   4562.93
[20,10]   [60,10,20] (15)   3170.67
[20,10]   [60,10,20] (20)   101.562
[20,10]   [60,10,20] (25)   96.2708
[20,10]   [60,10,20] (30)   100.513
[20,10]   [60,20,5] (0)   11389.6
[20,10]   [60,20,5] (5)   11356.5
[20,10]   [60,20,5] (10)   8475.56
[20,10]   [60,20,5] (15)   2416.95
[20,10]   [60,20,5] (20)   74.1175
[20,10]   [60,20,5] (25)   74.649
[20,10]   [60,20,5] (30)   79.4258
[20,10]   [60,20,10] (0)   11211.6
[20,10]   [60,20,10] (5)   11370.6
[20,10]   [60,20,10] (10)   9737.43
[20,10]   [60,20,10] (15)   5392.61
[20,10]   [60,20,10] (20)   1673.1
[20,10]   [60,20,10] (25)   98.3719
[20,10]   [60,20,10] (30)   95.6357
[20,10]   [60,20,15] (0)   11306.5
[20,10]   [60,20,15] (5)   11394.3
[20,10]   [60,20,15] (10)   7217.64
[20,10]   [60,20,15] (15)   2350.39
[20,10]   [60,20,15] (20)   102.409
[20,10]   [60,20,15] (25)   89.7955
[20,10]   [60,20,15] (30)   92.8299
[20,10]   [60,20,20] (0)   11286
[20,10]   [60,20,20] (5)   11430.6
[20,10]   [60,20,20] (10)   8459.09
[20,10]   [60,20,20] (15)   2285.06
[20,10]   [60,20,20] (20)   904.127
[20,10]   [60,20,20] (25)   103.536
[20,10]   [60,20,20] (30)   101.675
[20,10]   [60,30,5] (0)   8230.66
[20,10]   [60,30,5] (5)   8252.66
[20,10]   [60,30,5] (10)   8321.73
[20,10]   [60,30,5] (15)   6401.88
[20,10]   [60,30,5] (20)   1408.16
[20,10]   [60,30,5] (25)   79.9391
[20,10]   [60,30,5] (30)   81.0036
[20,10]   [60,30,10] (0)   8290.48
[20,10]   [60,30,10] (5)   8276.2
[20,10]   [60,30,10] (10)   8282.53
[20,10]   [60,30,10] (15)   7282.89
[20,10]   [60,30,10] (20)   3480.12
[20,10]   [60,30,10] (25)   259.149
[20,10]   [60,30,10] (30)   98.6041
[20,10]   [60,30,15] (0)   8411.28
[20,10]   [60,30,15] (5)   8205.01
[20,10]   [60,30,15] (10)   8267.99
[20,10]   [60,30,15] (15)   6525.9
[20,10]   [60,30,15] (20)   1501.65
[20,10]   [60,30,15] (25)   102.935
[20,10]   [60,30,15] (30)   99.9626
[20,10]   [60,30,20] (0)   8373.58
[20,10]   [60,30,20] (5)   8283.73
[20,10]   [60,30,20] (10)   8140.08
[20,10]   [60,30,20] (15)   6834.25
[20,10]   [60,30,20] (20)   1090.98
[20,10]   [60,30,20] (25)   108.404
[20,10]   [60,30,20] (30)   106.108
[20,10]   [60,40,5] (0)   4351.58
[20,10]   [60,40,5] (5)   4422.11
[20,10]   [60,40,5] (10)   4481.34
[20,10]   [60,40,5] (15)   4300.86
[20,10]   [60,40,5] (20)   3388.1
[20,10]   [60,40,5] (25)   459.168
[20,10]   [60,40,5] (30)   86.6503
[20,10]   [60,40,10] (0)   4399.64
[20,10]   [60,40,10] (5)   4471.69
[20,10]   [60,40,10] (10)   4451.61
[20,10]   [60,40,10] (15)   4439.23
[20,10]   [60,40,10] (20)   4064.4
[20,10]   [60,40,10] (25)   1697.44
[20,10]   [60,40,10] (30)   108.399
[20,10]   [60,40,15] (0)   4397.03
[20,10]   [60,40,15] (5)   4365.26
[20,10]   [60,40,15] (10)   4422.72
[20,10]   [60,40,15] (15)   4394.65
[20,10]   [60,40,15] (20)   3248.58
[20,10]   [60,40,15] (25)   166.831
[20,10]   [60,40,15] (30)   98.7247
[20,10]   [60,40,20] (0)   4394.04
[20,10]   [60,40,20] (5)   4437.73
[20,10]   [60,40,20] (10)   4362.41
[20,10]   [60,40,20] (15)   4432.36
[20,10]   [60,40,20] (20)   3767.87
[20,10]   [60,40,20] (25)   226.783
[20,10]   [60,40,20] (30)   108.458
[20,10]   [60,50,5] (0)   1796.27
[20,10]   [60,50,5] (5)   1864.26
[20,10]   [60,50,5] (10)   1859.44
[20,10]   [60,50,5] (15)   1804.83
[20,10]   [60,50,5] (20)   1712.39
[20,10]   [60,50,5] (25)   1230.84
[20,10]   [60,50,5] (30)   119.047
[20,10]   [60,50,10] (0)   1871.15
[20,10]   [60,50,10] (5)   1825.96
[20,10]   [60,50,10] (10)   1812.68
[20,10]   [60,50,10] (15)   1824.48
[20,10]   [60,50,10] (20)   1849.37
[20,10]   [60,50,10] (25)   1731.28
[20,10]   [60,50,10] (30)   261.939
[20,10]   [60,50,15] (0)   1893.41
[20,10]   [60,50,15] (5)   1771.5
[20,10]   [60,50,15] (10)   1856.33
[20,10]   [60,50,15] (15)   1780.78
[20,10]   [60,50,15] (20)   1822.38
[20,10]   [60,50,15] (25)   1096.84
[20,10]   [60,50,15] (30)   112.547
[20,10]   [60,50,20] (0)   1826.53
[20,10]   [60,50,20] (5)   1844.56
[20,10]   [60,50,20] (10)   1892.01
[20,10]   [60,50,20] (15)   1875.81
[20,10]   [60,50,20] (20)   1887.56
[20,10]   [60,50,20] (25)   1528.1
[20,10]   [60,50,20] (30)   124.399
[20,10]   [60,60,5] (0)   126.039
[20,10]   [60,60,5] (5)   129.33
[20,10]   [60,60,5] (10)   129.152
[20,10]   [60,60,5] (15)   128.073
[20,10]   [60,60,5] (20)   126.462
[20,10]   [60,60,5] (25)   127.522
[20,10]   [60,60,5] (30)   118.221
[20,10]   [60,60,10] (0)   129.788
[20,10]   [60,60,10] (5)   126.848
[20,10]   [60,60,10] (10)   128.2
[20,10]   [60,60,10] (15)   124.159
[20,10]   [60,60,10] (20)   129.454
[20,10]   [60,60,10] (25)   128.077
[20,10]   [60,60,10] (30)   129.375
[20,10]   [60,60,15] (0)   126.287
[20,10]   [60,60,15] (5)   127.325
[20,10]   [60,60,15] (10)   125.255
[20,10]   [60,60,15] (15)   126.984
[20,10]   [60,60,15] (20)   125.836
[20,10]   [60,60,15] (25)   126.379
[20,10]   [60,60,15] (30)   123.52
[20,10]   [60,60,20] (0)   127.054
[20,10]   [60,60,20] (5)   126.198
[20,10]   [60,60,20] (10)   126.445
[20,10]   [60,60,20] (15)   129.52
[20,10]   [60,60,20] (20)   125.591
[20,10]   [60,60,20] (25)   127.329
[20,10]   [60,60,20] (30)   124.119
